0.000000000000000000e+00 9.486982926288898277e-01
1.501501501501501523e-01 8.531780906932667774e-01
3.003003003003003046e-01 6.743804763058703911e-01
4.504504504504504570e-01 5.082906995835621000e-01
6.006006006006006093e-01 4.196119180404181970e-01
7.507507507507507061e-01 4.079780277359049134e-01
9.009009009009009139e-01 3.973836683103171286e-01
1.051051051051051122e+00 3.802648918420030166e-01
1.201201201201201219e+00 3.579757542619190769e-01
1.351351351351351315e+00 3.800280336342176657e-01
1.501501501501501412e+00 4.440666336402705472e-01
1.651651651651651731e+00 5.207108784094989229e-01
1.801801801801801828e+00 5.993471768709788261e-01
1.951951951951951925e+00 6.174561085198488897e-01
2.102102102102102243e+00 6.000830170475774938e-01
2.252252252252252340e+00 5.961734630345569830e-01
2.402402402402402437e+00 6.047338547636285089e-01
2.552552552552552534e+00 5.887631165448206083e-01
2.702702702702702631e+00 4.571264718603098576e-01
2.852852852852852727e+00 3.534093106327687028e-01
3.003003003003002824e+00 3.198697213960279284e-01
3.153153153153153365e+00 3.067475596505585544e-01
3.303303303303303462e+00 3.025982429640111659e-01
3.453453453453453559e+00 2.984770419533668284e-01
3.603603603603603656e+00 2.959066243970624455e-01
3.753753753753753752e+00 2.963272928111004845e-01
3.903903903903903849e+00 2.800524205140177969e-01
4.054054054054054390e+00 3.138892600015174561e-01
4.204204204204204487e+00 3.557156236600131916e-01
4.354354354354354584e+00 3.852808072066395417e-01
4.504504504504504681e+00 3.884858355769950089e-01
4.654654654654654777e+00 4.018242069601054012e-01
4.804804804804804874e+00 4.293719349758080561e-01
4.954954954954954971e+00 4.646831698365725405e-01
5.105105105105105068e+00 3.932183376985796674e-01
5.255255255255255165e+00 2.685804651730233084e-01
5.405405405405405261e+00 2.940725497846520264e-01
5.555555555555555358e+00 3.193633660385343243e-01
5.705705705705705455e+00 2.997737608070707993e-01
5.855855855855855552e+00 3.130259167506469486e-01
6.006006006006005649e+00 3.267155943734884049e-01
6.156156156156156634e+00 3.407719516515635427e-01
6.306306306306306730e+00 3.367674041790118533e-01
6.456456456456456827e+00 2.841063039617117147e-01
6.606606606606606924e+00 3.290085449942833362e-01
6.756756756756757021e+00 3.606777368606698952e-01
6.906906906906907118e+00 3.292211306882038002e-01
7.057057057057057214e+00 3.559686259941861053e-01
7.207207207207207311e+00 3.929948813359035453e-01
7.357357357357357408e+00 4.324387656061318141e-01
7.507507507507507505e+00 4.708827295333000151e-01
7.657657657657657602e+00 3.417047326461297163e-01
7.807807807807807698e+00 2.927729206672911033e-01
7.957957957957957795e+00 3.606424645450725386e-01
8.108108108108108780e+00 3.591716354167311942e-01
8.258258258258258877e+00 3.453914117320006638e-01
8.408408408408408974e+00 3.682184567935589681e-01
8.558558558558559071e+00 3.896436221714227877e-01
8.708708708708709167e+00 4.091213902688406456e-01
8.858858858858859264e+00 3.707293788570678039e-01
9.009009009009009361e+00 3.255625972382463207e-01
9.159159159159159458e+00 3.816051444984821517e-01
9.309309309309309555e+00 4.013917692823615324e-01
9.459459459459459651e+00 3.631563966541877519e-01
9.609609609609609748e+00 3.989972066752598412e-01
9.759759759759759845e+00 4.364062271012287275e-01
9.909909909909909942e+00 4.722588781586938844e-01
1.006006006006006004e+01 4.949707418959308769e-01
1.021021021021021014e+01 3.454269955219355648e-01
1.036036036036036023e+01 3.535509459530455922e-01
1.051051051051051033e+01 4.086717185820686882e-01
1.066066066066066043e+01 3.758089313303072387e-01
1.081081081081081052e+01 3.861926924164858499e-01
1.096096096096096062e+01 4.115194340415375129e-01
1.111111111111111072e+01 4.349667721215816352e-01
1.126126126126126081e+01 4.557537073265383043e-01
1.141141141141141091e+01 3.805864737199322057e-01
1.156156156156156101e+01 3.597730302005611724e-01
1.171171171171171110e+01 4.200105901920428986e-01
1.186186186186186120e+01 4.217055322781522730e-01
1.201201201201201130e+01 4.014633641843589063e-01
1.216216216216216317e+01 4.344703218327094496e-01
1.231231231231231327e+01 4.677194395909897717e-01
1.246246246246246336e+01 4.989886332746105158e-01
1.261261261261261346e+01 4.679338687303581379e-01
1.276276276276276356e+01 3.561184775170796457e-01
1.291291291291291365e+01 3.934948437225141427e-01
1.306306306306306375e+01 4.274478644234063207e-01
1.321321321321321385e+01 3.850417985994973313e-01
1.336336336336336394e+01 4.108428166472879450e-01
1.351351351351351404e+01 4.364086252747084171e-01
1.366366366366366414e+01 4.601553663272820449e-01
1.381381381381381424e+01 4.812109315488373729e-01
1.396396396396396433e+01 3.760602494579269872e-01
1.411411411411411443e+01 3.843872350623384060e-01
1.426426426426426453e+01 4.396480212166347656e-01
1.441441441441441462e+01 4.193501963958936596e-01
1.456456456456456472e+01 4.218767830867418134e-01
1.471471471471471482e+01 4.521796529124642583e-01
1.486486486486486491e+01 4.823317398613046758e-01
1.501501501501501501e+01 5.105974659609178179e-01
1.516516516516516511e+01 4.357015452759988583e-01
1.531531531531531520e+01 3.659106677826867160e-01
1.546546546546546530e+01 4.162775437143867441e-01
1.561561561561561540e+01 4.278785349684401385e-01
1.576576576576576549e+01 3.985348962848028198e-01
1.591591591591591559e+01 4.243990161602090305e-01
1.606606606606606746e+01 4.499285400972370397e-01
1.621621621621621756e+01 4.736433544029245435e-01
1.636636636636636766e+01 4.638571456128377513e-01
1.651651651651651775e+01 3.683683200299590066e-01
1.666666666666666785e+01 4.021361111245501108e-01
1.681681681681681795e+01 4.449693653164834561e-01
1.696696696696696804e+01 4.038340560847458183e-01
1.711711711711711814e+01 4.308436588997943684e-01
1.726726726726726824e+01 4.598365124631895728e-01
1.741741741741741833e+01 4.883178246068190509e-01
1.756756756756756843e+01 5.148060090182822179e-01
1.771771771771771853e+01 4.029588854817652832e-01
1.786786786786786863e+01 3.754717185486001751e-01
1.801801801801801872e+01 4.279446882559336252e-01
1.816816816816816882e+01 4.168267887046895326e-01
1.831831831831831892e+01 4.069779577743923848e-01
1.846846846846846901e+01 4.330803260451678849e-01
1.861861861861861911e+01 4.586950885833261937e-01
1.876876876876876921e+01 4.823787255919451122e-01
1.891891891891891930e+01 4.315707154593835249e-01
1.906906906906906940e+01 3.648493053677331899e-01
1.921921921921921950e+01 4.156489783236018143e-01
1.936936936936936959e+01 4.401184522586950032e-01
1.951951951951951969e+01 4.088076966140318236e-01
1.966966966966966979e+01 4.358479836917046879e-01
1.981981981981981988e+01 4.642642216850664250e-01
1.996996996996996998e+01 4.918282293857087484e-01
2.012012012012012008e+01 5.002182395269074711e-01
2.027027027027027017e+01 3.771212698231706240e-01
2.042042042042042027e+01 3.879873035107209156e-01
2.057057057057057037e+01 4.330396824062369143e-01
2.072072072072072046e+01 3.985094715351433781e-01
2.087087087087087056e+01 4.142313886902038167e-01
2.102102102102102066e+01 4.405795191587851822e-01
2.117117117117117076e+01 4.662154763996471107e-01
2.132132132132132085e+01 4.897946950146451206e-01
2.147147147147147095e+01 4.014380825330960967e-01
2.162162162162162105e+01 3.706644866342975742e-01
2.177177177177177114e+01 4.274502934516818953e-01
2.192192192192192124e+01 4.291657396089331167e-01
2.207207207207207134e+01 4.133326083375442606e-01
2.222222222222222143e+01 4.406864708704731348e-01
2.237237237237237153e+01 4.686888311634238580e-01
2.252252252252252163e+01 4.954807642043507210e-01
2.267267267267267172e+01 4.591238214219246494e-01
2.282282282282282182e+01 3.653390688413498677e-01
2.297297297297297192e+01 4.038381746403255090e-01
2.312312312312312201e+01 4.335683055644325989e-01
2.327327327327327211e+01 3.959031813093692453e-01
2.342342342342342221e+01 4.216440358020117074e-01
2.357357357357357230e+01 4.482109745961670999e-01
2.372372372372372240e+01 4.736986411803322805e-01
2.387387387387387250e+01 4.969632269969684324e-01
2.402402402402402259e+01 3.789903559254128029e-01
2.417417417417417624e+01 3.838453836974932143e-01
2.432432432432432634e+01 4.359003865296726676e-01
2.447447447447447644e+01 4.133112279402728073e-01
2.462462462462462653e+01 4.185786794570550140e-01
2.477477477477477663e+01 4.462891088429941644e-01
2.492492492492492673e+01 4.739112560233628146e-01
2.507507507507507682e+01 4.998834121014846255e-01
2.522522522522522692e+01 4.220767890280488488e-01
2.537537537537537702e+01 3.660785671800423358e-01
2.552552552552552712e+01 4.183591813949936178e-01
2.567567567567567721e+01 4.277986838299286387e-01
2.582582582582582731e+01 4.028418828019934561e-01
2.597597597597597741e+01 4.292809598370234681e-01
2.612612612612612750e+01 4.560006426468055651e-01
2.627627627627627760e+01 4.812474807729037463e-01
2.642642642642642770e+01 4.637859642194295251e-01
2.657657657657657779e+01 3.654086175457108010e-01
2.672672672672672789e+01 3.989899786023687334e-01
2.687687687687687799e+01 4.379169795742987592e-01
2.702702702702702808e+01 3.984913511886652993e-01
2.717717717717717818e+01 4.245829246713700433e-01
2.732732732732732828e+01 4.524262868383388536e-01
2.747747747747747837e+01 4.796463227136432694e-01
2.762762762762762847e+01 5.048162543315078965e-01
2.777777777777777857e+01 3.909050536779544172e-01
2.792792792792792866e+01 3.753336357655094324e-01
2.807807807807807876e+01 4.287031795827442870e-01
2.822822822822822886e+01 4.148950778955312613e-01
2.837837837837837895e+01 4.102019312821542085e-01
2.852852852852852905e+01 4.370128544650535019e-01
2.867867867867867915e+01 4.636778396966310667e-01
2.882882882882882924e+01 4.885978106945060295e-01
2.897897897897897934e+01 4.287675552967739057e-01
2.912912912912912944e+01 3.631998969215515793e-01
2.927927927927927954e+01 4.143174080335966236e-01
2.942942942942942963e+01 4.337969391101643146e-01
2.957957957957957973e+01 4.044680683513365294e-01
2.972972972972972983e+01 4.311830023353945829e-01
2.987987987987987992e+01 4.588770728045531988e-01
3.003003003003003002e+01 4.855495002788564052e-01
3.018018018018018012e+01 4.858289747044498008e-01
3.033033033033033021e+01 3.712317960312712106e-01
3.048048048048048031e+01 3.908850254710085070e-01
3.063063063063063041e+01 4.347965780408636904e-01
3.078078078078078050e+01 3.967191262688260500e-01
3.093093093093093060e+01 4.177539659301313102e-01
3.108108108108108070e+01 4.447679301732880841e-01
3.123123123123123079e+01 4.711629508696750235e-01
3.138138138138138089e+01 4.955910942334595948e-01
3.153153153153153099e+01 3.992510712607217904e-01
3.168168168168168108e+01 3.718143915016773882e-01
3.183183183183183118e+01 4.276193737004367890e-01
3.198198198198198128e+01 4.241988789952462757e-01
3.213213213213213493e+01 4.108299858110293079e-01
3.228228228228228147e+01 4.380501961305532932e-01
3.243243243243243512e+01 4.654982770927527103e-01
3.258258258258258167e+01 4.914980728117339104e-01
3.273273273273273531e+01 4.485283214271888474e-01
3.288288288288288186e+01 3.640950138054372398e-01
3.303303303303303551e+01 4.074903918044667783e-01
3.318318318318318205e+01 4.347626909750204049e-01
3.333333333333333570e+01 3.989489548066823543e-01
3.348348348348348225e+01 4.252058233518017927e-01
3.363363363363363590e+01 4.523652099766205525e-01
3.378378378378378244e+01 4.784255034813562069e-01
3.393393393393393609e+01 4.969546940545080949e-01
3.408408408408408263e+01 3.767292310953789247e-01
3.423423423423423628e+01 3.853992170157897190e-01
3.438438438438438283e+01 4.351405806638569684e-01
3.453453453453453648e+01 4.078489279221604313e-01
3.468468468468468302e+01 4.173942218008885874e-01
3.483483483483483667e+01 4.449054637088032949e-01
3.498498498498498321e+01 4.720870191198657806e-01
3.513513513513513686e+01 4.974155583659231050e-01
3.528528528528528341e+01 4.133454235282089662e-01
3.543543543543543706e+01 3.668108451311066220e-01
3.558558558558558360e+01 4.210452470985961981e-01
3.573573573573573725e+01 4.270486055653002766e-01
3.588588588588588379e+01 4.058394768289599885e-01
3.603603603603603744e+01 4.325841295995524471e-01
3.618618618618618399e+01 4.597151077172559330e-01
3.633633633633633764e+01 4.854062356945666457e-01
3.648648648648648418e+01 4.595924047410440139e-01
3.663663663663663783e+01 3.642493024816190750e-01
3.678678678678678438e+01 4.010460535594698173e-01
3.693693693693693803e+01 4.363591714456496740e-01
3.708708708708708457e+01 3.982079601485393749e-01
3.723723723723723822e+01 4.242566454504556606e-01
3.738738738738738476e+01 4.517737705980733320e-01
3.753753753753753841e+01 4.785546154528156904e-01
3.768768768768768496e+01 5.032146007763224071e-01
3.783783783783783861e+01 3.856419815099086379e-01
3.798798798798798515e+01 3.784158335610559587e-01
3.813813813813813880e+01 4.312260845444398361e-01
3.828828828828828534e+01 4.132294757533001017e-01
3.843843843843843899e+01 4.129732704541613786e-01
3.858858858858859264e+01 4.400095256433551594e-01
3.873873873873873919e+01 4.668951552863907506e-01
3.888888888888889284e+01 4.920831744608223368e-01
3.903903903903903938e+01 4.251061079345785365e-01
3.918918918918919303e+01 3.646608570301599905e-01
3.933933933933933957e+01 4.169443613239135482e-01
3.948948948948949322e+01 4.321679070089846086e-01
3.963963963963963977e+01 4.045851668747715291e-01
3.978978978978979342e+01 4.313079049268475074e-01
3.993993993993993996e+01 4.587079090689991645e-01
4.009009009009009361e+01 4.849376750934984437e-01
4.024024024024024015e+01 4.779106228356554409e-01
4.039039039039039380e+01 3.692811893664663114e-01
4.054054054054054035e+01 3.946635351501627254e-01
4.069069069069069400e+01 4.363962960185701623e-01
4.084084084084084054e+01 3.943932315405491162e-01
4.099099099099099419e+01 4.201254603838586177e-01
4.114114114114114074e+01 4.473962851996204915e-01
4.129129129129129439e+01 4.739613074774630119e-01
4.144144144144144093e+01 4.985162111622588044e-01
4.159159159159159458e+01 3.955814378243877050e-01
4.174174174174174112e+01 3.737602784935648570e-01
4.189189189189189477e+01 4.288616353266095360e-01
4.204204204204204132e+01 4.212509561025031823e-01
4.219219219219219497e+01 4.111336194493327434e-01
4.234234234234234151e+01 4.383339230347186866e-01
4.249249249249249516e+01 4.655927180355279305e-01
4.264264264264264170e+01 4.912463705263444558e-01
4.279279279279279535e+01 4.406055251121438476e-01
4.294294294294294190e+01 3.633938182404624073e-01
4.309309309309309555e+01 4.100991584184559002e-01
4.324324324324324209e+01 4.341427219561257433e-01
4.339339339339339574e+01 4.008716837732797522e-01
4.354354354354354228e+01 4.272786280559514593e-01
4.369369369369369593e+01 4.546200037891132695e-01
4.384384384384384248e+01 4.808435246075697389e-01
4.399399399399399613e+01 4.911172508904247946e-01
4.414414414414414267e+01 3.735139072839067653e-01
4.429429429429429632e+01 3.874952598537660942e-01
4.444444444444444287e+01 4.349753737296046530e-01
4.459459459459459651e+01 4.033342326470130135e-01
4.474474474474474306e+01 4.179778713494411990e-01
4.489489489489489671e+01 4.453482155725839164e-01
4.504504504504504325e+01 4.723316457931792112e-01
4.519519519519519690e+01 4.974078132541396857e-01
4.534534534534534345e+01 4.069482182084831479e-01
4.549549549549549710e+01 3.683163657297645610e-01
4.564564564564564364e+01 4.234602747397531175e-01
4.579579579579579729e+01 4.252719097044168062e-01
4.594594594594594383e+01 4.077073051988007735e-01
4.609609609609609748e+01 4.345426686205332567e-01
4.624624624624624403e+01 4.617183051204536426e-01
4.639639639639639768e+01 4.874798978071815947e-01
4.654654654654654422e+01 4.542092896697174087e-01
4.669669669669669787e+01 3.639423425862203243e-01
4.684684684684684441e+01 4.041492288845371927e-01
4.699699699699699806e+01 4.360181271995323127e-01
4.714714714714714461e+01 3.988892633450250580e-01
4.729729729729729826e+01 4.250524017932165721e-01
4.744744744744744480e+01 4.524285606759622103e-01
4.759759759759759845e+01 4.789602819735293560e-01
4.774774774774774500e+01 5.033624587286263941e-01
4.789789789789789864e+01 3.821816200498934779e-01
4.804804804804804519e+01 3.817094226444862626e-01
4.819819819819819884e+01 4.333015160078848571e-01
4.834834834834835249e+01 4.109997226333277909e-01
4.849849849849849903e+01 4.146590412023198335e-01
4.864864864864865268e+01 4.418509400662669062e-01
4.879879879879879923e+01 4.687584078294508849e-01
4.894894894894895288e+01 4.939152616012736363e-01
4.909909909909909942e+01 4.202053390268038480e-01
4.924924924924925307e+01 3.659600914584840714e-01
4.939939939939939961e+01 4.193141293261505864e-01
4.954954954954955326e+01 4.307411344580128199e-01
4.969969969969969981e+01 4.053203401192060906e-01
4.984984984984985346e+01 4.321509618319625545e-01
5.000000000000000000e+01 4.594966448528876035e-01
5.015015015015015365e+01 4.855227573735981239e-01
5.030030030030030019e+01 4.706144105603481953e-01
5.045045045045045384e+01 3.670869258796362056e-01
5.060060060060060039e+01 3.973342104359589011e-01
5.075075075075075404e+01 4.365000315315909485e-01
5.090090090090090058e+01 3.957819609364774394e-01
5.105105105105105423e+01 4.216556140185705459e-01
5.120120120120120077e+01 4.490478927332356429e-01
5.135135135135135442e+01 4.756707160249974975e-01
5.150150150150150097e+01 5.001900411427105952e-01
5.165165165165165462e+01 3.906693580476981453e-01
5.180180180180180116e+01 3.753603303074517505e-01
5.195195195195195481e+01 4.297170530436408287e-01
5.210210210210210136e+01 4.179291039101767358e-01
5.225225225225225500e+01 4.120551690591267024e-01
5.240240240240240155e+01 4.392250853238038877e-01
5.255255255255255520e+01 4.664105219973538885e-01
5.270270270270270174e+01 4.919298837370155719e-01
5.285285285285285539e+01 4.334851821190305321e-01
5.300300300300300194e+01 3.631251510449231557e-01
5.315315315315315559e+01 4.125807822991313656e-01
5.330330330330330213e+01 4.328441287898400769e-01
5.345345345345345578e+01 4.023436392735034728e-01
5.360360360360360232e+01 4.288095233016768759e-01
5.375375375375375597e+01 4.561441602019608577e-01
5.390390390390390252e+01 4.823697962491034774e-01
5.405405405405405617e+01 4.847955829123671290e-01
5.420420420420420271e+01 3.710800054549668325e-01
5.435435435435435636e+01 3.904901758430339709e-01
5.450450450450450290e+01 4.355954968819946149e-01
5.465465465465465655e+01 3.993993624740247439e-01
5.480480480480480310e+01 4.190730452074084567e-01
5.495495495495495675e+01 4.463736109182633305e-01
5.510510510510510329e+01 4.732001686166145693e-01
5.525525525525525694e+01 4.981178576065200536e-01
5.540540540540540349e+01 4.021581065858013670e-01
5.555555555555555713e+01 3.707724711513933902e-01
5.570570570570570368e+01 4.261248546365168366e-01
5.585585585585585733e+01 4.236362838923780072e-01
5.600600600600600387e+01 4.091174237359509469e-01
5.615615615615615752e+01 4.360804474834147904e-01
5.630630630630630407e+01 4.632215691999670426e-01
5.645645645645645772e+01 4.888929285730512220e-01
5.660660660660660426e+01 4.486326606749517776e-01
5.675675675675675791e+01 3.640486203572088075e-01
5.690690690690690445e+01 4.072633371945671987e-01
5.705705705705705810e+01 4.358852859851226058e-01
5.720720720720720465e+01 3.998187590018421611e-01
5.735735735735735830e+01 4.261623748674787659e-01
5.750750750750750484e+01 4.535427730156220139e-01
5.765765765765765849e+01 4.799283104630663876e-01
5.780780780780781214e+01 5.013734580809344754e-01
5.795795795795795868e+01 3.786897835551572000e-01
5.810810810810811233e+01 3.843663294318909740e-01
5.825825825825825888e+01 4.343782074973551732e-01
5.840840840840841253e+01 4.080654302594031169e-01
5.855855855855855907e+01 4.159675860868563002e-01
5.870870870870871272e+01 4.432799414707279118e-01
5.885885885885885926e+01 4.702084391401776253e-01
5.900900900900901291e+01 4.952780739927722387e-01
5.915915915915915946e+01 4.142780508769093872e-01
5.930930930930931311e+01 3.666777237189455252e-01
5.945945945945945965e+01 4.209954911984016279e-01
5.960960960960961330e+01 4.285857000765179725e-01
5.975975975975975985e+01 4.063664530573251610e-01
5.990990990990991349e+01 4.332329740627204329e-01
6.006006006006006004e+01 4.605695423705105096e-01
6.021021021021021369e+01 4.865118934634342640e-01
6.036036036036036023e+01 4.631898462418699292e-01
6.051051051051051388e+01 3.649322523096967807e-01
6.066066066066066043e+01 3.997865704463180458e-01
6.081081081081081408e+01 4.359375607639771055e-01
6.096096096096096062e+01 3.970760258398554621e-01
6.111111111111111427e+01 4.230130747984559014e-01
6.126126126126126081e+01 4.503969442674723433e-01
6.141141141141141446e+01 4.770073426698157593e-01
6.156156156156156101e+01 5.014758761391290287e-01
6.171171171171171466e+01 3.862547484420953969e-01
6.186186186186186120e+01 3.776545668071433770e-01
6.201201201201201485e+01 4.310436768583233436e-01
6.216216216216216139e+01 4.147305796869028560e-01
6.231231231231231504e+01 4.132582417403851682e-01
6.246246246246246159e+01 4.403929510705967831e-01
6.261261261261261524e+01 4.674695817824990884e-01
6.276276276276276178e+01 4.928804501132269533e-01
6.291291291291291543e+01 4.275996048289354978e-01
6.306306306306306197e+01 3.641416837609874890e-01
6.321321321321321562e+01 4.156382717920650283e-01
6.336336336336336217e+01 4.319438292043671912e-01
6.351351351351351582e+01 4.036382699822708697e-01
6.366366366366366236e+01 4.302293286439724529e-01
6.381381381381381601e+01 4.575116620488479668e-01
6.396396396396396256e+01 4.836326816102910486e-01
6.411411411411411621e+01 4.789137249439846533e-01
6.426426426426426985e+01 3.695678486282052977e-01
6.441441441441440929e+01 3.938770925295344005e-01
6.456456456456456294e+01 4.365467360806988828e-01
6.471471471471471659e+01 3.959278864133181086e-01
6.486486486486487024e+01 4.202692247703569972e-01
6.501501501501500968e+01 4.476052172695391129e-01
6.516516516516516333e+01 4.743128746208047364e-01
6.531531531531531698e+01 4.990584465105958323e-01
6.546546546546547063e+01 3.976014924616416701e-01
6.561561561561561007e+01 3.730678182589709513e-01
6.576576576576576372e+01 4.281632056353435467e-01
6.591591591591591737e+01 4.216843841780252289e-01
6.606606606606607102e+01 4.103195505215841421e-01
6.621621621621621046e+01 4.374239953379239765e-01
6.636636636636636410e+01 4.645751885527290015e-01
6.651651651651651775e+01 4.901377696880168666e-01
6.666666666666667140e+01 4.422486629704037164e-01
6.681681681681681084e+01 3.635757540714741887e-01
6.696696696696696449e+01 4.095985306620149591e-01
6.711711711711711814e+01 4.349013097924489535e-01
6.726726726726727179e+01 4.008625094101760378e-01
6.741741741741742544e+01 4.273026202596658663e-01
6.756756756756756488e+01 4.547218180238905005e-01
6.771771771771771853e+01 4.810522640019262997e-01
6.786786786786787218e+01 4.940994029841945245e-01
6.801801801801802583e+01 3.748185088232893758e-01
6.816816816816816527e+01 3.865736013461684162e-01
6.831831831831831892e+01 4.346547809503329418e-01
6.846846846846847257e+01 4.042988936399475319e-01
6.861861861861862621e+01 4.172240329712441631e-01
6.876876876876876565e+01 4.445499728077054735e-01
6.891891891891891930e+01 4.714736490646708744e-01
6.906906906906907295e+01 4.964814851985064337e-01
6.921921921921922660e+01 4.083045902357541057e-01
6.936936936936936604e+01 3.677609315104179988e-01
6.951951951951951969e+01 4.228570293635398603e-01
6.966966966966967334e+01 4.261709733475273487e-01
6.981981981981982699e+01 4.075467023533843602e-01
6.996996996996996643e+01 4.344170072446562614e-01
7.012012012012012008e+01 4.616927834542525200e-01
7.027027027027027373e+01 4.875697833076088061e-01
7.042042042042042738e+01 4.565104406300057871e-01
7.057057057057056682e+01 3.639961464921477319e-01
7.072072072072072046e+01 4.029299577471037175e-01
7.087087087087087411e+01 4.357876904229763260e-01
7.102102102102102776e+01 3.982878285502785554e-01
7.117117117117116720e+01 4.243615967537157085e-01
7.132132132132132085e+01 4.516936181263946359e-01
7.147147147147147450e+01 4.782028217972928430e-01
7.162162162162162815e+01 5.025785501112088882e-01
7.177177177177176759e+01 3.829825462331755692e-01
7.192192192192192124e+01 3.807989059900761530e-01
7.207207207207207489e+01 4.329070638469201815e-01
7.222222222222222854e+01 4.120225314764097146e-01
7.237237237237236798e+01 4.144792485150246009e-01
7.252252252252252163e+01 4.416772109256242307e-01
7.267267267267267528e+01 4.686575137487952181e-01
7.282282282282282893e+01 4.939254423423444229e-01
7.297297297297296836e+01 4.222540942143209741e-01
7.312312312312312201e+01 3.655991770790880668e-01
7.327327327327327566e+01 4.185067448423865355e-01
7.342342342342342931e+01 4.310544959257795461e-01
7.357357357357356875e+01 4.047868457513699725e-01
7.372372372372372240e+01 4.315499298405111039e-01
7.387387387387387605e+01 4.588414069930791817e-01
7.402402402402402970e+01 4.848439960487544997e-01
7.417417417417416914e+01 4.725534500934003290e-01
7.432432432432432279e+01 3.677513298980549239e-01
7.447447447447447644e+01 3.966689255287885185e-01
7.462462462462463009e+01 4.367633925446091081e-01
7.477477477477476953e+01 3.955813127308037136e-01
7.492492492492492318e+01 4.214493968485826803e-01
7.507507507507507682e+01 4.488633098539275279e-01
7.522522522522523047e+01 4.755322662562953551e-01
7.537537537537536991e+01 5.001315350475840082e-01
7.552552552552552356e+01 3.924645314522419159e-01
7.567567567567567721e+01 3.747788504566384460e-01
7.582582582582583086e+01 4.293208940174975119e-01
7.597597597597597030e+01 4.188462083788147550e-01
7.612612612612612395e+01 4.115202291274134283e-01
7.627627627627627760e+01 4.386723535937294138e-01
7.642642642642643125e+01 4.658352170892731681e-01
7.657657657657657069e+01 4.913328038387467234e-01
7.672672672672672434e+01 4.353924043728989446e-01
7.687687687687687799e+01 3.630782316489224448e-01
7.702702702702703164e+01 4.118114872057042630e-01
7.717717717717718529e+01 4.333780629229645465e-01
7.732732732732732472e+01 4.020592931399928349e-01
7.747747747747747837e+01 4.285267035395889379e-01
7.762762762762763202e+01 4.559140475331880937e-01
7.777777777777778567e+01 4.822004613217437119e-01
7.792792792792792511e+01 4.870523992396366686e-01
7.807807807807807876e+01 3.717912003843240609e-01
7.822822822822823241e+01 3.893815939232355694e-01
7.837837837837838606e+01 4.352187030399308210e-01
7.852852852852852550e+01 4.004461765438283027e-01
7.867867867867867915e+01 4.185470140817342810e-01
7.882882882882883280e+01 4.458307211602839937e-01
7.897897897897898645e+01 4.726681536568750341e-01
7.912912912912912589e+01 4.975941431550261473e-01
7.927927927927927954e+01 4.034556232812522292e-01
7.942942942942943318e+01 3.699738654980642139e-01
7.957957957957958683e+01 4.253663474745157935e-01
7.972972972972972627e+01 4.242594696595196613e-01
7.987987987987987992e+01 4.088262373289673346e-01
8.003003003003003357e+01 4.357620332355306436e-01
8.018018018018018722e+01 4.629419272598843116e-01
8.033033033033032666e+01 4.886859499798152373e-01
8.048048048048048031e+01 4.506393630256710914e-01
8.063063063063063396e+01 3.640642696899505371e-01
8.078078078078078761e+01 4.062956430554779952e-01
8.093093093093092705e+01 4.359106315752417915e-01
8.108108108108108070e+01 3.993930224894044478e-01
8.123123123123123435e+01 4.256724879070908907e-01
8.138138138138138800e+01 4.530205838736091617e-01
8.153153153153152743e+01 4.794146916747075715e-01
8.168168168168168108e+01 5.033494233848273547e-01
8.183183183183183473e+01 3.798054494956042415e-01
8.198198198198198838e+01 3.836451579318584937e-01
8.213213213213212782e+01 4.342256339002500409e-01
8.228228228228228147e+01 4.091909065763002507e-01
8.243243243243243512e+01 4.156554661434668230e-01
8.258258258258258877e+01 4.429573847498825545e-01
8.273273273273272821e+01 4.699026129090388415e-01
8.288288288288288186e+01 4.950253800019986383e-01
8.303303303303303551e+01 4.163399926398569373e-01
8.318318318318318916e+01 3.664709576697147142e-01
8.333333333333332860e+01 4.204599708667552393e-01
8.348348348348348225e+01 4.292846341366726715e-01
8.363363363363363590e+01 4.059190466636070638e-01
8.378378378378378954e+01 4.327752021411084282e-01
8.393393393393392898e+01 4.601033218933512359e-01
8.408408408408408263e+01 4.860457887950744293e-01
8.423423423423423628e+01 4.653965488882910728e-01
8.438438438438438993e+01 3.655136537069069713e-01
8.453453453453452937e+01 3.989947160786887492e-01
8.468468468468468302e+01 4.361679086858453736e-01
8.483483483483483667e+01 3.967398336923413371e-01
8.498498498498499032e+01 4.226623032526493073e-01
8.513513513513512976e+01 4.500734697960985797e-01
8.528528528528528341e+01 4.767151733178148221e-01
8.543543543543543706e+01 5.012204363218342174e-01
8.558558558558559071e+01 3.875868148584623585e-01
8.573573573573573015e+01 3.767973807640502271e-01
8.588588588588588379e+01 4.305065103608703980e-01
8.603603603603603744e+01 4.156432664063038906e-01
8.618618618618619109e+01 4.128009217348754256e-01
8.633633633633633053e+01 4.399315454976209239e-01
8.648648648648648418e+01 4.670333273743833002e-01
8.663663663663663783e+01 4.924665885052092462e-01
8.678678678678679148e+01 4.292920799859572534e-01
8.693693693693694513e+01 3.637058851230759449e-01
8.708708708708708457e+01 4.146607073826593659e-01
8.723723723723723822e+01 4.322339278169856081e-01
8.738738738738739187e+01 4.033033019758478499e-01
8.753753753753754552e+01 4.298502491047682672e-01
8.768768768768768496e+01 4.571555821598889402e-01
8.783783783783783861e+01 4.833295802470561342e-01
8.798798798798799226e+01 4.808884994943185553e-01
8.813813813813814591e+01 3.700611569804152512e-01
8.828828828828828534e+01 3.928134873709830388e-01
8.843843843843843899e+01 4.362528027872255021e-01
8.858858858858859264e+01 3.969939080101555495e-01
8.873873873873874629e+01 4.198457614526442949e-01
8.888888888888888573e+01 4.471517037980974330e-01
8.903903903903903938e+01 4.738778279228411661e-01
8.918918918918919303e+01 4.986660824363120526e-01
8.933933933933934668e+01 3.990819477271525528e-01
8.948948948948948612e+01 3.724237679387664146e-01
8.963963963963963977e+01 4.276532868451872194e-01
8.978978978978979342e+01 4.224377984511752948e-01
8.993993993993994707e+01 4.099883495968158487e-01
9.009009009009008651e+01 4.370594442999293228e-01
9.024024024024024015e+01 4.642114584053466664e-01
9.039039039039039380e+01 4.898152054562979196e-01
9.054054054054054745e+01 4.444434009033557120e-01
9.069069069069068689e+01 3.637964553846244065e-01
9.084084084084084054e+01 4.089072820889184667e-01
9.099099099099099419e+01 4.352963099292647131e-01
9.114114114114114784e+01 4.004633543417408514e-01
9.129129129129128728e+01 4.268840601559847348e-01
9.144144144144144093e+01 4.542917406604027319e-01
9.159159159159159458e+01 4.806276839733777950e-01
9.174174174174174823e+01 4.964022520561402474e-01
9.189189189189188767e+01 3.760099959269057601e-01
9.204204204204204132e+01 3.858638243662084744e-01
9.219219219219219497e+01 4.346103692384971073e-01
9.234234234234234862e+01 4.055845331363542861e-01
9.249249249249248805e+01 4.168480943549401907e-01
9.264264264264264170e+01 4.441856481779269950e-01
9.279279279279279535e+01 4.711245884880204127e-01
9.294294294294294900e+01 4.961576628399579914e-01
9.309309309309308844e+01 4.101535218242445269e-01
9.324324324324324209e+01 3.673036397710935930e-01
9.339339339339339574e+01 4.221783287749047986e-01
9.354354354354354939e+01 4.268868026419316286e-01
9.369369369369368883e+01 4.071491971276150479e-01
9.384384384384384248e+01 4.340098050454609946e-01
9.399399399399399613e+01 4.613043786099164656e-01
9.414414414414414978e+01 4.871985985891640336e-01
9.429429429429428922e+01 4.585041390067251532e-01
9.444444444444444287e+01 3.641382367969889233e-01
9.459459459459459651e+01 4.018580208045834934e-01
9.474474474474475016e+01 4.357848041717654053e-01
9.489489489489488960e+01 3.979436379054787087e-01
9.504504504504504325e+01 4.239623426390413119e-01
9.519519519519519690e+01 4.513105198789605366e-01
9.534534534534535055e+01 4.778638429182465175e-01
9.549549549549548999e+01 5.022822511471833895e-01
9.564564564564564364e+01 3.839764825701212358e-01
9.579579579579579729e+01 3.797526303125403069e-01
9.594594594594595094e+01 4.322980927567141030e-01
9.609609609609609038e+01 4.128510936685965693e-01
9.624624624624624403e+01 4.140840900630321508e-01
9.639639639639639768e+01 4.412454481681660212e-01
9.654654654654655133e+01 4.682440060522758407e-01
9.669669669669670498e+01 4.935541200527789329e-01
9.684684684684684441e+01 4.239686849775251565e-01
9.699699699699699806e+01 3.651728591255787304e-01
9.714714714714715171e+01 4.176832962854977738e-01
9.729729729729730536e+01 4.314163014736536739e-01
9.744744744744744480e+01 4.044405458498541717e-01
9.759759759759759845e+01 4.311543530054134932e-01
9.774774774774775210e+01 4.584399616469287952e-01
9.789789789789790575e+01 4.844811247196486037e-01
9.804804804804804519e+01 4.747321344371009944e-01
9.819819819819819884e+01 3.684180537230567487e-01
9.834834834834835249e+01 3.958478879189736843e-01
9.849849849849850614e+01 4.367971347565856033e-01
9.864864864864864558e+01 3.952119045463987068e-01
9.879879879879879923e+01 4.210430808085520726e-01
9.894894894894895288e+01 4.484342522863925540e-01
9.909909909909910652e+01 4.751065299088150229e-01
9.924924924924924596e+01 4.997434737931324977e-01
9.939939939939939961e+01 3.941262820447010151e-01
9.954954954954955326e+01 3.742543586976983527e-01
9.969969969969970691e+01 4.290099729644004101e-01
9.984984984984984635e+01 4.198508695996112094e-01
1.000000000000000000e+02 4.111350106160654438e-01
1.001501501501501536e+02 4.382872673784762863e-01
1.003003003003003073e+02 4.654561223640970580e-01
1.004504504504504467e+02 4.909751404260715435e-01
1.006006006006006004e+02 4.375713884598859127e-01
1.007507507507507540e+02 3.631561215351298832e-01
1.009009009009009077e+02 4.110463825738300825e-01
1.010510510510510471e+02 4.338480409515994007e-01
1.012012012012012008e+02 4.016544643840669337e-01
1.013513513513513544e+02 4.281114691407525985e-01
1.015015015015015081e+02 4.555152599030454774e-01
1.016516516516516475e+02 4.818171125793701548e-01
1.018018018018018012e+02 4.891988355658156151e-01
1.019519519519519548e+02 3.725994384150840277e-01
1.021021021021021085e+02 3.883849983348046653e-01
1.022522522522522479e+02 4.349693859304388788e-01
1.024024024024024015e+02 4.016505881147700019e-01
1.025525525525525552e+02 4.181288532426314930e-01
1.027027027027027088e+02 4.454264980298719978e-01
1.028528528528528483e+02 4.723024615225627776e-01
1.030030030030030019e+02 4.972642407002472176e-01
1.031531531531531556e+02 4.049036619009784288e-01
1.033033033033033092e+02 3.691664114425347587e-01
1.034534534534534487e+02 4.245215536365315456e-01
1.036036036036036023e+02 4.248140955858948908e-01
1.037537537537537560e+02 4.084150530449481842e-01
1.039039039039039096e+02 4.353171103577360701e-01
1.040540540540540491e+02 4.625214550463889740e-01
1.042042042042042027e+02 4.883107019580269492e-01
1.043543543543543564e+02 4.525022929214957412e-01
1.045045045045045100e+02 3.640283846895471243e-01
1.046546546546546494e+02 4.052669245879848559e-01
1.048048048048048031e+02 4.359106698795318646e-01
1.049549549549549567e+02 3.990587343092624195e-01
1.051051051051051104e+02 4.252726210628701708e-01
1.052552552552552498e+02 4.526071765744847930e-01
1.054054054054054035e+02 4.790349681708254703e-01
1.055555555555555571e+02 5.033150615387997906e-01
1.057057057057057108e+02 3.808949756764826722e-01
1.058558558558558644e+02 3.828145255118182710e-01
1.060060060060060039e+02 4.339138812274101475e-01
1.061561561561561575e+02 4.101694971760261321e-01
1.063063063063063112e+02 4.152886465027395557e-01
1.064564564564564648e+02 4.425565542169972999e-01
1.066066066066066043e+02 4.695023915174394435e-01
1.067567567567567579e+02 4.946636189605328471e-01
1.069069069069069116e+02 4.183121795242570329e-01
1.070570570570570652e+02 3.662535796221413342e-01
1.072072072072072046e+02 4.199135597455025404e-01
1.073573573573573583e+02 4.299612616912696916e-01
1.075075075075075119e+02 4.055518917646857568e-01
1.076576576576576656e+02 4.323919786022838996e-01
1.078078078078078050e+02 4.597136945944165221e-01
1.079579579579579587e+02 4.856717227242501322e-01
1.081081081081081123e+02 4.677410748135060747e-01
1.082582582582582660e+02 3.662060849113527028e-01
1.084084084084084054e+02 3.982248731199954928e-01
1.085585585585585591e+02 4.363815415685133869e-01
1.087087087087087127e+02 3.963486450425076080e-01
1.088588588588588664e+02 4.222554065586823779e-01
1.090090090090090058e+02 4.496770192708634539e-01
1.091591591591591595e+02 4.763307417844384051e-01
1.093093093093093131e+02 5.008606020056668440e-01
1.094594594594594668e+02 3.890234504682635874e-01
1.096096096096096062e+02 3.760456699724660790e-01
1.097597597597597598e+02 4.300590012054110178e-01
1.099099099099099135e+02 4.166484482545226853e-01
1.100600600600600671e+02 4.123781075048139622e-01
1.102102102102102066e+02 4.395176777043169336e-01
1.103603603603603602e+02 4.666502267648847124e-01
1.105105105105105139e+02 4.921117092777333446e-01
1.106606606606606675e+02 4.311219285767334264e-01
1.108108108108108070e+02 3.633545537756007193e-01
1.109609609609609606e+02 4.136755661325228206e-01
1.111111111111111143e+02 4.325264664905704715e-01
1.112612612612612679e+02 4.029064163174227442e-01
1.114114114114114074e+02 4.294153129541469771e-01
1.115615615615615610e+02 4.567435807083309873e-01
1.117117117117117147e+02 4.829586643506099675e-01
1.118618618618618683e+02 4.827865929278079005e-01
1.120120120120120077e+02 3.705299854595562881e-01
1.121621621621621614e+02 3.917082229938945170e-01
1.123123123123123150e+02 4.359204475900831932e-01
1.124624624624624687e+02 3.980710591579016966e-01
1.126126126126126081e+02 4.194345786462657100e-01
1.127627627627627618e+02 4.467259824975678972e-01
1.129129129129129154e+02 4.734873216228530635e-01
1.130630630630630691e+02 4.983274825698938981e-01
1.132132132132132085e+02 4.005115784884216712e-01
1.133633633633633622e+02 3.716900287606551556e-01
1.135135135135135158e+02 4.270139576498944156e-01
1.136636636636636695e+02 4.230719877869915102e-01
1.138138138138138089e+02 4.096243718175732185e-01
1.139639639639639626e+02 4.366506564564099357e-01
1.141141141141141162e+02 4.638012427347309452e-01
1.142642642642642699e+02 4.894439885855597083e-01
1.144144144144144093e+02 4.465295835227267585e-01
1.145645645645645629e+02 3.639677773299940244e-01
1.147147147147147166e+02 4.081679556269875442e-01
1.148648648648648702e+02 4.356131361659350554e-01
1.150150150150150097e+02 4.001248577876735379e-01
1.151651651651651633e+02 4.265130505131036753e-01
1.153153153153153170e+02 4.539028532748128897e-01
1.154654654654654706e+02 4.802499502925513530e-01
1.156156156156156243e+02 4.987390197633821409e-01
1.157657657657657637e+02 3.772697417250363006e-01
1.159159159159159174e+02 3.851726255153111178e-01
1.160660660660660710e+02 4.345460756233218147e-01
1.162162162162162247e+02 4.068253768390251435e-01
1.163663663663663641e+02 4.164722609133688636e-01
1.165165165165165178e+02 4.438062091514105023e-01
1.166666666666666714e+02 4.707469544380114002e-01
1.168168168168168251e+02 4.958005893802807096e-01
1.169669669669669645e+02 4.120928213420256281e-01
1.171171171171171181e+02 3.669585873746309956e-01
1.172672672672672718e+02 4.215755195164869740e-01
1.174174174174174254e+02 4.276623083488820809e-01
1.175675675675675649e+02 4.067492882405371879e-01
1.177177177177177185e+02 4.336102808232054073e-01
1.178678678678678722e+02 4.609254298164641717e-01
1.180180180180180258e+02 4.868395951596943272e-01
1.181681681681681653e+02 4.606160385163839410e-01
1.183183183183183189e+02 3.644130925387365494e-01
1.184684684684684726e+02 4.008380821026671925e-01
1.186186186186186262e+02 4.358295220260692826e-01
1.187687687687687657e+02 3.975602196361625040e-01
1.189189189189189193e+02 4.235343677416371633e-01
1.190690690690690730e+02 4.509011726206875736e-01
1.192192192192192266e+02 4.774894085943995892e-01
1.193693693693693660e+02 5.019390820849720658e-01
1.195195195195195197e+02 3.849927722690451581e-01
1.196696696696696733e+02 3.787279065160111813e-01
1.198198198198198270e+02 4.316812335153605851e-01
1.199699699699699664e+02 4.136885664130248719e-01
1.201201201201201201e+02 4.136599561488935595e-01
1.202702702702702737e+02 4.408046736822371914e-01
1.204204204204204274e+02 4.678388723266604377e-01
1.205705705705705668e+02 4.931987669420706544e-01
1.207207207207207205e+02 4.256460275218649780e-01
1.208708708708708741e+02 3.646877687154230774e-01
1.210210210210210278e+02 4.167663570672734963e-01
1.211711711711711672e+02 4.316947077753187090e-01
1.213213213213213209e+02 4.040715945387985952e-01
1.214714714714714745e+02 4.307298841279636470e-01
1.216216216216216282e+02 4.580124258865967968e-01
1.217717717717717676e+02 4.840928821539055571e-01
1.219219219219219212e+02 4.767609861203245813e-01
1.220720720720720749e+02 3.690044442426020921e-01
1.222222222222222285e+02 3.949756342348584304e-01
1.223723723723723680e+02 4.367371562408982055e-01
1.225225225225225216e+02 3.948857543651270730e-01
1.226726726726726753e+02 4.206693241647841419e-01
1.228228228228228289e+02 4.480347056759974578e-01
1.229729729729729684e+02 4.747177362346290952e-01
1.231231231231231220e+02 4.994006032846146637e-01
1.232732732732732757e+02 3.957918749834659078e-01
1.234234234234234293e+02 3.737315457853402356e-01
1.235735735735735688e+02 4.286649726378622405e-01
1.237237237237237224e+02 4.207782641913260235e-01
1.238738738738738761e+02 4.107517037284499350e-01
1.240240240240240297e+02 4.378915378503843159e-01
1.241741741741741691e+02 4.650577133336505908e-01
1.243243243243243228e+02 4.905982073637594199e-01
1.244744744744744764e+02 4.397711882751093593e-01
1.246246246246246301e+02 3.633284340442276550e-01
1.247747747747747695e+02 4.103584267674018071e-01
1.249249249249249232e+02 4.343565206713384530e-01
1.250750750750750768e+02 4.012606136888250963e-01
1.252252252252252305e+02 4.277133911112158127e-01
1.253753753753753841e+02 4.551305875421821634e-01
1.255255255255255236e+02 4.814474785757811848e-01
1.256756756756756772e+02 4.914535183100546822e-01
1.258258258258258309e+02 3.735658993848489651e-01
1.259759759759759845e+02 3.874938819631579823e-01
1.261261261261261239e+02 4.347948295349173820e-01
1.262762762762762776e+02 4.028824962753799199e-01
1.264264264264264312e+02 4.177014694742466894e-01
1.265765765765765849e+02 4.450155476259861631e-01
1.267267267267267243e+02 4.719210263214732581e-01
1.268768768768768780e+02 4.969088890066477582e-01
1.270270270270270316e+02 4.064412900208757007e-01
1.271771771771771853e+02 3.684492973037180041e-01
1.273273273273273247e+02 4.237138248553721787e-01
1.274774774774774784e+02 4.254205328839862355e-01
1.276276276276276320e+02 4.080295547307132287e-01
1.277777777777777857e+02 4.349067036112789220e-01
1.279279279279279251e+02 4.621391620240281051e-01
1.280780780780780788e+02 4.879682902551069068e-01
1.282282282282282324e+02 4.543727708009427935e-01
1.283783783783783861e+02 3.639980706697092949e-01
1.285285285285285397e+02 4.041832159300148830e-01
1.286786786786786934e+02 4.358607797010617402e-01
1.288288288288288186e+02 3.986992329733866636e-01
1.289789789789789722e+02 4.248480895564731852e-01
1.291291291291291259e+02 4.521800589410699955e-01
1.292792792792792795e+02 4.786489959794869575e-01
1.294294294294294332e+02 5.029809442301672595e-01
1.295795795795795868e+02 3.819098003540769559e-01
1.297297297297297405e+02 3.818995050668465563e-01
1.298798798798798941e+02 4.334958060162381610e-01
1.300300300300300194e+02 4.110824661758052945e-01
1.301801801801801730e+02 4.149212270258779700e-01
1.303303303303303267e+02 4.421507937423193590e-01
1.304804804804804803e+02 4.691035628899790089e-01
1.306306306306306340e+02 4.943089305823802349e-01
1.307807807807807876e+02 4.202262882101143182e-01
1.309309309309309413e+02 3.659950984574338317e-01
1.310810810810810949e+02 4.193044719416526567e-01
1.312312312312312201e+02 4.305387478734912787e-01
1.313813813813813738e+02 4.051929314388712511e-01
1.315315315315315274e+02 4.320045865678734942e-01
1.316816816816816811e+02 4.593142790887188021e-01
1.318318318318318347e+02 4.852915407685472471e-01
1.319819819819819884e+02 4.700603015020401454e-01
1.321321321321321420e+02 3.669414565859646093e-01
1.322822822822822957e+02 3.974898233781130608e-01
1.324324324324324209e+02 4.365903772241385705e-01
1.325825825825825746e+02 3.959829396871593632e-01
1.327327327327327282e+02 4.218719827252075394e-01
1.328828828828828819e+02 4.492929520529568843e-01
1.330330330330330355e+02 4.759525351968958984e-01
1.331831831831831892e+02 5.005101454872480371e-01
1.333333333333333428e+02 3.905981670417777440e-01
1.334834834834834965e+02 3.754022085034361966e-01
1.336336336336336217e+02 4.296815571537392908e-01
1.337837837837837753e+02 4.176848919775057456e-01
1.339339339339339290e+02 4.119695768871867170e-01
1.340840840840840826e+02 4.391175886442760246e-01
1.342342342342342363e+02 4.662705699512968982e-01
1.343843843843843899e+02 4.917519853793104745e-01
1.345345345345345436e+02 4.330771543094555365e-01
1.346846846846846972e+02 3.631385393584219412e-01
1.348348348348348509e+02 4.127445899490894687e-01
1.349849849849849761e+02 4.328855649271375339e-01
1.351351351351351298e+02 4.025169530128217543e-01
1.352852852852852834e+02 4.289968527565539702e-01
1.354354354354354371e+02 4.563498250682479496e-01
1.355855855855855907e+02 4.825993680493605997e-01
1.357357357357357444e+02 4.847493294747143300e-01
1.358858858858858980e+02 3.710643898284627928e-01
1.360360360360360517e+02 3.905845660688451737e-01
1.361861861861861769e+02 4.355688683061325062e-01
1.363363363363363305e+02 3.991716678495481063e-01
1.364864864864864842e+02 4.190259361248949155e-01
1.366366366366366378e+02 4.463078778705397709e-01
1.367867867867867915e+02 4.731048328235133438e-01
1.369369369369369451e+02 4.979895626224517535e-01
1.370870870870870988e+02 4.019029581867606393e-01
1.372372372372372524e+02 3.708855971335281443e-01
1.373873873873873777e+02 4.262642746242555902e-01
1.375375375375375313e+02 4.236437397962083407e-01
1.376876876876876850e+02 4.092508153880670685e-01
1.378378378378378386e+02 4.362306932324916953e-01
1.379879879879879923e+02 4.633885742592214751e-01
1.381381381381381459e+02 4.890767036254362043e-01
1.382882882882882996e+02 4.485287609819236243e-01
1.384384384384384532e+02 3.640546755415219327e-01
1.385885885885885784e+02 4.073264118981637649e-01
1.387387387387387321e+02 4.358101133710932107e-01
1.388888888888888857e+02 3.997828874471514027e-01
1.390390390390390394e+02 4.261239806438779087e-01
1.391891891891891930e+02 4.534917503449292231e-01
1.393393393393393467e+02 4.798556770680851291e-01
1.394894894894895003e+02 5.009671343593758985e-01
1.396396396396396540e+02 3.784918046632042010e-01
1.397897897897897792e+02 3.844689240518876505e-01
1.399399399399399329e+02 4.344337563863655549e-01
1.400900900900900865e+02 4.079891415551515355e-01
1.402402402402402402e+02 4.160811545657971955e-01
1.403903903903903938e+02 4.434059051156650222e-01
1.405405405405405475e+02 4.703494418820062251e-01
1.406906906906907011e+02 4.954328338064533099e-01
1.408408408408408548e+02 4.140896674637715158e-01
1.409909909909909800e+02 3.666960416789570854e-01
1.411411411411411336e+02 4.210270008001551489e-01
1.412912912912912873e+02 4.284381124430360899e-01
1.414414414414414409e+02 4.063350536222716247e-01
1.415915915915915946e+02 4.331980648416754454e-01
1.417417417417417482e+02 4.605259396468573407e-01
1.418918918918919019e+02 4.864558297891057315e-01
1.420420420420420555e+02 4.628112675950659116e-01
1.421921921921921808e+02 3.648410292925197695e-01
1.423423423423423344e+02 3.999160012643445672e-01
1.424924924924924881e+02 4.359521444392303602e-01
1.426426426426426417e+02 3.971624636606824743e-01
1.427927927927927954e+02 4.231082556577815956e-01
1.429429429429429490e+02 4.504991906757438991e-01
1.430930930930931027e+02 4.771186180720864423e-01
1.432432432432432563e+02 5.015971269497581098e-01
1.433933933933933815e+02 3.861296254910261405e-01
1.435435435435435352e+02 3.777645825455512307e-01
1.436936936936936888e+02 4.310929556903361770e-01
1.438438438438438425e+02 4.145700984420256363e-01
1.439939939939939961e+02 4.132566069062464931e-01
1.441441441441441498e+02 4.403889243004925347e-01
1.442942942942943034e+02 4.674546517933539924e-01
1.444444444444444571e+02 4.928519890663935477e-01
1.445945945945946107e+02 4.273359035990373367e-01
1.447447447447447360e+02 3.642041361591815685e-01
1.448948948948948896e+02 4.157887432668595507e-01
1.450450450450450433e+02 4.319453544764160768e-01
1.451951951951951969e+02 4.037189257951903643e-01
1.453453453453453506e+02 4.303217312451671495e-01
1.454954954954955042e+02 4.576104925126061040e-01
1.456456456456456579e+02 4.837350807401469277e-01
1.457957957957958115e+02 4.787373942653465053e-01
1.459459459459459367e+02 3.695282092024197995e-01
1.460960960960960904e+02 3.940003643306076442e-01
1.462462462462462440e+02 4.365617051183908748e-01
1.463963963963963977e+02 3.957621760323448701e-01
1.465465465465465513e+02 4.202880203968265005e-01
1.466966966966967050e+02 4.476231144576282572e-01
1.468468468468468586e+02 4.743214737887023191e-01
1.469969969969970123e+02 4.990525634383636278e-01
1.471471471471471375e+02 3.973883070544561025e-01
1.472972972972972912e+02 3.731567001949154805e-01
1.474474474474474448e+02 4.282451202670204959e-01
1.475975975975975985e+02 4.216176829419790995e-01
1.477477477477477521e+02 4.103806664787502667e-01
1.478978978978979058e+02 4.374961356044614336e-01
1.480480480480480594e+02 4.646572486925312218e-01
1.481981981981982130e+02 4.902258424556406036e-01
1.483483483483483383e+02 4.420120421432681135e-01
1.484984984984984919e+02 3.635529060962935377e-01
1.486486486486486456e+02 4.096804227804344833e-01
1.487987987987987992e+02 4.348363952014643319e-01
1.489489489489489529e+02 4.008982863490428983e-01
1.490990990990991065e+02 4.273360247475487816e-01
1.492492492492492602e+02 4.547488625771444193e-01
1.493993993993994138e+02 4.810698149690196823e-01
1.495495495495495391e+02 4.937731641608085753e-01
1.496996996996996927e+02 3.746736471473561814e-01
1.498498498498498464e+02 3.866860799389429948e-01
1.500000000000000000e+02 4.346825874136506229e-01
