0.000000000000000000e+00 9.542213003142741012e-01
1.501501501501501523e-01 8.270659388883142560e-01
3.003003003003003046e-01 6.352650030568693929e-01
4.504504504504504570e-01 4.605354101082380081e-01
6.006006006006006093e-01 3.645337475088050172e-01
7.507507507507507061e-01 3.239260331018133376e-01
9.009009009009009139e-01 3.212271057855382028e-01
1.051051051051051122e+00 3.947546465136957949e-01
1.201201201201201219e+00 3.401886594187996105e-01
1.351351351351351315e+00 2.887845016158310241e-01
1.501501501501501412e+00 2.450876832774537273e-01
1.651651651651651731e+00 2.166263920358703909e-01
1.801801801801801828e+00 2.126572200810750990e-01
1.951951951951951925e+00 2.325117033439997316e-01
2.102102102102102243e+00 2.567924062954811681e-01
2.252252252252252340e+00 1.572568684005151429e-01
2.402402402402402437e+00 2.428943444854695655e-01
2.552552552552552534e+00 3.045483837562742990e-01
2.702702702702702631e+00 2.797149286789624156e-01
2.852852852852852727e+00 1.977880735419972336e-01
3.003003003003002824e+00 1.861498403369738486e-01
3.153153153153153365e+00 2.536918537084206782e-01
3.303303303303303462e+00 2.298821741731407742e-01
3.453453453453453559e+00 2.268652751947498325e-01
3.603603603603603656e+00 2.457329655899659626e-01
3.753753753753753752e+00 2.794311561995289628e-01
3.903903903903903849e+00 3.208101464646942458e-01
4.054054054054054390e+00 3.649970103723279014e-01
4.204204204204204487e+00 3.851012702657966025e-01
4.354354354354354584e+00 2.525294344653266077e-01
4.504504504504504681e+00 2.241333641202183091e-01
4.654654654654654777e+00 1.961140300791854030e-01
4.804804804804804874e+00 2.191303158618312652e-01
4.954954954954954971e+00 3.490153338606941658e-01
5.105105105105105068e+00 4.719573048637044077e-01
5.255255255255255165e+00 5.117689184409862646e-01
5.405405405405405261e+00 5.029177166373842711e-01
5.555555555555555358e+00 5.111099703403499950e-01
5.705705705705705455e+00 5.340488411396772106e-01
5.855855855855855552e+00 5.674769721982053650e-01
6.006006006006005649e+00 6.066850020411660438e-01
6.156156156156156634e+00 6.472429275925881687e-01
6.306306306306306730e+00 6.472444981328713265e-01
6.456456456456456827e+00 4.748910456214286424e-01
6.606606606606606924e+00 3.874022848240911698e-01
6.756756756756757021e+00 3.293415944406593576e-01
6.906906906906907118e+00 2.774325824215063130e-01
7.057057057057057214e+00 3.459847254097979108e-01
7.207207207207207311e+00 4.910668292192224005e-01
7.357357357357357408e+00 5.712730392282926450e-01
7.507507507507507505e+00 5.332922109644476771e-01
7.657657657657657602e+00 5.098304277551675145e-01
7.807807807807807698e+00 5.043476698354257826e-01
7.957957957957957795e+00 5.171025732936307406e-01
8.108108108108108780e+00 5.446249310435776758e-01
8.258258258258258877e+00 5.814213246514905453e-01
8.408408408408408974e+00 5.718127035173184991e-01
8.558558558558559071e+00 3.805690009942552798e-01
8.708708708708709167e+00 2.916211463780861157e-01
8.858858858858859264e+00 2.799632303293543290e-01
9.009009009009009361e+00 2.493293012043237833e-01
9.159159159159159458e+00 2.644810992042727071e-01
9.309309309309309555e+00 3.818754987846193494e-01
9.459459459459459651e+00 4.595639821234127065e-01
9.609609609609609748e+00 4.186523742339015586e-01
9.759759759759759845e+00 3.950986728662203573e-01
9.909909909909909942e+00 3.935880308003759653e-01
1.006006006006006004e+01 4.133115564645058471e-01
1.021021021021021014e+01 4.482194808410702169e-01
1.036036036036036023e+01 4.912478864582542348e-01
1.051051051051051033e+01 4.705683787337731072e-01
1.066066066066066043e+01 2.917012174461537377e-01
1.081081081081081052e+01 2.499512955298464068e-01
1.096096096096096062e+01 2.573575708415242747e-01
1.111111111111111072e+01 2.286132613072143771e-01
1.126126126126126081e+01 2.626065714990389321e-01
1.141141141141141091e+01 3.842391965526090192e-01
1.156156156156156101e+01 4.471159172566021578e-01
1.171171171171171110e+01 4.150859131059133622e-01
1.186186186186186120e+01 4.024956490442590518e-01
1.201201201201201130e+01 4.116379629505290128e-01
1.216216216216216317e+01 4.392192564202612726e-01
1.231231231231231327e+01 4.787270604379617045e-01
1.246246246246246336e+01 5.238411889206970873e-01
1.261261261261261346e+01 4.879384657002371894e-01
1.276276276276276356e+01 3.179827715919168463e-01
1.291291291291291365e+01 2.782895751908681103e-01
1.306306306306306375e+01 2.621751047758095754e-01
1.321321321321321385e+01 2.179618587011891151e-01
1.336336336336336394e+01 2.826431950817220873e-01
1.351351351351351404e+01 4.243346326463517948e-01
1.366366366366366414e+01 4.835823883176394999e-01
1.381381381381381424e+01 4.508020131569955846e-01
1.396396396396396433e+01 4.371871765952371480e-01
1.411411411411411443e+01 4.451821549972336811e-01
1.426426426426426453e+01 4.718910112946380075e-01
1.441441441441441462e+01 5.110111945396121902e-01
1.456456456456456472e+01 5.561561430020058872e-01
1.471471471471471482e+01 5.075645481602059084e-01
1.486486486486486491e+01 3.295962797873186467e-01
1.501501501501501501e+01 2.816795787367909476e-01
1.516516516516516511e+01 2.656611302717682976e-01
1.531531531531531520e+01 2.210896356023520359e-01
1.546546546546546530e+01 2.819719925136326411e-01
1.561561561561561540e+01 4.256583353227255673e-01
1.576576576576576549e+01 4.787299500905966010e-01
1.591591591591591559e+01 4.423292113424286409e-01
1.606606606606606746e+01 4.253644567192845227e-01
1.621621621621621756e+01 4.311656590067818318e-01
1.636636636636636766e+01 4.570260781865693733e-01
1.651651651651651775e+01 4.962104319003710629e-01
1.666666666666666785e+01 5.419579425459051247e-01
1.681681681681681795e+01 4.793381654491059574e-01
1.696696696696696804e+01 3.024586531190610605e-01
1.711711711711711814e+01 2.664762105205317200e-01
1.726726726726726824e+01 2.593923111535427761e-01
1.741741741741741833e+01 2.176809857927560765e-01
1.756756756756756843e+01 2.759693894569657524e-01
1.771771771771771853e+01 4.165134936427717371e-01
1.786786786786786863e+01 4.614048287837347884e-01
1.801801801801801872e+01 4.262421706992088333e-01
1.816816816816816882e+01 4.113663147474946880e-01
1.831831831831831892e+01 4.196915340944696315e-01
1.846846846846846901e+01 4.476959297566253659e-01
1.861861861861861911e+01 4.882784533903546387e-01
1.876876876876876921e+01 5.348015697169578031e-01
1.891891891891891930e+01 4.581572036881224053e-01
1.906906906906906940e+01 2.910728152789979761e-01
1.921921921921921950e+01 2.668650511959311800e-01
1.936936936936936959e+01 2.557508558921876562e-01
1.951951951951951969e+01 2.112644432400786754e-01
1.966966966966966979e+01 2.821028227046890602e-01
1.981981981981981988e+01 4.252743070826205951e-01
1.996996996996996998e+01 4.627220456155095585e-01
2.012012012012012008e+01 4.293363519038863041e-01
2.027027027027027017e+01 4.166850346872718047e-01
2.042042042042042027e+01 4.270517835042099697e-01
2.057057057057057037e+01 4.564344608165881723e-01
2.072072072072072046e+01 4.977794297008629743e-01
2.087087087087087056e+01 5.446602929540383942e-01
2.102102102102102066e+01 4.563217002203167061e-01
2.117117117117117076e+01 2.941328752751072306e-01
2.132132132132132085e+01 2.705044726658811238e-01
2.147147147147147095e+01 2.541773871535703000e-01
2.162162162162162105e+01 2.105965812913620228e-01
2.177177177177177114e+01 2.919126555994486782e-01
2.192192192192192124e+01 4.365220467748847089e-01
2.207207207207207134e+01 4.634537678798881788e-01
2.222222222222222143e+01 4.301609816165196110e-01
2.237237237237237153e+01 4.178723621164079916e-01
2.252252252252252163e+01 4.286904823029455969e-01
2.267267267267267172e+01 4.584454676877806056e-01
2.282282282282282182e+01 5.000794451339064528e-01
2.297297297297297192e+01 5.471974237217421821e-01
2.312312312312312201e+01 4.443575765763850272e-01
2.327327327327327211e+01 2.862250976144963266e-01
2.342342342342342221e+01 2.677507265993631647e-01
2.357357357357357230e+01 2.513481377510745629e-01
2.372372372372372240e+01 2.096335260780145815e-01
2.387387387387387250e+01 2.958081555171283572e-01
2.402402402402402259e+01 4.397805477149949183e-01
2.417417417417417624e+01 4.581608371061007823e-01
2.432432432432432634e+01 4.257346155021715095e-01
2.447447447447447644e+01 4.146993932394221760e-01
2.462462462462462653e+01 4.267633526947921530e-01
2.477477477477477663e+01 4.574356092836877608e-01
2.492492492492492673e+01 4.996418931616606884e-01
2.507507507507507682e+01 5.470621088047746827e-01
2.522522522522522692e+01 4.297767042957714168e-01
2.537537537537537702e+01 2.797765224208574875e-01
2.552552552552552712e+01 2.680713048524537290e-01
2.567567567567567721e+01 2.490938111625675133e-01
2.582582582582582731e+01 2.087407449886936051e-01
2.597597597597597741e+01 3.028968339588637426e-01
2.612612612612612750e+01 4.466634362941556691e-01
2.627627627627627760e+01 4.577046964956449360e-01
2.642642642642642770e+01 4.264519864644255032e-01
2.657657657657657779e+01 4.167779576641401640e-01
2.672672672672672789e+01 4.299818983477969869e-01
2.687687687687687799e+01 4.614071673310174981e-01
2.702702702702702808e+01 5.040590380476890342e-01
2.717717717717717818e+01 5.516803347641058286e-01
2.732732732732732828e+01 4.229002822836709363e-01
2.747747747747747837e+01 2.793704525039723552e-01
2.762762762762762847e+01 2.690579144658845068e-01
2.777777777777777857e+01 2.468683284369260489e-01
2.792792792792792866e+01 2.108295857149501407e-01
2.807807807807807876e+01 3.122559667747067946e-01
2.822822822822822886e+01 4.546346683281735634e-01
2.837837837837837895e+01 4.550761041036342491e-01
2.852852852852852905e+01 4.244863813930813690e-01
2.867867867867867915e+01 4.156352457130824685e-01
2.882882882882882924e+01 4.296053837587180402e-01
2.897897897897897934e+01 4.616270828811619986e-01
2.912912912912912944e+01 5.046888342857256404e-01
2.927927927927927954e+01 5.525123952116450798e-01
2.942942942942942963e+01 4.093936818869448047e-01
2.957957957957957973e+01 2.730765431744935356e-01
2.972972972972972983e+01 2.672335043634614937e-01
2.987987987987987992e+01 2.435019853305878390e-01
3.003003003003003002e+01 2.110753974420269408e-01
3.018018018018018012e+01 3.179515553596005684e-01
3.033033033033033021e+01 4.585464498370125375e-01
3.048048048048048031e+01 4.510741445545310424e-01
3.063063063063063041e+01 4.217962001610252032e-01
3.078078078078078050e+01 4.144679967671647258e-01
3.093093093093093060e+01 4.298062629995798578e-01
3.108108108108108070e+01 4.628170136032024873e-01
3.123123123123123079e+01 5.064557928308504042e-01
3.138138138138138089e+01 5.544705109728752523e-01
3.153153153153153099e+01 3.970913352066976487e-01
3.168168168168168108e+01 2.703653360613689216e-01
3.183183183183183118e+01 2.683797632835338565e-01
3.198198198198198128e+01 2.412024176878952153e-01
3.213213213213213493e+01 2.127229914760511431e-01
3.228228228228228147e+01 3.267618876223266078e-01
3.243243243243243512e+01 4.658509974651341978e-01
3.258258258258258167e+01 4.520774469024187447e-01
3.273273273273273531e+01 4.238855231568638415e-01
3.288288288288288186e+01 4.176936599496240965e-01
3.303303303303303551e+01 4.339842621520981214e-01
3.318318318318318205e+01 4.676620426301209554e-01
3.333333333333333570e+01 5.116662754040959271e-01
3.348348348348348225e+01 5.597513414511360308e-01
3.363363363363363590e+01 3.913607888013799219e-01
3.378378378378378244e+01 2.712363301818739303e-01
3.393393393393393609e+01 2.690987183512864589e-01
3.408408408408408263e+01 2.394085786242335923e-01
3.423423423423423628e+01 2.172094924279290851e-01
3.438438438438438283e+01 3.359761596461440236e-01
3.453453453453453648e+01 4.723714962819058893e-01
3.468468468468468302e+01 4.493547496057581081e-01
3.483483483483483667e+01 4.217092767123342689e-01
3.498498498498498321e+01 4.162048720131769630e-01
3.513513513513513686e+01 4.332211303860999951e-01
3.528528528528528341e+01 4.674913633296554072e-01
3.543543543543543706e+01 5.118351884396441509e-01
3.558558558558558360e+01 5.599957635868541006e-01
3.573573573573573725e+01 3.781431373002750451e-01
3.588588588588588379e+01 2.663625154094920178e-01
3.603603603603603744e+01 2.672084174464666173e-01
3.618618618618618399e+01 2.359989504169167918e-01
3.633633633633633764e+01 2.186346776717693896e-01
3.648648648648648418e+01 3.410741491607903186e-01
3.663663663663663783e+01 4.746290999754098627e-01
3.678678678678678438e+01 4.451537730375609292e-01
3.693693693693693803e+01 4.188390623841140026e-01
3.708708708708708457e+01 4.149111878650055818e-01
3.723723723723723822e+01 4.333854571980495507e-01
3.738738738738738476e+01 4.686651533387934387e-01
3.753753753753753841e+01 5.134948786569268897e-01
3.768768768768768496e+01 5.617166699907953920e-01
3.783783783783783861e+01 3.669170398465088079e-01
3.798798798798798515e+01 2.657075496052085928e-01
3.813813813813813880e+01 2.681204501351215908e-01
3.828828828828828534e+01 2.332664198008035372e-01
3.843843843843843899e+01 2.216636919371402781e-01
3.858858858858859264e+01 3.497172663284248140e-01
3.873873873873873919e+01 4.808127813058807321e-01
3.888888888888889284e+01 4.464886499823698118e-01
3.903903903903903938e+01 4.212617055480977757e-01
3.918918918918919303e+01 4.185347399881008679e-01
3.933933933933933957e+01 4.380301830007888308e-01
3.948948948948949322e+01 4.739439423789437167e-01
3.963963963963963977e+01 5.190170896317599647e-01
3.978978978978979342e+01 5.671965727043953853e-01
3.993993993993993996e+01 3.627778081867391036e-01
4.009009009009009361e+01 2.677342680525410246e-01
4.024024024024024015e+01 2.684177901655658283e-01
4.039039039039039380e+01 2.313881165181229660e-01
4.054054054054054035e+01 2.272661882273016853e-01
4.069069069069069400e+01 3.584935265563110596e-01
4.084084084084084054e+01 4.863501689870455835e-01
4.099099099099099419e+01 4.439309016484331849e-01
4.114114114114114074e+01 4.192403527144473729e-01
4.129129129129129439e+01 4.172893970610981329e-01
4.144144144144144093e+01 4.375614472734098426e-01
4.159159159159159458e+01 4.739900418230200696e-01
4.174174174174174112e+01 5.192729099658310865e-01
4.189189189189189477e+01 5.595665152166415801e-01
4.204204204204204132e+01 3.509544318485394165e-01
4.219219219219219497e+01 2.642316552059812973e-01
4.234234234234234151e+01 2.662833967002852797e-01
4.249249249249249516e+01 2.278117055069795449e-01
4.264264264264264170e+01 2.294516393998420334e-01
4.279279279279279535e+01 3.631072594423211397e-01
4.294294294294294190e+01 4.813182433821013295e-01
4.309309309309309555e+01 4.398410453214345872e-01
4.324324324324324209e+01 4.165533931327321526e-01
4.339339339339339574e+01 4.162785750292357645e-01
4.354354354354354228e+01 4.379727849357958891e-01
4.369369369369369593e+01 4.752492132516432655e-01
4.384384384384384248e+01 5.208693836848866665e-01
4.399399399399399613e+01 5.468457839225354666e-01
4.414414414414414267e+01 3.412313915813790510e-01
4.429429429429429632e+01 2.647357258201948893e-01
4.444444444444444287e+01 2.664946483507071306e-01
4.459459459459459651e+01 2.246024095919100239e-01
4.474474474474474306e+01 2.337508659180847770e-01
4.489489489489489671e+01 3.716690415932698000e-01
4.504504504504504325e+01 4.818375318279110031e-01
4.519519519519519690e+01 4.412102870522512932e-01
4.534534534534534345e+01 4.191202955308512834e-01
4.549549549549549710e+01 4.201334331533357336e-01
4.564564564564564364e+01 4.427806058574051962e-01
4.579579579579579729e+01 4.805436258131893235e-01
4.594594594594594383e+01 5.263181585753187175e-01
4.609609609609609748e+01 5.404485409814825392e-01
4.624624624624624403e+01 3.381853594865156243e-01
4.639639639639639768e+01 2.668565269751454472e-01
4.654654654654654422e+01 2.660866432689853456e-01
4.669669669669669787e+01 2.227826948008217733e-01
4.684684684684684441e+01 2.405310084969617956e-01
4.699699699699699806e+01 3.804800104819493489e-01
4.714714714714714461e+01 4.789337446526739095e-01
4.729729729729729826e+01 4.386636769512296530e-01
4.744744744744744480e+01 4.172531246992227105e-01
4.759759759759759845e+01 4.191158310260424957e-01
4.774774774774774500e+01 4.424471565638237736e-01
4.789789789789789864e+01 4.805969271724330194e-01
4.804804804804804519e+01 5.265424260921903743e-01
4.819819819819819884e+01 5.263018893246922403e-01
4.834834834834835249e+01 3.273235928969976949e-01
4.849849849849849903e+01 2.639436242048597836e-01
4.864864864864865268e+01 2.635324818166169814e-01
4.879879879879879923e+01 2.192901080312223416e-01
4.894894894894895288e+01 2.439227195858659214e-01
4.909909909909909942e+01 3.853538488147714158e-01
4.924924924924925307e+01 4.739495136475369019e-01
4.939939939939939961e+01 4.347416406663835442e-01
4.954954954954955326e+01 4.148921329165862759e-01
4.969969969969969981e+01 4.184221984299829056e-01
4.984984984984985346e+01 4.430038555207876372e-01
5.000000000000000000e+01 4.818640724062552283e-01
5.015015015015015365e+01 5.281244388274246582e-01
5.030030030030030019e+01 5.132729373642234139e-01
5.045045045045045384e+01 3.187154872093760360e-01
5.060060060060060039e+01 2.648934478784636948e-01
5.075075075075075404e+01 2.630062747392992728e-01
5.090090090090090058e+01 2.162497258055028626e-01
5.105105105105105423e+01 2.500321171861174530e-01
5.120120120120120077e+01 3.944010060733241785e-01
5.135135135135135442e+01 4.745395033134147678e-01
5.150150150150150097e+01 4.363259689664301666e-01
5.165165165165165462e+01 4.177795809647323333e-01
5.180180180180180116e+01 4.225136326074803717e-01
5.195195195195195481e+01 4.478825977781254464e-01
5.210210210210210136e+01 4.871588982887320451e-01
5.225225225225225500e+01 5.335992606817215878e-01
5.240240240240240155e+01 5.065835134246829963e-01
5.255255255255255520e+01 3.162633066625838429e-01
5.270270270270270174e+01 2.667376872412502986e-01
5.285285285285285539e+01 2.620222511091984674e-01
5.300300300300300194e+01 2.153057025406526215e-01
5.315315315315315559e+01 2.583086507839263968e-01
5.330330330330330213e+01 4.035019534388741280e-01
5.345345345345345578e+01 4.716194809824486578e-01
5.360360360360360232e+01 4.338991512755870361e-01
5.375375375375375597e+01 4.160910833043178214e-01
5.390390390390390252e+01 4.215798142481134714e-01
5.405405405405405617e+01 4.475267173304104396e-01
5.420420420420420271e+01 4.871903431563304743e-01
5.435435435435435636e+01 5.338525702028846798e-01
5.450450450450450290e+01 4.919825740145839510e-01
5.465465465465465655e+01 3.061589643045822817e-01
5.480480480480480310e+01 2.642711150613045734e-01
5.495495495495495675e+01 2.592406162696472838e-01
5.510510510510510329e+01 2.127169509239791867e-01
5.525525525525525694e+01 2.629735315727729228e-01
5.540540540540540349e+01 4.084476553617228389e-01
5.555555555555555713e+01 4.667827329098248046e-01
5.570570570570570368e+01 4.302752259031820681e-01
5.585585585585585733e+01 4.140384357432222440e-01
5.600600600600600387e+01 4.210552307531179594e-01
5.615615615615615752e+01 4.481461072390861000e-01
5.630630630630630407e+01 4.885173734744581164e-01
5.645645645645645772e+01 5.355027852655976917e-01
5.660660660660660426e+01 4.784499282458214431e-01
5.675675675675675791e+01 2.988455034643542896e-01
5.690690690690690445e+01 2.656100662871986873e-01
5.705705705705705810e+01 2.581835462249185698e-01
5.720720720720720465e+01 2.106982099402824882e-01
5.735735735735735830e+01 2.705437297255980922e-01
5.750750750750750484e+01 4.173647879582383924e-01
5.765765765765765849e+01 4.675249657683214211e-01
5.780780780780781214e+01 4.321029445867787255e-01
5.795795795795795868e+01 4.171050674893785892e-01
5.810810810810811233e+01 4.251970045890844929e-01
5.825825825825825888e+01 4.530438684819969586e-01
5.840840840840841253e+01 4.938723392228298592e-01
5.855855855855855907e+01 5.410368330279117233e-01
5.870870870870871272e+01 4.716235806262943919e-01
5.885885885885885926e+01 2.973660824674168035e-01
5.900900900900901291e+01 2.673895212128143406e-01
5.915915915915915946e+01 2.569360161497200590e-01
5.930930930930931311e+01 2.112546850823386890e-01
5.945945945945945965e+01 2.795820215478959092e-01
5.960960960960961330e+01 4.258517092272005589e-01
5.975975975975975985e+01 4.648292446462065075e-01
5.990990990990991349e+01 4.299293359565650730e-01
6.006006006006006004e+01 4.155897147996279184e-01
6.021021021021021369e+01 4.243758326208865728e-01
6.036036036036036023e+01 4.528331928619485636e-01
6.051051051051051388e+01 4.940856121412818269e-01
6.066066066066066043e+01 5.414298914229002113e-01
6.081081081081081408e+01 4.570801147841867529e-01
6.096096096096096062e+01 2.887567132388917934e-01
6.111111111111111427e+01 2.654658225598247601e-01
6.126126126126126081e+01 2.540100443678067199e-01
6.141141141141141446e+01 2.097239841010308803e-01
6.156156156156156101e+01 2.846041604356723265e-01
6.171171171171171466e+01 4.298987186591036180e-01
6.186186186186186120e+01 4.601819745445551169e-01
6.201201201201201485e+01 4.265004309888681400e-01
6.216216216216216139e+01 4.136686548170251387e-01
6.231231231231231504e+01 4.239617916097698225e-01
6.246246246246246159e+01 4.535904374127270322e-01
6.261261261261261524e+01 4.955302379497011356e-01
6.276276276276276178e+01 5.431012522203951809e-01
6.291291291291291543e+01 4.438738411729798994e-01
6.306306306306306197e+01 2.835806215350914483e-01
6.321321321321321562e+01 2.671286700104618661e-01
6.336336336336336217e+01 2.524877985804588887e-01
6.351351351351351582e+01 2.088132688125437231e-01
6.366366366366366236e+01 2.925663742287023528e-01
6.381381381381381601e+01 4.377728030399650749e-01
6.396396396396396256e+01 4.610967484542851658e-01
6.411411411411411621e+01 4.284467304533160492e-01
6.426426426426426985e+01 4.167931922131081768e-01
6.441441441441440929e+01 4.281819618257579618e-01
6.456456456456456294e+01 4.586019800560315884e-01
6.471471471471471659e+01 5.009526707721613237e-01
6.486486486486487024e+01 5.485964104956937426e-01
6.501501501501500968e+01 4.377392188027473541e-01
6.516516516516516333e+01 2.836254911119775457e-01
6.531531531531531698e+01 2.687345464872282208e-01
6.546546546546547063e+01 2.509235177105040293e-01
6.561561561561561007e+01 2.105952391200381635e-01
6.576576576576576372e+01 3.014486600415246520e-01
6.591591591591591737e+01 4.451104359608611949e-01
6.606606606606607102e+01 4.584295751262068008e-01
6.621621621621621046e+01 4.262375247505816867e-01
6.636636636636636410e+01 4.152588697594221667e-01
6.651651651651651775e+01 4.274380898259135253e-01
6.666666666666667140e+01 4.585043807132790916e-01
6.681681681681681084e+01 5.012032168629122486e-01
6.696696696696696449e+01 5.489232308067526489e-01
6.711711711711711814e+01 4.240447416310319517e-01
6.726726726726727179e+01 2.769524595531401845e-01
6.741741741741742544e+01 2.670299102141011072e-01
6.756756756756756488e+01 2.476922425502052771e-01
6.771771771771771853e+01 2.097874586971496536e-01
6.786786786786787218e+01 3.061838065044961144e-01
6.801801801801802583e+01 4.481775594831712284e-01
6.816816816816816527e+01 4.539677663098218852e-01
6.831831831831831892e+01 4.229896670383728186e-01
6.846846846846847257e+01 4.135954892322724064e-01
6.861861861861862621e+01 4.273419864157043668e-01
6.876876876876876565e+01 4.595108947433590441e-01
6.891891891891891930e+01 5.027460519240792847e-01
6.906906906906907295e+01 5.505769892427057055e-01
6.921921921921922660e+01 4.118635315784066053e-01
6.936936936936936604e+01 2.740187934274175285e-01
6.951951951951951969e+01 2.685099323537827876e-01
6.966966966966967334e+01 2.454329582694707301e-01
6.981981981981982699e+01 2.098888551670646530e-01
6.996996996996996643e+01 3.142439459220466857e-01
7.012012012012012008e+01 4.553753664560817871e-01
7.027027027027027373e+01 4.550027438232727706e-01
7.042042042042042738e+01 4.250741531412372542e-01
7.057057057057056682e+01 4.169530440845904407e-01
7.072072072072072046e+01 4.318257637739861265e-01
7.087087087087087411e+01 4.646840933632003234e-01
7.102102102102102776e+01 5.081925561382332202e-01
7.117117117117116720e+01 5.560300065372095757e-01
7.132132132132132085e+01 4.067660153348401919e-01
7.147147147147147450e+01 2.751813909343541753e-01
7.162162162162162815e+01 2.695479534165675095e-01
7.177177177177176759e+01 2.434227182491963681e-01
7.192192192192192124e+01 2.129353543595111642e-01
7.207207207207207489e+01 3.230951286845366033e-01
7.222222222222222854e+01 4.623166789779952213e-01
7.237237237237236798e+01 4.523037687577913246e-01
7.252252252252252163e+01 4.228954401110090466e-01
7.267267267267267528e+01 4.155780094336918307e-01
7.282282282282282893e+01 4.312563851781310853e-01
7.297297297297296836e+01 4.646432076964594482e-01
7.312312312312312201e+01 5.083906183863080575e-01
7.327327327327327566e+01 5.562880535374518098e-01
7.342342342342342931e+01 3.938420563948571429e-01
7.357357357357356875e+01 2.698441039116724061e-01
7.372372372372372240e+01 2.676171770632503888e-01
7.387387387387387605e+01 2.397932784293082820e-01
7.402402402402402970e+01 2.132422193047401604e-01
7.417417417417416914e+01 3.280212431841558196e-01
7.432432432432432279e+01 4.652778391179491768e-01
7.447447447447447644e+01 4.478866219787699943e-01
7.462462462462463009e+01 4.198324046045568969e-01
7.477477477477476953e+01 4.142123487366793366e-01
7.492492492492492318e+01 4.313790614257825839e-01
7.507507507507507682e+01 4.656930088254356281e-01
7.522522522522523047e+01 5.098740569967992187e-01
7.537537537537536991e+01 5.578820668042573372e-01
7.552552552552552356e+01 3.823644373875119684e-01
7.567567567567567721e+01 2.682989168958866966e-01
7.582582582582583086e+01 2.685429722640513273e-01
7.597597597597597030e+01 2.369026126515552388e-01
7.612612612612612395e+01 2.151631138525101627e-01
7.627627627627627760e+01 3.367490965939897718e-01
7.642642642642643125e+01 4.724982782348929322e-01
7.657657657657657069e+01 4.490558638329588126e-01
7.672672672672672434e+01 4.222014128370555897e-01
7.687687687687687799e+01 4.179010999730116693e-01
7.702702702702703164e+01 4.360606646096713557e-01
7.717717717717718529e+01 4.709137320476967092e-01
7.732732732732732472e+01 5.153261610306979490e-01
7.747747747747747837e+01 5.633721318729698613e-01
7.762762762762763202e+01 3.777943339870726835e-01
7.777777777777778567e+01 2.697775178197064916e-01
7.792792792792792511e+01 2.688935631302913909e-01
7.807807807807807876e+01 2.347573862232650854e-01
7.822822822822823241e+01 2.202097372589810753e-01
7.837837837837838606e+01 3.461547076712476190e-01
7.852852852852852550e+01 4.794655477996916937e-01
7.867867867867867915e+01 4.464735424368849181e-01
7.882882882882883280e+01 4.202767739911780764e-01
7.897897897897898645e+01 4.167863941996964861e-01
7.912912912912912589e+01 4.356190721081539263e-01
7.927927927927927954e+01 4.709046390255390291e-01
7.942942942942943318e+01 5.155672026692017518e-01
7.957957957957958683e+01 5.637149764588547107e-01
7.972972972972972627e+01 3.651870824452637665e-01
7.987987987987987992e+01 2.653106573173001914e-01
8.003003003003003357e+01 2.667143731564511899e-01
8.018018018018018722e+01 2.311502259054365738e-01
8.033033033033032666e+01 2.223707424460573401e-01
8.048048048048048031e+01 3.516334404177775541e-01
8.063063063063063396e+01 4.822424981424885404e-01
8.078078078078078761e+01 4.422193665794342254e-01
8.093093093093092705e+01 4.175033353270790615e-01
8.108108108108108070e+01 4.156511357634831150e-01
8.123123123123123435e+01 4.358080921238128846e-01
8.138138138138138800e+01 4.719416889076397115e-01
8.153153153153152743e+01 5.170525472959248692e-01
8.168168168168168108e+01 5.648345028970896964e-01
8.183183183183183473e+01 3.541819881923801705e-01
8.198198198198198838e+01 2.648154188136598863e-01
8.213213213213212782e+01 2.671284289499298858e-01
8.228228228228228147e+01 2.281628602273208239e-01
8.243243243243243512e+01 2.266204450589023311e-01
8.258258258258258877e+01 3.609720315168078453e-01
8.273273273273272821e+01 4.853133430975412610e-01
8.288288288288288186e+01 4.435664018337320824e-01
8.303303303303303551e+01 4.201007203841010118e-01
8.318318318318318916e+01 4.194520165190071537e-01
8.333333333333332860e+01 4.404791508829408730e-01
8.348348348348348225e+01 4.771478524397077536e-01
8.363363363363363590e+01 5.225333185340008679e-01
8.378378378378378954e+01 5.577388353280597899e-01
8.393393393393392898e+01 3.499958939964817328e-01
8.408408408408408263e+01 2.665529241831665064e-01
8.423423423423423628e+01 2.670103486231426571e-01
8.438438438438438993e+01 2.265006127146071413e-01
8.453453453453452937e+01 2.335827461341156708e-01
8.468468468468468302e+01 3.705218501034110434e-01
8.483483483483483667e+01 4.823952110594609266e-01
8.498498498498499032e+01 4.411019384498766627e-01
8.513513513513512976e+01 4.182868941801544116e-01
8.528528528528528341e+01 4.183486659255414297e-01
8.543543543543543706e+01 4.400093707117836983e-01
8.558558558558559071e+01 4.771618175595618294e-01
8.573573573573573015e+01 5.228327462963322514e-01
8.588588588588588379e+01 5.428557622898588786e-01
8.603603603603603744e+01 3.380558124246926255e-01
8.618618618618619109e+01 2.631732368847031767e-01
8.633633633633633053e+01 2.647500044440576628e-01
8.648648648648648418e+01 2.233417871775527641e-01
8.663663663663663783e+01 2.371070828019121446e-01
8.678678678678679148e+01 3.757795392960259773e-01
8.693693693693694513e+01 4.773889110738804842e-01
8.708708708708708457e+01 4.371926149062089206e-01
8.723723723723723822e+01 4.158292793019676137e-01
8.738738738738739187e+01 4.174324769153116010e-01
8.753753753753754552e+01 4.403824781803066246e-01
8.768768768768768496e+01 4.783933601858444407e-01
8.783783783783783861e+01 5.244727986461317215e-01
8.798798798798799226e+01 5.292468570923916094e-01
8.813813813813814591e+01 3.283715203390934478e-01
8.828828828828828534e+01 2.639050391653326999e-01
8.843843843843843899e+01 2.647400428248565807e-01
8.858858858858859264e+01 2.206188635565473066e-01
8.873873873873874629e+01 2.428468549417147349e-01
8.888888888888888573e+01 3.847466890807559325e-01
8.903903903903903938e+01 4.779336987218059107e-01
8.918918918918919303e+01 4.387090957441825423e-01
8.933933933933934668e+01 4.185069723614152082e-01
8.948948948948948612e+01 4.212444552400929632e-01
8.963963963963963977e+01 4.450890792293578091e-01
8.978978978978979342e+01 4.836612027814570225e-01
8.993993993993994707e+01 5.299614898595521595e-01
9.009009009009008651e+01 5.221164468404488890e-01
9.024024024024024015e+01 3.253618206302097970e-01
9.039039039039039380e+01 2.660593403052748385e-01
9.054054054054054745e+01 2.642463139261025939e-01
9.069069069069068689e+01 2.195794220733525148e-01
9.084084084084084054e+01 2.505737963384563893e-01
9.099099099099099419e+01 3.934632412954067737e-01
9.114114114114114784e+01 4.751511176573028350e-01
9.129129129129128728e+01 4.363511331577982766e-01
9.144144144144144093e+01 4.167406608338417584e-01
9.159159159159159458e+01 4.202148041791755051e-01
9.174174174174174823e+01 4.447675903838383960e-01
9.189189189189188767e+01 4.838238833171845665e-01
9.204204204204204132e+01 5.303193737452105427e-01
9.219219219219219497e+01 5.075118463403862634e-01
9.234234234234234862e+01 3.149744681376380750e-01
9.249249249249248805e+01 2.636999312048143862e-01
9.264264264264264170e+01 2.617523538540951211e-01
9.279279279279279535e+01 2.166688944170040154e-01
9.294294294294294900e+01 2.544491733280934698e-01
9.309309309309308844e+01 3.978237384639211616e-01
9.324324324324324209e+01 4.703502605665602077e-01
9.339339339339339574e+01 4.326257429924563191e-01
9.354354354354354939e+01 4.144660459712775635e-01
9.369369369369368883e+01 4.195428424273711654e-01
9.384384384384384248e+01 4.454089732059923201e-01
9.399399399399399613e+01 4.852389475722346801e-01
9.414414414414414978e+01 5.320064542872479096e-01
9.429429429429428922e+01 4.943332022750133170e-01
9.444444444444444287e+01 3.073731407877318134e-01
9.459459459459459651e+01 2.652359562148361993e-01
9.474474474474475016e+01 2.611135542484884220e-01
9.489489489489488960e+01 2.140561486714155637e-01
9.504504504504504325e+01 2.608403346119573807e-01
9.519519519519519690e+01 4.060737736666801267e-01
9.534534534534535055e+01 4.710742690969721980e-01
9.549549549549548999e+01 4.342779202522749626e-01
9.564564564564564364e+01 4.173016018193301258e-01
9.579579579579579729e+01 4.235832944030012981e-01
9.594594594594595094e+01 4.503362001280652449e-01
9.609609609609609038e+01 4.906152194234978392e-01
9.624624624624624403e+01 5.374831768328532933e-01
9.639639639639639768e+01 4.879728553525880530e-01
9.654654654654655133e+01 3.059736319458680187e-01
9.669669669669670498e+01 2.673610856527012802e-01
9.684684684684684441e+01 2.600408585055818400e-01
9.699699699699699806e+01 2.135148447096743840e-01
9.714714714714715171e+01 2.688428280649446389e-01
9.729729729729730536e+01 4.141100982629322691e-01
9.744744744744744480e+01 4.683046144810601441e-01
9.759759759759759845e+01 4.319019383159973247e-01
9.774774774774775210e+01 4.156042613386122797e-01
9.789789789789790575e+01 4.227266174982959868e-01
9.804804804804804519e+01 4.501589066432561403e-01
9.819819819819819884e+01 4.907988322779210932e-01
9.834834834834835249e+01 5.377739481651753195e-01
9.849849849849850614e+01 4.740206049749342010e-01
9.864864864864864558e+01 2.972134918419029326e-01
9.879879879879879923e+01 2.653701330020237226e-01
9.894894894894895288e+01 2.571014717347430145e-01
9.909909909909910652e+01 2.108950224214088953e-01
9.924924924924924596e+01 2.730210269878701745e-01
9.939939939939939961e+01 4.180846785245934116e-01
9.954954954954955326e+01 4.635372978065938621e-01
9.969969969969970691e+01 4.282572117388800392e-01
9.984984984984984635e+01 4.135453451971828898e-01
1.000000000000000000e+02 4.223140569869811012e-01
1.001501501501501536e+02 4.509332719293173697e-01
1.003003003003003073e+02 4.921855998571758595e-01
1.004504504504504467e+02 5.393606556584663592e-01
1.006006006006006004e+02 4.612453331134676593e-01
1.007507507507507540e+02 2.914172983268135120e-01
1.009009009009009077e+02 2.669290120366388797e-01
1.010510510510510471e+02 2.556292934630819969e-01
1.012012012012012008e+02 2.087865906135969452e-01
1.013513513513513544e+02 2.802985106772861168e-01
1.015015015015015081e+02 4.263123191109481347e-01
1.016516516516516475e+02 4.643353856106099409e-01
1.018018018018018012e+02 4.300788516566898534e-01
1.019519519519519548e+02 4.166805561688510240e-01
1.021021021021021085e+02 4.266372514026111062e-01
1.022522522522522479e+02 4.559912530034169742e-01
1.024024024024024015e+02 4.975702251261639453e-01
1.025525525525525552e+02 5.448276288123800049e-01
1.027027027027027088e+02 4.553408623394397670e-01
1.028528528528528483e+02 2.909854609096126365e-01
1.030030030030030019e+02 2.685215532594492083e-01
1.031531531531531556e+02 2.539598552306683299e-01
1.033033033033033092e+02 2.094191323290754414e-01
1.034534534534534487e+02 2.890650955630282848e-01
1.036036036036036023e+02 4.344675533055158967e-01
1.037537537537537560e+02 4.615462256549922593e-01
1.039039039039039096e+02 4.278000228825883933e-01
1.040540540540540491e+02 4.151950035973834829e-01
1.042042042042042027e+02 4.259457714798099981e-01
1.043543543543543564e+02 4.558422257958533175e-01
1.045045045045045100e+02 4.977168089590634503e-01
1.046546546546546494e+02 5.451103569129568394e-01
1.048048048048048031e+02 4.414869425308515227e-01
1.049549549549549567e+02 2.832848852398611172e-01
1.051051051051051104e+02 2.665166087379968740e-01
1.052552552552552498e+02 2.506699256839436396e-01
1.054054054054054035e+02 2.079854519323832696e-01
1.055555555555555571e+02 2.941010538979721423e-01
1.057057057057057108e+02 4.386146427107640577e-01
1.058558558558558644e+02 4.569115896397238363e-01
1.060060060060060039e+02 4.244622477369551783e-01
1.061561561561561575e+02 4.135183041795681413e-01
1.063063063063063112e+02 4.257850514289228672e-01
1.064564564564564648e+02 4.567001050984546007e-01
1.066066066066066043e+02 4.991307622394499099e-01
1.067567567567567579e+02 5.467424807810085108e-01
1.069069069069069116e+02 4.287369124058169612e-01
1.070570570570570652e+02 2.789316914941141756e-01
1.072072072072072046e+02 2.678566382391385781e-01
1.073573573573573583e+02 2.485736867267121508e-01
1.075075075075075119e+02 2.075801626041632320e-01
1.076576576576576656e+02 3.025921931396116649e-01
1.078078078078078050e+02 4.469409336410781197e-01
1.079579579579579587e+02 4.578024983773092971e-01
1.081081081081081123e+02 4.265102849461446244e-01
1.082582582582582660e+02 4.168642877638261690e-01
1.084084084084084054e+02 4.301628715603553199e-01
1.085585585585585591e+02 4.617114592905859904e-01
1.087087087087087127e+02 5.044844711361093914e-01
1.088588588588588664e+02 5.522165393716473858e-01
1.090090090090090058e+02 4.227403252322420313e-01
1.091591591591591595e+02 2.790411697670059366e-01
1.093093093093093131e+02 2.689578106952453806e-01
1.094594594594594668e+02 2.467095121266137114e-01
1.096096096096096062e+02 2.103752519806779409e-01
1.097597597597597598e+02 3.121509046884383132e-01
1.099099099099099135e+02 4.548758596067790649e-01
1.100600600600600671e+02 4.550682876955288725e-01
1.102102102102102066e+02 4.243807329908188541e-01
1.103603603603603602e+02 4.154785584164443213e-01
1.105105105105105139e+02 4.294568875479433112e-01
1.106606606606606675e+02 4.615233684014891091e-01
1.108108108108108070e+02 5.046437333414772741e-01
1.109609609609609606e+02 5.525328905141989599e-01
1.111111111111111143e+02 4.088281422606135362e-01
1.112612612612612679e+02 2.725164038914017484e-01
1.114114114114114074e+02 2.670313050806630839e-01
1.115615615615615610e+02 2.433682004284859479e-01
1.117117117117117147e+02 2.107431760598754977e-01
1.118618618618618683e+02 3.177195119946874535e-01
1.120120120120120077e+02 4.584603415643757063e-01
1.121621621621621614e+02 4.506846709921785710e-01
1.123123123123123150e+02 4.213699758837746168e-01
1.124624624624624687e+02 4.140502721694251931e-01
1.126126126126126081e+02 4.294348459522580042e-01
1.127627627627627618e+02 4.625014717759005634e-01
1.129129129129129154e+02 5.061921589152769130e-01
1.130630630630630691e+02 5.542565108141837005e-01
1.132132132132132085e+02 3.963786801942044691e-01
1.133633633633633622e+02 2.699290215029773177e-01
1.135135135135135158e+02 2.682468169558212545e-01
1.136636636636636695e+02 2.409949165069129595e-01
1.138138138138138089e+02 2.124461548159510549e-01
1.139639639639639626e+02 3.267309379203195419e-01
1.141141141141141162e+02 4.658917548317358936e-01
1.142642642642642699e+02 4.518440332220761690e-01
1.144144144144144093e+02 4.236774939688280339e-01
1.145645645645645629e+02 4.175419076193624401e-01
1.147147147147147166e+02 4.338967678646962756e-01
1.148648648648648702e+02 4.676262317739852681e-01
1.150150150150150097e+02 5.116697320132082005e-01
1.151651651651651633e+02 5.597881009545950803e-01
1.153153153153153170e+02 3.909166861057771780e-01
1.154654654654654706e+02 2.710548568864813990e-01
1.156156156156156243e+02 2.690365395439607843e-01
1.157657657657657637e+02 2.392027984820122577e-01
1.159159159159159174e+02 2.170961667606752243e-01
1.160660660660660710e+02 3.361744675918248992e-01
1.162162162162162247e+02 4.726136785552834674e-01
1.163663663663663641e+02 4.492945168953101920e-01
1.165165165165165178e+02 4.216794640713226183e-01
1.166666666666666714e+02 4.162246131832572082e-01
1.168168168168168251e+02 4.332876218926722256e-01
1.169669669669669645e+02 4.675918030390381341e-01
1.171171171171171181e+02 5.119621414114715607e-01
1.172672672672672718e+02 5.601457045821923719e-01
1.174174174174174254e+02 3.778146084031108742e-01
1.175675675675675649e+02 2.662540613851236970e-01
1.177177177177177185e+02 2.671781227734942310e-01
1.178678678678678722e+02 2.358709273721398825e-01
1.180180180180180258e+02 2.186523167528763023e-01
1.181681681681681653e+02 3.413168714027227102e-01
1.183183183183183189e+02 4.748776147645780155e-01
1.184684684684684726e+02 4.450971671368272320e-01
1.186186186186186262e+02 4.188079449154475387e-01
1.187687687687687657e+02 4.149146402619756091e-01
1.189189189189189193e+02 4.334170070237127748e-01
1.190690690690690730e+02 4.687169210100671779e-01
1.192192192192192266e+02 5.135649478363636389e-01
1.193693693693693660e+02 5.618032718265260073e-01
1.195195195195195197e+02 3.665378060119323100e-01
1.196696696696696733e+02 2.655815733984623894e-01
1.198198198198198270e+02 2.680694005127899904e-01
1.199699699699699664e+02 2.331445486546598611e-01
1.201201201201201201e+02 2.217365938198017639e-01
1.202702702702702737e+02 3.499601660596968755e-01
1.204204204204204274e+02 4.810097948452072836e-01
1.205705705705705668e+02 4.464136570926294789e-01
1.207207207207207205e+02 4.212252842706858957e-01
1.208708708708708741e+02 4.185386643764774650e-01
1.210210210210210278e+02 4.380636866127405882e-01
1.211711711711711672e+02 4.739986590633543106e-01
1.213213213213213209e+02 5.190894699000851986e-01
1.214714714714714745e+02 5.672809090607457971e-01
1.216216216216216282e+02 3.624053629997074366e-01
1.217717717717717676e+02 2.676454245826874190e-01
1.219219219219219212e+02 2.683748011672283384e-01
1.220720720720720749e+02 2.312741177846233120e-01
1.222222222222222285e+02 2.274005917667800969e-01
1.223723723723723680e+02 3.587814215129961903e-01
1.225225225225225216e+02 4.862764248458938954e-01
1.226726726726726753e+02 4.438877911814678168e-01
1.228228228228228289e+02 4.192399285711761459e-01
1.229729729729729684e+02 4.173284537056994314e-01
1.231231231231231220e+02 4.376293195381363854e-01
1.232732732732732757e+02 4.740801269660005479e-01
1.234234234234234293e+02 5.193801210776031185e-01
1.235735735735735688e+02 5.591631993162573533e-01
1.237237237237237224e+02 3.506244346070223616e-01
1.238738738738738761e+02 2.641879185236087335e-01
1.240240240240240297e+02 2.662566492351896019e-01
1.241741741741741691e+02 2.277245969711925166e-01
1.243243243243243228e+02 2.296351514314157183e-01
1.244744744744744764e+02 3.634114096892850920e-01
1.246246246246246301e+02 4.812198795882307034e-01
1.247747747747747695e+02 4.397697548715094329e-01
1.249249249249249232e+02 4.165170067026267020e-01
1.250750750750750768e+02 4.162751510778720521e-01
1.252252252252252305e+02 4.379981435460553185e-01
1.253753753753753841e+02 4.753002048348500819e-01
1.255255255255255236e+02 5.209390260704080955e-01
1.256756756756756772e+02 5.463724496199658942e-01
1.258258258258258309e+02 3.408652363502647220e-01
1.259759759759759845e+02 2.646902964537609093e-01
1.261261261261261239e+02 2.664664157244877596e-01
1.262762762762762776e+02 2.245305357681558200e-01
1.264264264264264312e+02 2.339553912271472025e-01
1.265765765765765849e+02 3.719529753911076653e-01
1.267267267267267243e+02 4.817231137027048749e-01
1.268768768768768780e+02 4.411258965943203880e-01
1.270270270270270316e+02 4.190704524130322017e-01
1.271771771771771853e+02 4.201175850476618900e-01
1.273273273273273247e+02 4.427974224679589454e-01
1.274774774774774784e+02 4.805885799499495237e-01
1.276276276276276320e+02 5.263801795622996549e-01
1.277777777777777857e+02 5.399770836429860221e-01
1.279279279279279251e+02 3.378482692563660184e-01
1.280780780780780788e+02 2.668320561975781047e-01
1.282282282282282324e+02 2.660555457197437690e-01
1.283783783783783861e+02 2.227124691096118714e-01
1.285285285285285397e+02 2.407397269146880903e-01
1.286786786786786934e+02 3.807466475148982288e-01
1.288288288288288186e+02 4.788385013405629942e-01
1.289789789789789722e+02 4.385991517893526592e-01
1.291291291291291259e+02 4.172227109424209712e-01
1.292792792792792795e+02 4.191219557991297529e-01
1.294294294294294332e+02 4.424900123674415653e-01
1.295795795795795868e+02 4.806687773982381562e-01
1.297297297297297405e+02 5.266282391512825400e-01
1.298798798798798941e+02 5.258758705008821366e-01
1.300300300300300194e+02 3.270492336355930174e-01
1.301801801801801730e+02 2.639564960589541598e-01
1.303303303303303267e+02 2.635087481985034508e-01
1.304804804804804803e+02 2.192269769889498843e-01
1.306306306306306340e+02 2.441277038251800924e-01
1.307807807807807876e+02 3.855982014969367988e-01
1.309309309309309413e+02 4.739048925229402687e-01
1.310810810810810949e+02 4.347270538623035363e-01
1.312312312312312201e+02 4.149097553029262864e-01
1.313813813813813738e+02 4.184753990156413472e-01
1.315315315315315274e+02 4.430911390427874075e-01
1.316816816816816811e+02 4.819739666305627446e-01
1.318318318318318347e+02 5.282406078387600346e-01
1.319819819819819884e+02 5.128643706549229631e-01
1.321321321321321420e+02 3.184827820273651300e-01
1.322822822822822957e+02 2.649163773053228033e-01
1.324324324324324209e+02 2.629578149524228747e-01
1.325825825825825746e+02 2.161614012444344479e-01
1.327327327327327282e+02 2.502296581750207416e-01
1.328828828828828819e+02 3.946271190290417397e-01
1.330330330330330355e+02 4.744361498811279776e-01
1.331831831831831892e+02 4.362439394428628825e-01
1.333333333333333428e+02 4.177277825070642714e-01
1.334834834834834965e+02 4.225035106298947185e-01
1.336336336336336217e+02 4.479136725774723327e-01
1.337837837837837753e+02 4.872160593263856754e-01
1.339339339339339290e+02 5.336644120915153833e-01
1.340840840840840826e+02 5.061958420925820601e-01
1.342342342342342363e+02 3.160475781434304854e-01
1.343843843843843899e+02 2.667657078757001421e-01
1.345345345345345436e+02 2.619935412000793384e-01
1.346846846846846972e+02 2.152435403976505346e-01
1.348348348348348509e+02 2.584858626139107107e-01
1.349849849849849761e+02 4.036939767172506577e-01
1.351351351351351298e+02 4.715340171615404197e-01
1.352852852852852834e+02 4.338324344163749235e-01
1.354354354354354371e+02 4.160544085213537246e-01
1.355855855855855907e+02 4.215845362022158649e-01
1.357357357357357444e+02 4.475679030770701172e-01
1.358858858858858980e+02 4.872501737209017358e-01
1.360360360360360517e+02 5.339153246890159243e-01
1.361861861861861769e+02 4.915753745528379515e-01
1.363363363363363305e+02 3.059426965855705505e-01
1.364864864864864842e+02 2.642833662814592088e-01
1.366366366366366378e+02 2.591723900652131984e-01
1.367867867867867915e+02 2.126175921245024025e-01
1.369369369369369451e+02 2.631501237645736402e-01
1.370870870870870988e+02 4.086428163069565911e-01
1.372372372372372524e+02 4.666987584051053295e-01
1.373873873873873777e+02 4.302181727702128478e-01
1.375375375375375313e+02 4.140245667601825663e-01
1.376876876876876850e+02 4.210926983976142624e-01
1.378378378378378386e+02 4.482217641593496116e-01
1.379879879879879923e+02 4.886093028845582276e-01
1.381381381381381459e+02 5.355962013601249794e-01
1.382882882882882996e+02 4.781084700397311704e-01
1.384384384384384532e+02 2.987007726105052607e-01
1.385885885885885784e+02 2.656472379414930862e-01
1.387387387387387321e+02 2.581178338504174774e-01
1.388888888888888857e+02 2.106086639720007314e-01
1.390390390390390394e+02 2.707385565471668865e-01
1.391891891891891930e+02 4.175823274794703832e-01
1.393393393393393467e+02 4.674165182764860593e-01
1.394894894894895003e+02 4.320138570935158628e-01
1.396396396396396540e+02 4.170548629699210585e-01
1.397897897897897792e+02 4.251934876708223232e-01
1.399399399399399329e+02 4.530734657068188342e-01
1.400900900900900865e+02 4.939165181846326136e-01
1.402402402402402402e+02 5.410856415824965016e-01
1.403903903903903938e+02 4.712233266040587454e-01
1.405405405405405475e+02 2.971677079427808565e-01
1.406906906906907011e+02 2.673893726181457153e-01
1.408408408408408548e+02 2.568529351628579538e-01
1.409909909909909800e+02 2.111755681891078484e-01
1.411411411411411336e+02 2.797864893666696107e-01
1.412912912912912873e+02 4.260728525152566171e-01
1.414414414414414409e+02 4.646267954330570160e-01
1.415915915915915946e+02 4.297474137078856060e-01
1.417417417417417482e+02 4.154518978259267303e-01
1.418918918918919019e+02 4.242893173422243591e-01
1.420420420420420555e+02 4.527834742704182625e-01
1.421921921921921808e+02 4.940559753252910524e-01
1.423423423423423344e+02 5.414121592849320264e-01
1.424924924924924881e+02 4.566281099534726939e-01
1.426426426426426417e+02 2.885242618748854460e-01
1.427927927927927954e+02 2.654528321975258565e-01
1.429429429429429490e+02 2.539196612982524970e-01
1.430930930930931027e+02 2.096562094807346843e-01
1.432432432432432563e+02 2.848273255181224539e-01
1.433933933933933815e+02 4.301372527815875979e-01
1.435435435435435352e+02 4.600638809943262131e-01
1.436936936936936888e+02 4.264188760109745013e-01
1.438438438438438425e+02 4.136411713719591043e-01
1.439939939939939961e+02 4.239833534796505488e-01
1.441441441441441498e+02 4.536406241454097876e-01
1.442942942942943034e+02 4.955942821807178267e-01
1.444444444444444571e+02 5.431734610599568969e-01
1.445945945945946107e+02 4.434934443074944888e-01
1.447447447447447360e+02 2.834289063377271600e-01
1.448948948948948896e+02 2.671340039581427961e-01
1.450450450450450433e+02 2.523893097002165020e-01
1.451951951951951969e+02 2.087799340331204234e-01
1.453453453453453506e+02 2.928453429217963699e-01
1.454954954954955042e+02 4.380591951163992359e-01
1.456456456456456579e+02 4.610357665037534414e-01
1.457957957957958115e+02 4.284262405209590674e-01
1.459459459459459367e+02 4.168239210925248073e-01
1.460960960960960904e+02 4.282528022495801778e-01
1.462462462462462440e+02 4.586945693679458369e-01
1.463963963963963977e+02 5.010574001824624757e-01
1.465465465465465513e+02 5.487091192238517934e-01
1.466966966966967050e+02 4.373782554491891239e-01
1.468468468468468586e+02 2.834883108924871054e-01
1.469969969969970123e+02 2.687382882554670838e-01
1.471471471471471375e+02 2.508368845055728991e-01
1.472972972972972912e+02 2.106107234880049139e-01
1.474474474474474448e+02 3.017431076672411616e-01
1.475975975975975985e+02 4.453939863872202753e-01
1.477477477477477521e+02 4.583570904970241111e-01
1.478978978978979058e+02 4.262026003981211897e-01
1.480480480480480594e+02 4.152673192913640121e-01
1.481981981981982130e+02 4.274790461637924532e-01
1.483483483483483383e+02 4.585653787106031554e-01
1.484984984984984919e+02 5.012787631464545868e-01
1.486486486486486456e+02 5.490085663764794344e-01
1.487987987987987992e+02 4.236401511968347910e-01
1.489489489489489529e+02 2.767936295992874385e-01
1.490990990990991065e+02 2.670211973923848903e-01
1.492492492492492602e+02 2.476068443829214927e-01
1.493993993993994138e+02 2.098365546323093245e-01
1.495495495495495391e+02 3.064832558682405450e-01
1.496996996996996927e+02 4.484369559586220411e-01
1.498498498498498464e+02 4.539087391217376255e-01
1.500000000000000000e+02 4.229735391634730224e-01
