0.000000000000000000e+00 9.374789220335665307e-01
1.501501501501501523e-01 7.220111806820611600e-01
3.003003003003003046e-01 4.837339090260038832e-01
4.504504504504504570e-01 3.261771333430775188e-01
6.006006006006006093e-01 2.451800533125735315e-01
7.507507507507507061e-01 2.157993993245570230e-01
9.009009009009009139e-01 2.275916516662455646e-01
1.051051051051051122e+00 2.813702193160781961e-01
1.201201201201201219e+00 2.312884640939557035e-01
1.351351351351351315e+00 1.905490830260724022e-01
1.501501501501501412e+00 1.617729116695481861e-01
1.651651651651651731e+00 1.461846510079236328e-01
1.801801801801801828e+00 1.428936703822457632e-01
1.951951951951951925e+00 1.493366406586091599e-01
2.102102102102102243e+00 1.578051316263068271e-01
2.252252252252252340e+00 1.054627512005723161e-01
2.402402402402402437e+00 1.043793919995024411e-01
2.552552552552552534e+00 1.256101202230368030e-01
2.702702702702702631e+00 1.270757044457160867e-01
2.852852852852852727e+00 1.039599613244724802e-01
3.003003003003002824e+00 1.372679568189894839e-01
3.153153153153153365e+00 1.706480172695907793e-01
3.303303303303303462e+00 1.575708798409198585e-01
3.453453453453453559e+00 1.616106292463118099e-01
3.603603603603603656e+00 1.820440962275483299e-01
3.753753753753753752e+00 2.141160254301472665e-01
3.903903903903903849e+00 2.523775831331254715e-01
4.054054054054054390e+00 2.917833808696259634e-01
4.204204204204204487e+00 3.084109907358787983e-01
4.354354354354354584e+00 2.088411957288445753e-01
4.504504504504504681e+00 1.778622602558321275e-01
4.654654654654654777e+00 1.714041450812894551e-01
4.804804804804804874e+00 1.594005269667266300e-01
4.954954954954954971e+00 2.269514662357332291e-01
5.105105105105105068e+00 3.490153960251646814e-01
5.255255255255255165e+00 3.830668412616766716e-01
5.405405405405405261e+00 3.611612893255861656e-01
5.555555555555555358e+00 3.573962266012811750e-01
5.705705705705705455e+00 3.712848135448311715e-01
5.855855855855855552e+00 3.990363055756880883e-01
6.006006006006005649e+00 4.347500707641273054e-01
6.156156156156156634e+00 4.718801549194039380e-01
6.306306306306306730e+00 4.663870537609300926e-01
6.456456456456456827e+00 3.138706160362135789e-01
6.606606606606606924e+00 2.292004571840829674e-01
6.756756756756757021e+00 2.045378768472244646e-01
6.906906906906907118e+00 2.040976855253976707e-01
7.057057057057057214e+00 2.557255938143050966e-01
7.207207207207207311e+00 3.675449412690509066e-01
7.357357357357357408e+00 4.126188903339683134e-01
7.507507507507507505e+00 3.762583291565662069e-01
7.657657657657657602e+00 3.557802834578441264e-01
7.807807807807807698e+00 3.539375248686560949e-01
7.957957957957957795e+00 3.701768446712361271e-01
8.108108108108108780e+00 3.998745083712390569e-01
8.258258258258258877e+00 4.361846898603901068e-01
8.408408408408408974e+00 4.202514199015331964e-01
8.558558558558559071e+00 2.646040602828078625e-01
8.708708708708709167e+00 2.037410958529814742e-01
8.858858858858859264e+00 1.897511666888260784e-01
9.009009009009009361e+00 1.833169225987124618e-01
9.159159159159159458e+00 2.188554519965326961e-01
9.309309309309309555e+00 3.172842295364894372e-01
9.459459459459459651e+00 3.592395610925895322e-01
9.609609609609609748e+00 3.219432801901663255e-01
9.759759759759759845e+00 3.025190151787519599e-01
9.909909909909909942e+00 3.043812051460613732e-01
1.006006006006006004e+01 3.257126368523899362e-01
1.021021021021021014e+01 3.599104026554174607e-01
1.036036036036036023e+01 3.991946641399338747e-01
1.051051051051051033e+01 3.728088682401186071e-01
1.066066066066066043e+01 2.380975375972637920e-01
1.081081081081081052e+01 1.956335176453422309e-01
1.096096096096096062e+01 1.822487368061490587e-01
1.111111111111111072e+01 1.782553475548167843e-01
1.126126126126126081e+01 2.240931843085192388e-01
1.141141141141141091e+01 3.194115321109110561e-01
1.156156156156156101e+01 3.509299749402116086e-01
1.171171171171171110e+01 3.192456191634304719e-01
1.186186186186186120e+01 3.062944581264043786e-01
1.201201201201201130e+01 3.136377861634376818e-01
1.216216216216216317e+01 3.378950682923098636e-01
1.231231231231231327e+01 3.723571214615667424e-01
1.246246246246246336e+01 4.099143020453952513e-01
1.261261261261261346e+01 3.703574367112491550e-01
1.276276276276276356e+01 2.532958831056399407e-01
1.291291291291291365e+01 2.109629686281462857e-01
1.306306306306306375e+01 1.956889408896393678e-01
1.321321321321321385e+01 1.909866143921219173e-01
1.336336336336336394e+01 2.405260284901022949e-01
1.351351351351351404e+01 3.384970134435965616e-01
1.366366366366366414e+01 3.657353208847416437e-01
1.381381381381381424e+01 3.348837423436863414e-01
1.396396396396396433e+01 3.223852957015519438e-01
1.411411411411411443e+01 3.296458365907900534e-01
1.426426426426426453e+01 3.534038367780674705e-01
1.441441441441441462e+01 3.871474063274519262e-01
1.456456456456456472e+01 4.238826636404234294e-01
1.471471471471471482e+01 3.745254971881523676e-01
1.486486486486486491e+01 2.594453780109099994e-01
1.501501501501501501e+01 2.136535570693453012e-01
1.516516516516516511e+01 1.962930755461687604e-01
1.531531531531531520e+01 1.916453495020551956e-01
1.546546546546546530e+01 2.407325016438536247e-01
1.561561561561561540e+01 3.379276022636492072e-01
1.576576576576576549e+01 3.587746584081216161e-01
1.591591591591591559e+01 3.267350564071513919e-01
1.606606606606606746e+01 3.130756002407693583e-01
1.621621621621621756e+01 3.194326551521156077e-01
1.636636636636636766e+01 3.425156953434876916e-01
1.651651651651651775e+01 3.757238736817369862e-01
1.666666666666666785e+01 4.121228988995808695e-01
1.681681681681681795e+01 3.526203511815606539e-01
1.696696696696696804e+01 2.427874025431473737e-01
1.711711711711711814e+01 2.015074633355841138e-01
1.726726726726726824e+01 1.869182652571863557e-01
1.741741741741741833e+01 1.842605338213382515e-01
1.756756756756756843e+01 2.352054361209708067e-01
1.771771771771771853e+01 3.290518046960856924e-01
1.786786786786786863e+01 3.444430679646182103e-01
1.801801801801801872e+01 3.141009119033126296e-01
1.816816816816816882e+01 3.024180526822558002e-01
1.831831831831831892e+01 3.107499381665120297e-01
1.846846846846846901e+01 3.353557814746221388e-01
1.861861861861861911e+01 3.694860137921299748e-01
1.876876876876876921e+01 4.063361395990859881e-01
1.891891891891891930e+01 3.357997958525438809e-01
1.906906906906906940e+01 2.351685629454439708e-01
1.921921921921921950e+01 1.990332864534493096e-01
1.936936936936936959e+01 1.865272254457094880e-01
1.951951951951951969e+01 1.854443072282253024e-01
1.966966966966966979e+01 2.422628628796071881e-01
1.981981981981981988e+01 3.359098421240393484e-01
1.996996996996996998e+01 3.470455698181336146e-01
2.012012012012012008e+01 3.183064896838618818e-01
2.027027027027027017e+01 3.086070047495971802e-01
2.042042042042042027e+01 3.187780192164332282e-01
2.057057057057057037e+01 3.445894027914349622e-01
2.072072072072072046e+01 3.792006371459744063e-01
2.087087087087087056e+01 4.159101545997435645e-01
2.102102102102102066e+01 3.379317303269425143e-01
2.117117117117117076e+01 2.405113255636001646e-01
2.132132132132132085e+01 2.041237040373188871e-01
2.147147147147147095e+01 1.906639922297541367e-01
2.162162162162162105e+01 1.902595346948822153e-01
2.177177177177177114e+01 2.517671680876766294e-01
2.192192192192192124e+01 3.446246336418087863e-01
2.207207207207207134e+01 3.468993756273292539e-01
2.222222222222222143e+01 3.185153923575669288e-01
2.237237237237237153e+01 3.092898673146085020e-01
2.252252252252252163e+01 3.197922554678034324e-01
2.267267267267267172e+01 3.456249431536694838e-01
2.282282282282282182e+01 3.800029172721446358e-01
2.297297297297297192e+01 4.163364682239988901e-01
2.312312312312312201e+01 3.291542572078115514e-01
2.327327327327327211e+01 2.358693068388319214e-01
2.342342342342342221e+01 2.016880484241559690e-01
2.357357357357357230e+01 1.891205201913051248e-01
2.372372372372372240e+01 1.905093220850386793e-01
2.387387387387387250e+01 2.551681872764089420e-01
2.402402402402402259e+01 3.458951743222597464e-01
2.417417417417417624e+01 3.424637066366543192e-01
2.432432432432432634e+01 3.155655364178263089e-01
2.447447447447447644e+01 3.079722018482892731e-01
2.462462462462462653e+01 3.197257551305173195e-01
2.477477477477477663e+01 3.461669707832263909e-01
2.492492492492492673e+01 3.806127911091395921e-01
2.507507507507507682e+01 4.166411295621077482e-01
2.522522522522522692e+01 3.195758834193067055e-01
2.537537537537537702e+01 2.336304479055841821e-01
2.552552552552552712e+01 2.011863098852614828e-01
2.567567567567567721e+01 1.889668446237243726e-01
2.582582582582582731e+01 1.917416910523668250e-01
2.597597597597597741e+01 2.603015058096094236e-01
2.612612612612612750e+01 3.502072404062598343e-01
2.627627627627627760e+01 3.432202584361289111e-01
2.642642642642642770e+01 3.174240136303949078e-01
2.657657657657657779e+01 3.109468412352898170e-01
2.672672672672672789e+01 3.234615746648900059e-01
2.687687687687687799e+01 3.502382446827639328e-01
2.702702702702702808e+01 3.847133884188228548e-01
2.717717717717717818e+01 4.205331533802063593e-01
2.732732732732732828e+01 3.167593896193556802e-01
2.747747747747747837e+01 2.338453436636650229e-01
2.762762762762762847e+01 2.015137745210501818e-01
2.777777777777777857e+01 1.891733379608859511e-01
2.792792792792792866e+01 1.941557082242261756e-01
2.807807807807807876e+01 2.664332013016558753e-01
2.822822822822822886e+01 3.541790292431404863e-01
2.837837837837837895e+01 3.390003587104692961e-01
2.852852852852852905e+01 3.137821072741865391e-01
2.867867867867867915e+01 3.078803469684338046e-01
2.882882882882882924e+01 3.208496408081301654e-01
2.897897897897897934e+01 3.479479065281795291e-01
2.912912912912912944e+01 3.826251593239932691e-01
2.927927927927927954e+01 4.184957468794702207e-01
2.942942942942942963e+01 3.058618350000989472e-01
2.957957957957957973e+01 2.275009678594908935e-01
2.972972972972972983e+01 1.981259275171967094e-01
2.987987987987987992e+01 1.872168797924343708e-01
3.003003003003003002e+01 1.953527111222447543e-01
3.018018018018018012e+01 2.705044566401237915e-01
3.033033033033033021e+01 3.547994741822929621e-01
3.048048048048048031e+01 3.350721496524312615e-01
3.063063063063063041e+01 3.115117942854099820e-01
3.078078078078078050e+01 3.072047443891841589e-01
3.093093093093093060e+01 3.213613769809712806e-01
3.108108108108108070e+01 3.491347789986159467e-01
3.123123123123123079e+01 3.840111966579843328e-01
3.138138138138138089e+01 4.196421910765295582e-01
3.153153153153153099e+01 2.977502649399424994e-01
3.168168168168168108e+01 2.257584125683472775e-01
3.183183183183183118e+01 1.980313820013779036e-01
3.198198198198198128e+01 1.876903232819839562e-01
3.213213213213213493e+01 1.981241098632822717e-01
3.228228228228228147e+01 2.769067695416702612e-01
3.243243243243243512e+01 3.588604772706384116e-01
3.258258258258258167e+01 3.370054574753769683e-01
3.273273273273273531e+01 3.144570470000017104e-01
3.288288288288288186e+01 3.110751917732055838e-01
3.303303303303303551e+01 3.259504045943258377e-01
3.318318318318318205e+01 3.542100052405825483e-01
3.333333333333333570e+01 3.892956612392582394e-01
3.348348348348348225e+01 4.247952755298364802e-01
3.363363363363363590e+01 2.962339463153336738e-01
3.378378378378378244e+01 2.265720129280046347e-01
3.393393393393393609e+01 1.991733694348962191e-01
3.408408408408408263e+01 1.887716760593007304e-01
3.423423423423423628e+01 2.020003828487049458e-01
3.438438438438438283e+01 2.834397549727280530e-01
3.453453453453453648e+01 3.620830105739217264e-01
3.468468468468468302e+01 3.338556423929640027e-01
3.483483483483483667e+01 3.116898362344653339e-01
3.498498498498498321e+01 3.087273053938230372e-01
3.513513513513513686e+01 3.240789382463984403e-01
3.528528528528528341e+01 3.527642735427873322e-01
3.543543543543543706e+01 3.880734468078528843e-01
3.558558558558558360e+01 4.235207436246676282e-01
3.573573573573573725e+01 2.866903587765543548e-01
3.588588588588588379e+01 2.212862447399480681e-01
3.603603603603603744e+01 1.964725773814848253e-01
3.618618618618618399e+01 1.872501310065147750e-01
3.633633633633633764e+01 2.037747692466869709e-01
3.648648648648648418e+01 2.865739211912911588e-01
3.663663663663663783e+01 3.609628765244075610e-01
3.678678678678678438e+01 3.302977495591523094e-01
3.693693693693693803e+01 3.096148163469647496e-01
3.708708708708708457e+01 3.081210738543486150e-01
3.723723723723723822e+01 3.246552566527081130e-01
3.738738738738738476e+01 3.540192247238438394e-01
3.753753753753753841e+01 3.894421225234418471e-01
3.768768768768768496e+01 4.245101025808175610e-01
3.783783783783783861e+01 2.801598440625051034e-01
3.798798798798798515e+01 2.201583461483948290e-01
3.813813813813813880e+01 1.966347269072288018e-01
3.828828828828828534e+01 1.877577905802643998e-01
3.843843843843843899e+01 2.066878518132860554e-01
3.858858858858859264e+01 2.920270720838213374e-01
3.873873873873873919e+01 3.634021745483826948e-01
3.888888888888889284e+01 3.323446577051061834e-01
3.903903903903903938e+01 3.125368419336134740e-01
3.918918918918919303e+01 3.119765717175026487e-01
3.933933933933933957e+01 3.293359115562995987e-01
3.948948948948949322e+01 3.592197071718011836e-01
3.963963963963963977e+01 3.947607433634390817e-01
3.978978978978979342e+01 4.295697549272615712e-01
3.993993993993993996e+01 2.797675770634082126e-01
4.009009009009009361e+01 2.212733630085217118e-01
4.024024024024024015e+01 1.977678408475565808e-01
4.039039039039039380e+01 1.886594850625641084e-01
4.054054054054054035e+01 2.104710116791730645e-01
4.069069069069069400e+01 2.974080989357965055e-01
4.084084084084084054e+01 3.652948513790920115e-01
4.099099099099099419e+01 3.291470969994380047e-01
4.114114114114114074e+01 3.096448612124532151e-01
4.129129129129129439e+01 3.096003442764552749e-01
4.144144144144144093e+01 3.275431491276836193e-01
4.159159159159159458e+01 3.578187409510978911e-01
4.174174174174174112e+01 3.934515524807833953e-01
4.189189189189189477e+01 4.210305382851806666e-01
4.204204204204204132e+01 2.714939633527778118e-01
4.219219219219219497e+01 2.165080748981066394e-01
4.234234234234234151e+01 1.951215313325311007e-01
4.249249249249249516e+01 1.869620641507060421e-01
4.264264264264264170e+01 2.120535559272586357e-01
4.279279279279279535e+01 2.995145728646743666e-01
4.294294294294294190e+01 3.605757268247434255e-01
4.309309309309309555e+01 3.256362014626497658e-01
4.324324324324324209e+01 3.076368725595420850e-01
4.339339339339339574e+01 3.091723986336377683e-01
4.354354354354354228e+01 3.283134611086707122e-01
4.369369369369369593e+01 3.591418445873071907e-01
4.384384384384384248e+01 3.947387286747993107e-01
4.399399399399399613e+01 4.078643613795487344e-01
4.414414414414414267e+01 2.666995114199591232e-01
4.429429429429429632e+01 2.157241876911480116e-01
4.444444444444444287e+01 1.952270106937311067e-01
4.459459459459459651e+01 1.871719643653271536e-01
4.474474474474474306e+01 2.150836262216346828e-01
4.489489489489489671e+01 3.047887106666004042e-01
4.504504504504504325e+01 3.620316451347680431e-01
4.519519519519519690e+01 3.277989042437595701e-01
4.534534534534534345e+01 3.107771194666921200e-01
4.549549549549549710e+01 3.133769237696775734e-01
4.564564564564564364e+01 3.333149630814545294e-01
4.579579579579579729e+01 3.645051866531062723e-01
4.594594594594594383e+01 4.000843623417074113e-01
4.609609609609609748e+01 4.035287576432575740e-01
4.624624624624624403e+01 2.672922567505665592e-01
4.639639639639639768e+01 2.168349495611485434e-01
4.654654654654654422e+01 1.960987832518356899e-01
4.669669669669669787e+01 1.878834322085577435e-01
4.684684684684684441e+01 2.192590146645979621e-01
4.699699699699699806e+01 3.102959895734245244e-01
4.714714714714714461e+01 3.586492299746487089e-01
4.729729729729729826e+01 3.246237995843501700e-01
4.744744744744744480e+01 3.080618956794692331e-01
4.759759759759759845e+01 3.112835057166217223e-01
4.774774774774774500e+01 3.317200221918503167e-01
4.789789789789789864e+01 3.631419887586991857e-01
4.804804804804804519e+01 3.987389752985384117e-01
4.819819819819819884e+01 3.911008492686065541e-01
4.834834834834835249e+01 2.598583403804501368e-01
4.849849849849849903e+01 2.122965258659027243e-01
4.864864864864865268e+01 1.933741339708552609e-01
4.879879879879879923e+01 1.862842280453610166e-01
4.894894894894895288e+01 2.214925923163151011e-01
4.909909909909909942e+01 3.127215426144794863e-01
4.924924924924925307e+01 3.540317992158800720e-01
4.939939939939939961e+01 3.213213376478829542e-01
4.954954954954955326e+01 3.064266114900501270e-01
4.969969969969969981e+01 3.112079551222551310e-01
4.984984984984985346e+01 3.326342360655554775e-01
5.000000000000000000e+01 3.644201174713620484e-01
5.015015015015015365e+01 3.999318144829226429e-01
5.030030030030030019e+01 3.793020726554110489e-01
5.045045045045045384e+01 2.559855224736133361e-01
5.060060060060060039e+01 2.114315246047802632e-01
5.075075075075075404e+01 1.932829535755735961e-01
5.090090090090090058e+01 1.866023508045031587e-01
5.105105105105105423e+01 2.256360210391626930e-01
5.120120120120120077e+01 3.187484195306423129e-01
5.135135135135135442e+01 3.554952454117191740e-01
5.150150150150150097e+01 3.236443107061146018e-01
5.165165165165165462e+01 3.098539678525306096e-01
5.180180180180180116e+01 3.156150188283590730e-01
5.195195195195195481e+01 3.376417658040106740e-01
5.210210210210210136e+01 3.696819131690672333e-01
5.225225225225225500e+01 4.052019469295822796e-01
5.240240240240240155e+01 3.757213068193617223e-01
5.255255255255255520e+01 2.564961060281008565e-01
5.270270270270270174e+01 2.121737244038816306e-01
5.285285285285285539e+01 1.939144791412810709e-01
5.300300300300300194e+01 1.877683522270823246e-01
5.315315315315315559e+01 2.310927874053865239e-01
5.330330330330330213e+01 3.248213774440640300e-01
5.345345345345345578e+01 3.520645556404510268e-01
5.360360360360360232e+01 3.205847871352918710e-01
5.375375375375375597e+01 3.073227551759685761e-01
5.390390390390390252e+01 3.135848080917442715e-01
5.405405405405405617e+01 3.359652284462353311e-01
5.420420420420420271e+01 3.682237657527793195e-01
5.435435435435435636e+01 4.038483727050583005e-01
5.450450450450450290e+01 3.636303626152495028e-01
5.465465465465465655e+01 2.491641029662283457e-01
5.480480480480480310e+01 2.077582300191868070e-01
5.495495495495495675e+01 1.913300347823573277e-01
5.510510510510510329e+01 1.869820468378036726e-01
5.525525525525525694e+01 2.344971298536687176e-01
5.540540540540540349e+01 3.273601218818635861e-01
5.555555555555555713e+01 3.476801498450552974e-01
5.570570570570570368e+01 3.176911624665226808e-01
5.585585585585585733e+01 3.060699076693451093e-01
5.600600600600600387e+01 3.136822663600321026e-01
5.615615615615615752e+01 3.368958374658804211e-01
5.630630630630630407e+01 3.695138636696869705e-01
5.645645645645645772e+01 4.051059292775986975e-01
5.660660660660660426e+01 3.523931137316757556e-01
5.675675675675675791e+01 2.457560581766047858e-01
5.690690690690690445e+01 2.069401323981034657e-01
5.705705705705705810e+01 1.914235748786821956e-01
5.720720720720720465e+01 1.880985111628904471e-01
5.735735735735735830e+01 2.398922731983315348e-01
5.750750750750750484e+01 3.332992483980852239e-01
5.765765765765765849e+01 3.493654110387634515e-01
5.780780780780781214e+01 3.203405444132103597e-01
5.795795795795795868e+01 3.097188059536469251e-01
5.810810810810811233e+01 3.181320416114166716e-01
5.825825825825825888e+01 3.418964271842407365e-01
5.840840840840841253e+01 3.748373103756175162e-01
5.855855855855855907e+01 4.104869781803541229e-01
5.870870870870871272e+01 3.489786320281549892e-01
5.885885885885885926e+01 2.461731683518918745e-01
5.900900900900901291e+01 2.077011046709099362e-01
5.915915915915915946e+01 1.922543279176372188e-01
5.930930930930931311e+01 1.901793661893442233e-01
5.945945945945945965e+01 2.461202754054335751e-01
5.960960960960961330e+01 3.386297575534565341e-01
5.975975975975975985e+01 3.461552100772593010e-01
5.990990990990991349e+01 3.175063559171724115e-01
6.006006006006006004e+01 3.072724636972707368e-01
6.021021021021021369e+01 3.160908241088357662e-01
6.036036036036036023e+01 3.402615641824376924e-01
6.051051051051051388e+01 3.735188799369736357e-01
6.066066066066066043e+01 4.092886313592746794e-01
6.081081081081081408e+01 3.372007301030044424e-01
6.096096096096096062e+01 2.393233199520572729e-01
6.111111111111111427e+01 2.038298234886769533e-01
6.126126126126126081e+01 1.900950622460284289e-01
6.141141141141141446e+01 1.902579141041952915e-01
6.156156156156156101e+01 2.496674297288427602e-01
6.171171171171171466e+01 3.398248394663460070e-01
6.186186186186186120e+01 3.420565179781108189e-01
6.201201201201201485e+01 3.148421917509010015e-01
6.216216216216216139e+01 3.060873641803655842e-01
6.231231231231231504e+01 3.161808891885213302e-01
6.246246246246246159e+01 3.412262796366901663e-01
6.261261261261261524e+01 3.748688914195176247e-01
6.276276276276276178e+01 4.105346069228795192e-01
6.291291291291291543e+01 3.269250240606504931e-01
6.306306306306306197e+01 2.367011473902099483e-01
6.321321321321321562e+01 2.033921605332412730e-01
6.336336336336336217e+01 1.904402936698580129e-01
6.351351351351351582e+01 1.918508715001950582e-01
6.366366366366366236e+01 2.550282262612798556e-01
6.381381381381381601e+01 3.443235047305707175e-01
6.396396396396396256e+01 3.439361279105450087e-01
6.411411411411411621e+01 3.175746137669345215e-01
6.426426426426426985e+01 3.097129488622306637e-01
6.441441441441440929e+01 3.206466509743812199e-01
6.456456456456456294e+01 3.463423780772766358e-01
6.471471471471471659e+01 3.803144429329161080e-01
6.486486486486487024e+01 4.159289144131870231e-01
6.501501501501500968e+01 3.244744957686793163e-01
6.516516516516516333e+01 2.375673233175842614e-01
6.531531531531531698e+01 2.044530689740086116e-01
6.546546546546547063e+01 1.913734574380795694e-01
6.561561561561561007e+01 1.942832392464434454e-01
6.576576576576576372e+01 2.607593932796672398e-01
6.591591591591591737e+01 3.481474636845523496e-01
6.606606606606607102e+01 3.408166084465015233e-01
6.621621621621621046e+01 3.146879475443301044e-01
6.636636636636636410e+01 3.071953362596654968e-01
6.651651651651651775e+01 3.186633869176210276e-01
6.666666666666667140e+01 3.448625092778991874e-01
6.681681681681681084e+01 3.791056502060999311e-01
6.696696696696696449e+01 4.147115593261591626e-01
6.711711711711711814e+01 3.139337476031976992e-01
6.726726726726727179e+01 2.315871809353630406e-01
6.741741741741742544e+01 2.011166629538716777e-01
6.756756756756756488e+01 1.893180132014266603e-01
6.771771771771771853e+01 1.945338575192617769e-01
6.786786786786787218e+01 2.635149974515721971e-01
6.801801801801802583e+01 3.479818262893508707e-01
6.816816816816816527e+01 3.369486644604948733e-01
6.831831831831831892e+01 3.121828457393756029e-01
6.846846846846847257e+01 3.062188416786817413e-01
6.861861861861862621e+01 3.190489841858172304e-01
6.876876876876876565e+01 3.460907724810767250e-01
6.891891891891891930e+01 3.805625822606121811e-01
6.906906906906907295e+01 4.158980927914324721e-01
6.921921921921922660e+01 3.057153019251776516e-01
6.936936936936936604e+01 2.299226683325453213e-01
6.951951951951951969e+01 2.009641807528879665e-01
6.966966966966967334e+01 1.895393033264446969e-01
6.981981981981982699e+01 1.960910839485259516e-01
6.996996996996996643e+01 2.684889942458093537e-01
7.012012012012012008e+01 3.516978728206985871e-01
7.027027027027027373e+01 3.388909283062157551e-01
7.042042042042042738e+01 3.149423474608872286e-01
7.057057057057056682e+01 3.099830653895511157e-01
7.072072072072072046e+01 3.237447459810733896e-01
7.087087087087087411e+01 3.513700611445812472e-01
7.102102102102102776e+01 3.860064792583398074e-01
7.117117117117116720e+01 4.211636158335586022e-01
7.132132132132132085e+01 3.047586309999115728e-01
7.147147147147147450e+01 2.310958380857241756e-01
7.162162162162162815e+01 2.019772144441365769e-01
7.177177177177176759e+01 1.901463975099244863e-01
7.192192192192192124e+01 1.985866759765064493e-01
7.207207207207207489e+01 2.739516824921507943e-01
7.222222222222222854e+01 3.551760835841912822e-01
7.237237237237236798e+01 3.356917094777515653e-01
7.252252252252252163e+01 3.120334344840178797e-01
7.267267267267267528e+01 3.076232240653504202e-01
7.282282282282282893e+01 3.219893502750271752e-01
7.297297297297296836e+01 3.500065288145852715e-01
7.312312312312312201e+01 3.847599794951519492e-01
7.327327327327327566e+01 4.198442432665980273e-01
7.342342342342342931e+01 2.956529534783445823e-01
7.357357357357356875e+01 2.256727242618188078e-01
7.372372372372372240e+01 1.987942826855676470e-01
7.387387387387387605e+01 1.879489179174407831e-01
7.402402402402402970e+01 1.991504341522336019e-01
7.417417417417416914e+01 2.767155731649478811e-01
7.432432432432432279e+01 3.550340353204603505e-01
7.447447447447447644e+01 3.318940573035429331e-01
7.462462462462463009e+01 3.097339239611000550e-01
7.477477477477476953e+01 3.069770969806557837e-01
7.492492492492492318e+01 3.226254622365765656e-01
7.507507507507507682e+01 3.512730159189424439e-01
7.522522522522523047e+01 3.860948982656917106e-01
7.537537537537536991e+01 4.208776556575973826e-01
7.552552552552552356e+01 2.890844389639756762e-01
7.567567567567567721e+01 2.243070418722308834e-01
7.582582582582583086e+01 1.985290333629769477e-01
7.597597597597597030e+01 1.879172320901104642e-01
7.612612612612612395e+01 2.012515685149156852e-01
7.627627627627627760e+01 2.823849587393534311e-01
7.642642642642643125e+01 3.590293951485012403e-01
7.657657657657657069e+01 3.338678740249566568e-01
7.672672672672672434e+01 3.127019463928540355e-01
7.687687687687687799e+01 3.110333094803828802e-01
7.702702702702703164e+01 3.274866932439966516e-01
7.717717717717718529e+01 3.565295369654732927e-01
7.732732732732732472e+01 3.914294792073786389e-01
7.747747747747747837e+01 4.260613569742868201e-01
7.762762762762763202e+01 2.887877946269910567e-01
7.777777777777778567e+01 2.252107736886094225e-01
7.792792792792792511e+01 1.992564242497053828e-01
7.807807807807807876e+01 1.884077311586374592e-01
7.822822822822823241e+01 2.047073874743939315e-01
7.837837837837838606e+01 2.886699239068706846e-01
7.852852852852852550e+01 3.627883492560720624e-01
7.867867867867867915e+01 3.306596137160614512e-01
7.882882882882883280e+01 3.099572144217754843e-01
7.897897897897898645e+01 3.088624952273701929e-01
7.912912912912912589e+01 3.257719216441484211e-01
7.927927927927927954e+01 3.550754907792522119e-01
7.942942942942943318e+01 3.900917749641186205e-01
7.957957957957958683e+01 4.247288660792823967e-01
7.972972972972972627e+01 2.800901783054728367e-01
7.987987987987987992e+01 2.198576656587198641e-01
8.003003003003003357e+01 1.961216478101661387e-01
8.018018018018018722e+01 1.864507494005585020e-01
8.033033033033032666e+01 2.064761974914201548e-01
8.048048048048048031e+01 2.921252337785744113e-01
8.063063063063063396e+01 3.625480891257275018e-01
8.078078078078078761e+01 3.271158395427665178e-01
8.093093093093092705e+01 3.080547104157529414e-01
8.108108108108108070e+01 3.085158933275846116e-01
8.123123123123123435e+01 3.264818831949891087e-01
8.138138138138138800e+01 3.562889651617200948e-01
8.153153153153152743e+01 3.913859555340234442e-01
8.168168168168168108e+01 4.253176500350642208e-01
8.183183183183183473e+01 2.742928724793364803e-01
8.198198198198198838e+01 2.184816538608501668e-01
8.213213213213212782e+01 1.958783662867935316e-01
8.228228228228228147e+01 1.867164165477936399e-01
8.243243243243243512e+01 2.099881381458468255e-01
8.258258258258258877e+01 2.986506340378533575e-01
8.273273273273272821e+01 3.645597874307354713e-01
8.288288288288288186e+01 3.293213314309168527e-01
8.303303303303303551e+01 3.113107783768363501e-01
8.318318318318318916e+01 3.127093699987156250e-01
8.333333333333332860e+01 3.313151366770840101e-01
8.348348348348348225e+01 3.614957950711024659e-01
8.363363363363363590e+01 3.967394489975679117e-01
8.378378378378378954e+01 4.200480865963485688e-01
8.393393393393392898e+01 2.739399889459788184e-01
8.408408408408408263e+01 2.191322941023510773e-01
8.423423423423423628e+01 1.966277601266674668e-01
8.438438438438438993e+01 1.876916460819220978e-01
8.453453453453452937e+01 2.148099038433198549e-01
8.468468468468468302e+01 3.052259899194287862e-01
8.483483483483483667e+01 3.611916430757747265e-01
8.498498498498499032e+01 3.263179933516180964e-01
8.513513513513512976e+01 3.087443916195156124e-01
8.528528528528528341e+01 3.105668393118128368e-01
8.543543543543543706e+01 3.295557671621073270e-01
8.558558558558559071e+01 3.600600482706544092e-01
8.573573573573573015e+01 3.955039243430152895e-01
8.588588588588588379e+01 4.063681207311152788e-01
8.603603603603603744e+01 2.654969182218420709e-01
8.618618618618619109e+01 2.141353963100238178e-01
8.633633633633633053e+01 1.939005480909573587e-01
8.648648648648648418e+01 1.864325488144596144e-01
8.663663663663663783e+01 2.176143913913818062e-01
8.678678678678679148e+01 3.082859451507023452e-01
8.693693693693694513e+01 3.565988209295357647e-01
8.708708708708708457e+01 3.231153736301343171e-01
8.723723723723723822e+01 3.070803284846430059e-01
8.738738738738739187e+01 3.102817004996795136e-01
8.753753753753754552e+01 3.302680168655214854e-01
8.768768768768768496e+01 3.613197728807884257e-01
8.783783783783783861e+01 3.968571764807452551e-01
8.798798798798799226e+01 3.930619316497961369e-01
8.813813813813814591e+01 2.605733408083723557e-01
8.828828828828828534e+01 2.130710201631441925e-01
8.843843843843843899e+01 1.939953227807269809e-01
8.858858858858859264e+01 1.871758948281659896e-01
8.873873873873874629e+01 2.219268577164115186e-01
8.888888888888888573e+01 3.142081717827515108e-01
8.903903903903903938e+01 3.581549467918321294e-01
8.918918918918919303e+01 3.255274391094898356e-01
8.933933933933934668e+01 3.104034341084082049e-01
8.948948948948948612e+01 3.144460888327431647e-01
8.963963963963963977e+01 3.351224683263216986e-01
8.978978978978979342e+01 3.666292051141851194e-01
8.993993993993994707e+01 4.022958017394127062e-01
9.009009009009008651e+01 3.881401378486351028e-01
9.024024024024024015e+01 2.606505277101032747e-01
9.039039039039039380e+01 2.139472903234468648e-01
9.054054054054054745e+01 1.949831978082806616e-01
9.069069069069068689e+01 1.885741710233300172e-01
9.084084084084084054e+01 2.270896364206024254e-01
9.099099099099099419e+01 3.196462341125543283e-01
9.114114114114114784e+01 3.549458912113512277e-01
9.129129129129128728e+01 3.225964053819718735e-01
9.144144144144144093e+01 3.077821638679834049e-01
9.159159159159159458e+01 3.122629986275799463e-01
9.174174174174174823e+01 3.334475006725280410e-01
9.189189189189188767e+01 3.653434836089722304e-01
9.204204204204204132e+01 4.011460076398792318e-01
9.219219219219219497e+01 3.751475387587529520e-01
9.234234234234234862e+01 2.531168397375120338e-01
9.249249249249248805e+01 2.096376427627492933e-01
9.264264264264264170e+01 1.926271677214858868e-01
9.279279279279279535e+01 1.876630023321897989e-01
9.294294294294294900e+01 2.297627172719647615e-01
9.309309309309308844e+01 3.212657747332748337e-01
9.324324324324324209e+01 3.506539721613372018e-01
9.339339339339339574e+01 3.196052356302585551e-01
9.354354354354354939e+01 3.062542221246716267e-01
9.369369369369368883e+01 3.121550583708024851e-01
9.384384384384384248e+01 3.343933129138909055e-01
9.399399399399399613e+01 3.667815818504778780e-01
9.414414414414414978e+01 4.025242755379508930e-01
9.429429429429428922e+01 3.632715318153588724e-01
9.444444444444444287e+01 2.496332583253051129e-01
9.459459459459459651e+01 2.090710899512577270e-01
9.474474474474475016e+01 1.928885722376929290e-01
9.489489489489488960e+01 1.883929364968934261e-01
9.504504504504504325e+01 2.339197468147020953e-01
9.519519519519519690e+01 3.261040785609594095e-01
9.534534534534535055e+01 3.523692724608953886e-01
9.549549549549548999e+01 3.220587163796485020e-01
9.564564564564564364e+01 3.096108371503184520e-01
9.579579579579579729e+01 3.164659295459122945e-01
9.594594594594595094e+01 3.394535660303126812e-01
9.609609609609609038e+01 3.722088583390165129e-01
9.624624624624624403e+01 4.079215313168753632e-01
9.639639639639639768e+01 3.598715426927553418e-01
9.654654654654655133e+01 2.505011847531173896e-01
9.669669669669670498e+01 2.101548216112497647e-01
9.684684684684684441e+01 1.937606381904802832e-01
9.699699699699699806e+01 1.897181266543898071e-01
9.714714714714715171e+01 2.388098832976708052e-01
9.729729729729730536e+01 3.306483722140389214e-01
9.744744744744744480e+01 3.491464326839586185e-01
9.759759759759759845e+01 3.190208393048065694e-01
9.774774774774775210e+01 3.069734075949578367e-01
9.789789789789790575e+01 3.144277566075013852e-01
9.804804804804804519e+01 3.379459117047655670e-01
9.819819819819819884e+01 3.709634972322964908e-01
9.834834834834835249e+01 4.066743056523398625e-01
9.849849849849850614e+01 3.484984956253251442e-01
9.864864864864864558e+01 2.439537770436425723e-01
9.879879879879879923e+01 2.062797869870227063e-01
9.894894894894895288e+01 1.913610555975883420e-01
9.909909909909910652e+01 1.888279000037292321e-01
9.924924924924924596e+01 2.412809787148639529e-01
9.939939939939939961e+01 3.317207224667919063e-01
9.954954954954955326e+01 3.449493616970348842e-01
9.969969969969970691e+01 3.161353388093032790e-01
9.984984984984984635e+01 3.056916482138643532e-01
1.000000000000000000e+02 3.146346332094893117e-01
1.001501501501501536e+02 3.390840073881569161e-01
1.003003003003003073e+02 3.723899910530738544e-01
1.004504504504504467e+02 4.079081664044992284e-01
1.006006006006006004e+02 3.385720911241926201e-01
1.007507507507507540e+02 2.414830268636194432e-01
1.009009009009009077e+02 2.058019465726828867e-01
1.010510510510510471e+02 1.913921338250013093e-01
1.012012012012012008e+02 1.894986992441382301e-01
1.013513513513513544e+02 2.458093772959555334e-01
1.015015015015015081e+02 3.366742123200838765e-01
1.016516516516516475e+02 3.466815870639490260e-01
1.018018018018018012e+02 3.186918967317636797e-01
1.019519519519519548e+02 3.093204175141325285e-01
1.021021021021021085e+02 3.192440851938916357e-01
1.022522522522522479e+02 3.442886054687606112e-01
1.024024024024024015e+02 3.777881648025806505e-01
1.025525525525525552e+02 4.132086781051045876e-01
1.027027027027027088e+02 3.365971301664952842e-01
1.028528528528528483e+02 2.425239367510020061e-01
1.030030030030030019e+02 2.066748412475338248e-01
1.031531531531531556e+02 1.919323638361452311e-01
1.033033033033033092e+02 1.911110470088147606e-01
1.034534534534534487e+02 2.513605815125741771e-01
1.036036036036036023e+02 3.416016197769350393e-01
1.037537537537537560e+02 3.433610338149559738e-01
1.039039039039039096e+02 3.156898674089719803e-01
1.040540540540540491e+02 3.068755802672721300e-01
1.042042042042042027e+02 3.173702114341569458e-01
1.043543543543543564e+02 3.427816704511100210e-01
1.045045045045045100e+02 3.764318426212357460e-01
1.046546546546546494e+02 4.118637179322962583e-01
1.048048048048048031e+02 3.262105602404261062e-01
1.049549549549549567e+02 2.362537643730914516e-01
1.051051051051051104e+02 2.028737361619012691e-01
1.052552552552552498e+02 1.894596483393959085e-01
1.054054054054054035e+02 1.908830084858323950e-01
1.055555555555555571e+02 2.546388927134536351e-01
1.057057057057057108e+02 3.430009946060024184e-01
1.058558558558558644e+02 3.392578140874529802e-01
1.060060060060060039e+02 3.130953951229196730e-01
1.061561561561561575e+02 3.059590120019911597e-01
1.063063063063063112e+02 3.177779051441448344e-01
1.064564564564564648e+02 3.439010119611309868e-01
1.066066066066066043e+02 3.777460174654188596e-01
1.067567567567567579e+02 4.130129186056314405e-01
1.069069069069069116e+02 3.174134506109886344e-01
1.070570570570570652e+02 2.340361987753824813e-01
1.072072072072072046e+02 2.022873237201638641e-01
1.073573573573573583e+02 1.894386536724362580e-01
1.075075075075075119e+02 1.923878197407366819e-01
1.076576576576576656e+02 2.604412795368817868e-01
1.078078078078078050e+02 3.483005033225780034e-01
1.079579579579579587e+02 3.410730714119710738e-01
1.081081081081081123e+02 3.159101958304722513e-01
1.082582582582582660e+02 3.098404782492715781e-01
1.084084084084084054e+02 3.224580861653912889e-01
1.085585585585585591e+02 3.490340163386300709e-01
1.087087087087087127e+02 3.830722589677642564e-01
1.088588588588588664e+02 4.183071413948434847e-01
1.090090090090090058e+02 3.157196625345459751e-01
1.091591591591591595e+02 2.347254920155902036e-01
1.093093093093093131e+02 2.029757966672270098e-01
1.094594594594594668e+02 1.900308168758718386e-01
1.096096096096096062e+02 1.951690078311314192e-01
1.097597597597597598e+02 2.670514830044773413e-01
1.099099099099099135e+02 3.531348887237535372e-01
1.100600600600600671e+02 3.378553052996008388e-01
1.102102102102102066e+02 3.131306741009339256e-01
1.103603603603603602e+02 3.075481219949505185e-01
1.105105105105105139e+02 3.205798701771482295e-01
1.106606606606606675e+02 3.474714726623087668e-01
1.108108108108108070e+02 3.817291538128683714e-01
1.109609609609609606e+02 4.170474419239271202e-01
1.111111111111111143e+02 3.054867793778470730e-01
1.112612612612612679e+02 2.285898001713459748e-01
1.114114114114114074e+02 1.994605289723247743e-01
1.115615615615615610e+02 1.879404412089581144e-01
1.117117117117117147e+02 1.962053067856098232e-01
1.118618618618618683e+02 2.709166789399984898e-01
1.120120120120120077e+02 3.538161338507229692e-01
1.121621621621621614e+02 3.340479514429566255e-01
1.123123123123123150e+02 3.108869633972867197e-01
1.124624624624624687e+02 3.068255655031950080e-01
1.126126126126126081e+02 3.210040743835324006e-01
1.127627627627627618e+02 3.485720441254273050e-01
1.129129129129129154e+02 3.830725656545032609e-01
1.130630630630630691e+02 4.182308063913847129e-01
1.132132132132132085e+02 2.974418027465379200e-01
1.133633633633633622e+02 2.266582112673414529e-01
1.135135135135135158e+02 1.991104211993681428e-01
1.136636636636636695e+02 1.882681578687423196e-01
1.138138138138138089e+02 1.988322474978082011e-01
1.139639639639639626e+02 2.772013000116730352e-01
1.141141141141141162e+02 3.579941301074464066e-01
1.142642642642642699e+02 3.360925554881693533e-01
1.144144144144144093e+02 3.138887682782922073e-01
1.145645645645645629e+02 3.107256259162908263e-01
1.147147147147147166e+02 3.256225208191106391e-01
1.148648648648648702e+02 3.537028199097107528e-01
1.150150150150150097e+02 3.884626891408122784e-01
1.151651651651651633e+02 4.235565791861196638e-01
1.153153153153153170e+02 2.960040649181934214e-01
1.154654654654654706e+02 2.273494774083866243e-01
1.156156156156156243e+02 2.000038354362232151e-01
1.157657657657657637e+02 1.891871387283678985e-01
1.159159159159159174e+02 2.025579302005498239e-01
1.160660660660660710e+02 2.836026918039764033e-01
1.162162162162162247e+02 3.612836273654391195e-01
1.163663663663663641e+02 3.330232594466422946e-01
1.165165165165165178e+02 3.111511484030424768e-01
1.166666666666666714e+02 3.083656075187588552e-01
1.168168168168168251e+02 3.237145148488596580e-01
1.169669669669669645e+02 3.522256199719160374e-01
1.171171171171171181e+02 3.872465000913038469e-01
1.172672672672672718e+02 4.223504477298885562e-01
1.174174174174174254e+02 2.864264071630210351e-01
1.175675675675675649e+02 2.218375183095845637e-01
1.177177177177177185e+02 1.970415063905979758e-01
1.178678678678678722e+02 1.875139486518589416e-01
1.180180180180180258e+02 2.042029109329352998e-01
1.181681681681681653e+02 2.866593785072711897e-01
1.183183183183183189e+02 3.602274095808472021e-01
1.184684684684684726e+02 3.295569074489764771e-01
1.186186186186186262e+02 3.091297136300157344e-01
1.187687687687687657e+02 3.077851588188491583e-01
1.189189189189189193e+02 3.243149274032106621e-01
1.190690690690690730e+02 3.535377240823420197e-01
1.192192192192192266e+02 3.887328302506636857e-01
1.193693693693693660e+02 4.235304215344741774e-01
1.195195195195195197e+02 2.799337592779027606e-01
1.196696696696696733e+02 2.205861969533368105e-01
1.198198198198198270e+02 1.970931338475407357e-01
1.199699699699699664e+02 1.879900315309935288e-01
1.201201201201201201e+02 2.071227599145277487e-01
1.202702702702702737e+02 2.921787434054410881e-01
1.204204204204204274e+02 3.628289745911301156e-01
1.205705705705705668e+02 3.317703547096681471e-01
1.207207207207207205e+02 3.121832138174103211e-01
1.208708708708708741e+02 3.117462723838695937e-01
1.210210210210210278e+02 3.290963341453968516e-01
1.211711711711711672e+02 3.588591867990147399e-01
1.213213213213213209e+02 3.942094422594721315e-01
1.214714714714714745e+02 4.287901006153771455e-01
1.216216216216216282e+02 2.795984097328735318e-01
1.217717717717717676e+02 2.216428311854500566e-01
1.219219219219219212e+02 1.981521598754114599e-01
1.220720720720720749e+02 1.888807120664704464e-01
1.222222222222222285e+02 2.109090016886917829e-01
1.223723723723723680e+02 2.975821661202976975e-01
1.225225225225225216e+02 3.646106570472608110e-01
1.226726726726726753e+02 3.286870029475612021e-01
1.228228228228228289e+02 3.093720371604070096e-01
1.229729729729729684e+02 3.094271850214785902e-01
1.231231231231231220e+02 3.273591177264137397e-01
1.232732732732732757e+02 3.575353961009392068e-01
1.234234234234234293e+02 3.930124306605191076e-01
1.235735735735735688e+02 4.199941386028189227e-01
1.237237237237237224e+02 2.713650932089020085e-01
1.238738738738738761e+02 2.168424203431435771e-01
1.240240240240240297e+02 1.954602598544572523e-01
1.241741741741741691e+02 1.871845830572231584e-01
1.243243243243243228e+02 2.124821909365055550e-01
1.244744744744744764e+02 2.996900641012443800e-01
1.246246246246246301e+02 3.600197295722291635e-01
1.247747747747747695e+02 3.252730699539517767e-01
1.249249249249249232e+02 3.074291374634194329e-01
1.250750750750750768e+02 3.090424074681097366e-01
1.252252252252252305e+02 3.281719212729592439e-01
1.253753753753753841e+02 3.589189442972961497e-01
1.255255255255255236e+02 3.943862631192082691e-01
1.256756756756756772e+02 4.069548787464574713e-01
1.258258258258258309e+02 2.665907360585533792e-01
1.259759759759759845e+02 2.160020809438604472e-01
1.261261261261261239e+02 1.955023736110612920e-01
1.262762762762762776e+02 1.873677426749055241e-01
1.264264264264264312e+02 2.154706853543419121e-01
1.265765765765765849e+02 3.049247362854747845e-01
1.267267267267267243e+02 3.615502608586682598e-01
1.268768768768768780e+02 3.274825391461460566e-01
1.270270270270270316e+02 3.105876242039157242e-01
1.271771771771771853e+02 3.132481927476567507e-01
1.273273273273273247e+02 3.331772188169271343e-01
1.274774774774774784e+02 3.643026195107173515e-01
1.276276276276276320e+02 3.997737962059020322e-01
1.277777777777777857e+02 4.026825708646612489e-01
1.279279279279279251e+02 2.671666578018935811e-01
1.280780780780780788e+02 2.170504207423440413e-01
1.282282282282282324e+02 1.963133822816741925e-01
1.283783783783783861e+02 1.880525026180569215e-01
1.285285285285285397e+02 2.195934245212584346e-01
1.286786786786786934e+02 3.103786761003660688e-01
1.288288288288288186e+02 3.582368808129521853e-01
1.289789789789789722e+02 3.243532686807631960e-01
1.291291291291291259e+02 3.078983069416584284e-01
1.292792792792792795e+02 3.111747294697511657e-01
1.294294294294294332e+02 3.316116368154442551e-01
1.295795795795795868e+02 3.629854332105952874e-01
1.297297297297297405e+02 3.984919852265633167e-01
1.298798798798798941e+02 3.903624973299958389e-01
1.300300300300300194e+02 2.597662408410330026e-01
1.301801801801801730e+02 2.124927108457488611e-01
1.303303303303303267e+02 1.935589400383067593e-01
1.304804804804804803e+02 1.864378478172483145e-01
1.306306306306306340e+02 2.217781086850746097e-01
1.307807807807807876e+02 3.127649528341889806e-01
1.309309309309309413e+02 3.536950378821142604e-01
1.310810810810810949e+02 3.211022320301655242e-01
1.312312312312312201e+02 3.062945006231582168e-01
1.313813813813813738e+02 3.111235073379232663e-01
1.315315315315315274e+02 3.325546308292693931e-01
1.316816816816816811e+02 3.643015808060813265e-01
1.318318318318318347e+02 3.997339785598418849e-01
1.319819819819819884e+02 3.786612068195275294e-01
1.321321321321321420e+02 2.559152652186837407e-01
1.322822822822822957e+02 2.115950625828187381e-01
1.324324324324324209e+02 1.934308639929785967e-01
1.325825825825825746e+02 1.867229536143241997e-01
1.327327327327327282e+02 2.258676250767836236e-01
1.328828828828828819e+02 3.187559504358754014e-01
1.330330330330330355e+02 3.552125277447047980e-01
1.331831831831831892e+02 3.234607712051622008e-01
1.333333333333333428e+02 3.097465170733207929e-01
1.334834834834834965e+02 3.155555732339048736e-01
1.336336336336336217e+02 3.375934737246100159e-01
1.337837837837837753e+02 3.696017532044498788e-01
1.339339339339339290e+02 4.050507527754994008e-01
1.340840840840840826e+02 3.751776280392243867e-01
1.342342342342342363e+02 2.564504782816611761e-01
1.343843843843843899e+02 2.123175408448333690e-01
1.345345345345345436e+02 1.940349748187932266e-01
1.346846846846846972e+02 1.878662513483478902e-01
1.348348348348348509e+02 2.312853616300955262e-01
1.349849849849849761e+02 3.248168797125189355e-01
1.351351351351351298e+02 3.518526747476980465e-01
1.352852852852852834e+02 3.204572680962551323e-01
1.354354354354354371e+02 3.072659429542096143e-01
1.355855855855855907e+02 3.135779840364346094e-01
1.357357357357357444e+02 3.359718939912016422e-01
1.358858858858858980e+02 3.681997008890135481e-01
1.360360360360360517e+02 4.037569207000974436e-01
1.361861861861861769e+02 3.632026275907542234e-01
1.363363363363363305e+02 2.491630833377199428e-01
1.364864864864864842e+02 2.078961354418442375e-01
1.366366366366366378e+02 1.914305644606409673e-01
1.367867867867867915e+02 1.870624792873563924e-01
1.369369369369369451e+02 2.346615297328209782e-01
1.370870870870870988e+02 3.273602295514550509e-01
1.372372372372372524e+02 3.474825246594876460e-01
1.373873873873873777e+02 3.175634551614082701e-01
1.375375375375375313e+02 3.060062888288107019e-01
1.376876876876876850e+02 3.136661959425160462e-01
1.378378378378378386e+02 3.368913733321362569e-01
1.379879879879879923e+02 3.694793049492276493e-01
1.381381381381381459e+02 4.050107000481544262e-01
1.382882882882882996e+02 3.520197452595609788e-01
1.384384384384384532e+02 2.457463682903299196e-01
1.385885885885885784e+02 2.070380330690233250e-01
1.387387387387387321e+02 1.914837689038186297e-01
1.388888888888888857e+02 1.881443855054420744e-01
1.390390390390390394e+02 2.400331194199819551e-01
1.391891891891891930e+02 3.333119352598091223e-01
1.393393393393393467e+02 3.491706374786058276e-01
1.394894894894895003e+02 3.202079969906945767e-01
1.396396396396396540e+02 3.096512339677182646e-01
1.397897897897897792e+02 3.181144373107249734e-01
1.399399399399399329e+02 3.418914670423244817e-01
1.400900900900900865e+02 3.748054395856366128e-01
1.402402402402402402e+02 4.104029760795467330e-01
1.403903903903903938e+02 3.486496273516597189e-01
1.405405405405405475e+02 2.461558443392252160e-01
1.406906906906907011e+02 2.077686310697086092e-01
1.408408408408408548e+02 1.922839413845156276e-01
1.409909909909909800e+02 1.902157665261559327e-01
1.411411411411411336e+02 2.462684364668837056e-01
1.412912912912912873e+02 3.386782932016901837e-01
1.414414414414414409e+02 3.459427603040463040e-01
1.415915915915915946e+02 3.173505561130795516e-01
1.417417417417417482e+02 3.071818155131422756e-01
1.418918918918919019e+02 3.160494500001557183e-01
1.420420420420420555e+02 3.402317413511250499e-01
1.421921921921921808e+02 3.734658732393878466e-01
1.423423423423423344e+02 4.091937117110218680e-01
1.424924924924924881e+02 3.368721922590411366e-01
1.426426426426426417e+02 2.392788645834650341e-01
1.427927927927927954e+02 2.038623121943580752e-01
1.429429429429429490e+02 1.900975087674746655e-01
1.430930930930931027e+02 1.902908792263667825e-01
1.432432432432432563e+02 2.498289213347558713e-01
1.433933933933933815e+02 3.399065512091141716e-01
1.435435435435435352e+02 3.418935392594178446e-01
1.436936936936936888e+02 3.147430588980092425e-01
1.438438438438438425e+02 3.060562452875145167e-01
1.439939939939939961e+02 3.161939557046335447e-01
1.441441441441441498e+02 3.412452743760482909e-01
1.442942942942943034e+02 3.748654924599297278e-01
1.444444444444444571e+02 4.104958685741142421e-01
1.445945945945946107e+02 3.266775297762572472e-01
1.447447447447447360e+02 2.366777312856360727e-01
1.448948948948948896e+02 2.034211253453938328e-01
1.450450450450450433e+02 1.904494290322391592e-01
1.451951951951951969e+02 1.919136122696066815e-01
1.453453453453453506e+02 2.552342994026859380e-01
1.454954954954955042e+02 3.444557175814778049e-01
1.456456456456456579e+02 3.438044415264404630e-01
1.457957957957958115e+02 3.175025840995990278e-01
1.459459459459459367e+02 3.097003545232431265e-01
1.460960960960960904e+02 3.206673034235085762e-01
1.462462462462462440e+02 3.463636946985781395e-01
1.463963963963963977e+02 3.803166508384699940e-01
1.465465465465465513e+02 4.159037978537910019e-01
1.466966966966967050e+02 3.242046973203265292e-01
1.468468468468468586e+02 2.375040159782637050e-01
1.469969969969970123e+02 2.044475438274892809e-01
1.471471471471471375e+02 1.913646250016260708e-01
1.472972972972972912e+02 1.943607929652584887e-01
1.474474474474474448e+02 2.609888887777688793e-01
1.475975975975975985e+02 3.482848292928578671e-01
1.477477477477477521e+02 3.406871216569530847e-01
1.478978978978979058e+02 3.146219499814153497e-01
1.480480480480480594e+02 3.071863194472498337e-01
1.481981981981982130e+02 3.186830480046020098e-01
1.483483483483483383e+02 3.448835407784353602e-01
1.484984984984984919e+02 3.791138138751680708e-01
1.486486486486486456e+02 4.146996052822482515e-01
1.487987987987987992e+02 3.137189032355951479e-01
1.489489489489489529e+02 2.315495783118481921e-01
1.490990990990991065e+02 2.011303109870325734e-01
1.492492492492492602e+02 1.893350933869057395e-01
1.493993993993994138e+02 1.946504713180308987e-01
1.495495495495495391e+02 2.637638973297374290e-01
1.496996996996996927e+02 3.481236100739162898e-01
1.498498498498498464e+02 3.368402009189070956e-01
1.500000000000000000e+02 3.121263914135354867e-01
