0.000000000000000000e+00 9.536276008852475616e-01
1.501501501501501523e-01 8.330494805639780953e-01
3.003003003003003046e-01 6.441618895975597114e-01
4.504504504504504570e-01 4.681557838296921958e-01
6.006006006006006093e-01 3.696874390198081062e-01
7.507507507507507061e-01 3.284559740975033226e-01
9.009009009009009139e-01 3.125366708529618287e-01
1.051051051051051122e+00 2.942638887570265815e-01
1.201201201201201219e+00 2.708291707683088689e-01
1.351351351351351315e+00 2.439252231521712444e-01
1.501501501501501412e+00 2.156843372567897044e-01
1.651651651651651731e+00 2.389653877949309280e-01
1.801801801801801828e+00 3.372330921942400250e-01
1.951951951951951925e+00 4.359561174581313980e-01
2.102102102102102243e+00 4.918604329875673198e-01
2.252252252252252340e+00 4.819036006840046737e-01
2.402402402402402437e+00 4.448985090845480883e-01
2.552552552552552534e+00 4.752468497679420700e-01
2.702702702702702631e+00 5.140758098426340128e-01
2.852852852852852727e+00 5.564505219552713378e-01
3.003003003003002824e+00 5.982667588338770326e-01
3.153153153153153365e+00 6.178988454889641213e-01
3.303303303303303462e+00 4.602263101151234381e-01
3.453453453453453559e+00 3.883841171426560823e-01
3.603603603603603656e+00 3.468966645762210366e-01
3.753753753753753752e+00 3.131306125751020519e-01
3.903903903903903849e+00 3.720021469776431111e-01
4.054054054054054390e+00 3.432944084397563933e-01
4.204204204204204487e+00 2.939927922648761793e-01
4.354354354354354584e+00 2.556469620782070296e-01
4.504504504504504681e+00 2.376031308940558806e-01
4.654654654654654777e+00 2.467301669024866695e-01
4.804804804804804874e+00 2.113234930731388850e-01
4.954954954954954971e+00 2.461576288651523836e-01
5.105105105105105068e+00 3.098181073811336339e-01
5.255255255255255165e+00 3.117466153644414817e-01
5.405405405405405261e+00 2.513811078226716456e-01
5.555555555555555358e+00 2.144151354518201713e-01
5.705705705705705455e+00 2.312470944436242071e-01
5.855855855855855552e+00 2.548962610589163291e-01
6.006006006006005649e+00 2.821607372030979222e-01
6.156156156156156634e+00 3.105938451082279061e-01
6.306306306306306730e+00 3.134782383231361491e-01
6.456456456456456827e+00 2.566378812681688326e-01
6.606606606606606924e+00 2.561787452859795033e-01
6.756756756756757021e+00 2.079592893103040518e-01
6.906906906906907118e+00 1.662440918811071144e-01
7.057057057057057214e+00 2.751695542753681001e-01
7.207207207207207311e+00 2.414447470081083902e-01
7.357357357357357408e+00 2.168335157377810352e-01
7.507507507507507505e+00 2.289731839623929954e-01
7.657657657657657602e+00 2.689600132374071473e-01
7.807807807807807698e+00 3.204193747867157827e-01
7.957957957957957795e+00 2.040659898056339239e-01
8.108108108108108780e+00 1.546181673490711062e-01
8.258258258258258877e+00 2.175512174761443929e-01
8.408408408408408974e+00 2.035619538452543564e-01
8.558558558558559071e+00 1.484632125731780994e-01
8.708708708708709167e+00 1.590898841373061257e-01
8.858858858858859264e+00 1.333414671811362362e-01
9.009009009009009361e+00 1.381095725212812542e-01
9.159159159159159458e+00 1.672315018153793520e-01
9.309309309309309555e+00 2.046931709941762212e-01
9.459459459459459651e+00 1.988696256221863523e-01
9.609609609609609748e+00 1.533024293467890042e-01
9.759759759759759845e+00 2.185797281958919425e-01
9.909909909909909942e+00 2.141344180352437176e-01
1.006006006006006004e+01 1.355546211851428318e-01
1.021021021021021014e+01 1.392299236644023164e-01
1.036036036036036023e+01 1.120509435770308121e-01
1.051051051051051033e+01 1.366678198006788802e-01
1.066066066066066043e+01 1.828645969399056159e-01
1.081081081081081052e+01 2.330787614779392669e-01
1.096096096096096062e+01 2.835260880645578685e-01
1.111111111111111072e+01 1.657730639581399268e-01
1.126126126126126081e+01 1.953811466807324482e-01
1.141141141141141091e+01 2.247557269749648479e-01
1.156156156156156101e+01 1.577233282684491200e-01
1.171171171171171110e+01 1.128980674268858925e-01
1.186186186186186120e+01 1.508250525690373600e-01
1.201201201201201130e+01 9.929054947871764070e-02
1.216216216216216317e+01 1.022191147794858229e-01
1.231231231231231327e+01 1.548375806903532215e-01
1.246246246246246336e+01 2.100145736843096189e-01
1.261261261261261346e+01 1.857680374586076211e-01
1.276276276276276356e+01 1.129218031978154874e-01
1.291291291291291365e+01 2.071083534247693259e-01
1.306306306306306375e+01 2.085924916858475642e-01
1.321321321321321385e+01 1.212915975723251327e-01
1.336336336336336394e+01 1.329468266731371473e-01
1.351351351351351404e+01 8.867961776695128251e-02
1.366366366366366414e+01 9.283763258998535550e-02
1.381381381381381424e+01 1.377947135941946788e-01
1.396396396396396433e+01 1.858584646578843591e-01
1.411411411411411443e+01 2.339645563604545730e-01
1.426426426426426453e+01 1.189482499276917904e-01
1.441441441441441462e+01 1.889616218585397356e-01
1.456456456456456472e+01 2.120578500717257009e-01
1.471471471471471482e+01 1.359086585803579994e-01
1.486486486486486491e+01 8.503635604062295683e-02
1.501501501501501501e+01 1.121345326696688294e-01
1.516516516516516511e+01 6.490341353447837136e-02
1.531531531531531520e+01 1.121196708165940747e-01
1.546546546546546530e+01 1.689941414445059464e-01
1.561561561561561540e+01 2.249832143319463462e-01
1.576576576576576549e+01 1.806174625388815569e-01
1.591591591591591559e+01 1.263668773678274238e-01
1.606606606606606746e+01 2.066173798497467906e-01
1.621621621621621756e+01 1.893246134317238538e-01
1.636636636636636766e+01 8.212220070703613040e-02
1.651651651651651775e+01 1.397323403681449139e-01
1.666666666666666785e+01 8.526188855865825256e-02
1.681681681681681795e+01 7.490118781700148831e-02
1.696696696696696804e+01 1.296440272859455956e-01
1.711711711711711814e+01 1.835570372619954871e-01
1.726726726726726824e+01 2.362449146455967708e-01
1.741741741741741833e+01 9.122451465607625543e-02
1.756756756756756843e+01 1.829427584860918166e-01
1.771771771771771853e+01 2.126707415610092355e-01
1.786786786786786863e+01 1.402130520368890243e-01
1.801801801801801872e+01 8.219640093436482442e-02
1.816816816816816882e+01 9.082611777847392209e-02
1.831831831831831892e+01 5.118697307604926083e-02
1.846846846846846901e+01 1.103873978381454957e-01
1.861861861861861911e+01 1.653649710528315442e-01
1.876876876876876921e+01 2.187280531346132151e-01
1.891891891891891930e+01 1.556628508303349312e-01
1.906906906906906940e+01 1.448404587290434697e-01
1.921921921921921950e+01 2.133845458265619388e-01
1.936936936936936959e+01 1.805295450852913430e-01
1.951951951951951969e+01 5.379818153694583549e-02
1.966966966966966979e+01 1.299707802768840237e-01
1.981981981981981988e+01 7.219651253789874379e-02
1.996996996996996998e+01 7.744914984790932100e-02
2.012012012012012008e+01 1.362165275206910497e-01
2.027027027027027017e+01 1.921514398379339517e-01
2.042042042042042027e+01 2.464130109726797024e-01
2.057057057057057037e+01 9.079503097200382344e-02
2.072072072072072046e+01 1.874757884649043416e-01
2.087087087087087056e+01 2.098989861006241020e-01
2.102102102102102066e+01 1.296150077770111264e-01
2.117117117117117076e+01 1.018969163441755393e-01
2.132132132132132085e+01 9.497340199263407112e-02
2.147147147147147095e+01 4.991148216228648987e-02
2.162162162162162105e+01 1.079510511267905148e-01
2.177177177177177114e+01 1.632378725900696659e-01
2.192192192192192124e+01 2.168756069329984548e-01
2.207207207207207134e+01 1.369358169764023359e-01
2.222222222222222143e+01 1.488517128831014780e-01
2.237237237237237153e+01 2.133869081171934357e-01
2.252252252252252163e+01 1.749891134251468361e-01
2.267267267267267172e+01 4.463155023146227890e-02
2.282282282282282182e+01 1.182634360467844092e-01
2.297297297297297192e+01 5.934779497664951359e-02
2.312312312312312201e+01 8.334643412939041207e-02
2.327327327327327211e+01 1.413802108714244388e-01
2.342342342342342221e+01 1.965244412822491071e-01
2.357357357357357230e+01 2.289338543092224176e-01
2.372372372372372240e+01 9.801468371424919279e-02
2.387387387387387250e+01 1.939454488002198274e-01
2.402402402402402259e+01 2.055445630730820261e-01
2.417417417417417624e+01 1.156687698739216480e-01
2.432432432432432634e+01 1.152229786844331250e-01
2.447447447447447644e+01 9.135034336604803962e-02
2.462462462462462653e+01 5.213998159848682451e-02
2.477477477477477663e+01 1.127495674960247302e-01
2.492492492492492673e+01 1.687133155816891161e-01
2.507507507507507682e+01 2.230262698437550095e-01
2.522522522522522692e+01 1.252455082065912773e-01
2.537537537537537702e+01 1.547137100959151967e-01
2.552552552552552712e+01 2.140095166957076689e-01
2.567567567567567721e+01 1.690181319627798717e-01
2.582582582582582731e+01 3.668048012189477347e-02
2.597597597597597741e+01 1.141610691491624363e-01
2.612612612612612750e+01 5.546875449797496194e-02
2.627627627627627760e+01 8.624001756080301728e-02
2.642642642642642770e+01 1.435244210271367504e-01
2.657657657657657779e+01 1.982966841794004675e-01
2.672672672672672789e+01 2.117904637669747459e-01
2.687687687687687799e+01 1.067971152033345694e-01
2.702702702702702808e+01 1.993778466437379493e-01
2.717717717717717818e+01 2.022271809028779455e-01
2.732732732732732828e+01 1.056904520373471573e-01
2.747747747747747837e+01 1.265575224748848870e-01
2.762762762762762847e+01 8.441170041287117398e-02
2.777777777777777857e+01 5.660641908700297931e-02
2.792792792792792866e+01 1.180100915874053857e-01
2.807807807807807876e+01 1.740395729358249488e-01
2.822822822822822886e+01 2.282419491251154176e-01
2.837837837837837895e+01 1.120674595530431333e-01
2.852852852852852905e+01 1.622325531449717029e-01
2.867867867867867915e+01 2.142498228391022386e-01
2.882882882882882924e+01 1.611678791923050469e-01
2.897897897897897934e+01 5.029698792467948015e-02
2.912912912912912944e+01 1.114170758304024456e-01
2.927927927927927954e+01 5.265003557969501202e-02
2.942942942942942963e+01 9.040986504745913976e-02
2.957957957957957973e+01 1.474327321718720551e-01
2.972972972972972983e+01 2.021157850198390948e-01
2.987987987987987992e+01 1.960623267443553919e-01
3.003003003003003002e+01 1.138920936030544950e-01
3.018018018018018012e+01 2.029367779535991567e-01
3.033033033033033021e+01 1.979717607989455175e-01
3.048048048048048031e+01 9.480563268544266176e-02
3.063063063063063041e+01 1.366974627461739755e-01
3.078078078078078050e+01 7.937802726755338600e-02
3.093093093093093060e+01 6.191960095398327257e-02
3.108108108108108070e+01 1.220529596088186508e-01
3.123123123123123079e+01 1.777010885780227201e-01
3.138138138138138089e+01 2.317000612763935874e-01
3.153153153153153099e+01 1.033937369227326541e-01
3.168168168168168108e+01 1.703193407940101489e-01
3.183183183183183118e+01 2.139330212239122508e-01
3.198198198198198128e+01 1.526552782154540489e-01
3.213213213213213493e+01 6.356594230590643935e-02
3.228228228228228147e+01 1.069280652786006869e-01
3.243243243243243512e+01 4.750205758879821188e-02
3.258258258258258167e+01 9.507115347105105085e-02
3.273273273273273531e+01 1.521971133789192521e-01
3.288288288288288186e+01 2.070013180913861384e-01
3.303303303303303551e+01 1.808370939824710533e-01
3.318318318318318205e+01 1.211629057472878856e-01
3.333333333333333570e+01 2.062156852015983588e-01
3.348348348348348225e+01 1.934719717457829558e-01
3.363363363363363590e+01 8.477563468570041560e-02
3.378378378378378244e+01 1.326298781919446890e-01
3.393393393393393609e+01 7.500414069482766455e-02
3.408408408408408263e+01 6.678849314367268919e-02
3.423423423423423628e+01 1.262840016551762812e-01
3.438438438438438283e+01 1.816260439343049260e-01
3.453453453453453648e+01 2.353275033694084417e-01
3.468468468468468302e+01 9.432188704036575944e-02
3.483483483483483667e+01 1.769758458008139079e-01
3.498498498498498321e+01 2.128234759590028335e-01
3.513513513513513686e+01 1.439024151759701331e-01
3.528528528528528341e+01 7.423726087648285787e-02
3.543543543543543706e+01 1.020594873681182624e-01
3.558558558558558360e+01 4.466695643699047230e-02
3.573573573573573725e+01 9.979130293044385924e-02
3.588588588588588379e+01 1.564056944285527329e-01
3.603603603603603744e+01 2.110603445195493588e-01
3.618618618618618399e+01 1.673134467116349500e-01
3.633633633633633764e+01 1.310409970360416343e-01
3.648648648648648418e+01 2.093176567189145298e-01
3.663663663663663783e+01 1.877847221178158554e-01
3.678678678678678438e+01 7.191195664900788820e-02
3.693693693693693803e+01 1.287197626772225156e-01
3.708708708708708457e+01 7.075569594791512873e-02
3.723723723723723822e+01 7.131275336803248599e-02
3.738738738738738476e+01 1.305009129614603525e-01
3.753753753753753841e+01 1.859588099785074999e-01
3.768768768768768496e+01 2.396585535500177500e-01
3.783783783783783861e+01 9.004508223500060082e-02
3.798798798798798515e+01 1.828916394980106830e-01
3.813813813813813880e+01 2.112671597156007275e-01
3.828828828828828534e+01 1.358255065897010505e-01
3.843843843843843899e+01 8.864907169405197851e-02
3.858858858858859264e+01 9.742906804417877931e-02
3.873873873873873919e+01 4.403602487431797219e-02
3.888888888888889284e+01 1.043698542837862980e-01
3.903903903903903938e+01 1.607149474158886260e-01
3.918918918918919303e+01 2.150768965252838061e-01
3.933933933933933957e+01 1.514479736623703110e-01
3.948948948948949322e+01 1.390595389795093173e-01
3.963963963963963977e+01 2.114631582618246020e-01
3.978978978978979342e+01 1.817233556946330209e-01
3.993993993993993996e+01 5.794782651143247365e-02
4.009009009009009361e+01 1.240179868064402308e-01
4.024024024024024015e+01 6.598428518004044452e-02
4.039039039039039380e+01 7.658610694834416810e-02
4.054054054054054035e+01 1.349219723973633378e-01
4.069069069069069400e+01 1.901172681603583159e-01
4.084084084084084054e+01 2.434675597586032358e-01
4.099099099099099419e+01 9.371994500609369394e-02
4.114114114114114074e+01 1.890320171250796932e-01
4.129129129129129439e+01 2.088310053566886093e-01
4.144144144144144093e+01 1.257971865633122632e-01
4.159159159159159458e+01 1.005286350550413932e-01
4.174174174174174112e+01 9.341852182010276784e-02
4.189189189189189477e+01 4.683771569900693765e-02
4.204204204204204132e+01 1.085279910151144278e-01
4.219219219219219497e+01 1.648231559812876057e-01
4.234234234234234151e+01 2.192401508610284100e-01
4.249249249249249516e+01 1.380484072337101742e-01
4.264264264264264170e+01 1.471355491694294193e-01
4.279279279279279535e+01 2.130973741181816650e-01
4.294294294294294190e+01 1.755623046081437044e-01
4.309309309309309555e+01 4.649819617303498076e-02
4.324324324324324209e+01 1.196092938925162052e-01
4.339339339339339574e+01 6.087577810067531375e-02
4.354354354354354228e+01 8.128237973834813446e-02
4.369369369369369593e+01 1.393632770047426583e-01
4.384384384384384248e+01 1.944088556770349752e-01
4.399399399399399613e+01 2.266417421908070995e-01
4.414414414414414267e+01 9.718746626224206153e-02
4.429429429429429632e+01 1.940089595588611882e-01
4.444444444444444287e+01 2.058147558149775735e-01
4.459459459459459651e+01 1.160798518565700349e-01
4.474474474474474306e+01 1.127772393441588555e-01
4.489489489489489671e+01 8.876358430078026829e-02
4.504504504504504325e+01 5.185488796055361810e-02
4.519519519519519690e+01 1.131818756279777821e-01
4.534534534534534345e+01 1.690669794446649499e-01
4.549549549549549710e+01 2.232666245148777762e-01
4.564564564564564364e+01 1.254801697848633990e-01
4.579579579579579729e+01 1.555574097356798580e-01
4.594594594594594383e+01 2.140089213738545215e-01
4.609609609609609748e+01 1.680696584509757396e-01
4.624624624624624403e+01 3.577241279423957337e-02
4.639639639639639768e+01 1.153641222447115144e-01
4.654654654654654422e+01 5.647054323180927121e-02
4.669669669669669787e+01 8.582202587798060112e-02
4.684684684684684441e+01 1.434651287655174523e-01
4.699699699699699806e+01 1.985169375005615688e-01
4.714714714714714461e+01 2.120544564308483870e-01
4.729729729729729826e+01 1.054211613467097297e-01
4.744744744744744480e+01 1.988411939210514290e-01
4.759759759759759845e+01 2.023650616424866044e-01
4.774774774774774500e+01 1.064015510145023130e-01
4.789789789789789864e+01 1.263004758741765043e-01
4.804804804804804519e+01 8.416527151198388568e-02
4.819819819819819884e+01 5.633400387401881620e-02
4.834834834834835249e+01 1.175832949367923569e-01
4.849849849849849903e+01 1.734454219239632000e-01
4.864864864864865268e+01 2.274879448406363636e-01
4.879879879879879923e+01 1.116073057305758953e-01
4.894894894894895288e+01 1.626131388897262275e-01
4.909909909909909942e+01 2.142780859149008288e-01
4.924924924924925307e+01 1.608805899338451861e-01
4.939939939939939961e+01 4.923735511904610285e-02
4.954954954954955326e+01 1.107704687699106877e-01
4.969969969969969981e+01 5.167862562642969865e-02
4.984984984984985346e+01 9.075876896617882106e-02
5.000000000000000000e+01 1.478726689079274403e-01
5.015015015015015365e+01 2.026223010309606831e-01
5.030030030030030019e+01 1.964281408570772713e-01
5.045045045045045384e+01 1.139661567619941612e-01
5.060060060060060039e+01 2.029634610199161637e-01
5.075075075075075404e+01 1.978989479703668897e-01
5.090090090090090058e+01 9.458169368877358818e-02
5.105105105105105423e+01 1.372747197571101418e-01
5.120120120120120077e+01 7.995011777052049573e-02
5.135135135135135442e+01 6.159529400498454932e-02
5.150150150150150097e+01 1.217956585777840717e-01
5.165165165165165462e+01 1.774887603609582309e-01
5.180180180180180116e+01 2.315302959500321056e-01
5.195195195195195481e+01 1.030019200506368526e-01
5.210210210210210136e+01 1.701553579144898520e-01
5.225225225225225500e+01 2.139400966772628532e-01
5.240240240240240155e+01 1.528221522982838310e-01
5.255255255255255520e+01 6.327677192440009368e-02
5.270270270270270174e+01 1.065165403621902290e-01
5.285285285285285539e+01 4.708328678781974197e-02
5.300300300300300194e+01 9.512121207925679223e-02
5.315315315315315559e+01 1.521767929925011420e-01
5.330330330330330213e+01 2.069174842899920708e-01
5.345345345345345578e+01 1.806452358272754855e-01
5.360360360360360232e+01 1.215092500435690226e-01
5.375375375375375597e+01 2.063204632234146296e-01
5.390390390390390252e+01 1.933293196968413341e-01
5.405405405405405617e+01 8.439189722216243472e-02
5.420420420420420271e+01 1.326706134555228900e-01
5.435435435435435636e+01 7.498483353827922748e-02
5.450450450450450290e+01 6.683917333309299935e-02
5.465465465465465655e+01 1.264083465890770419e-01
5.480480480480480310e+01 1.818053969261718694e-01
5.495495495495495675e+01 2.355547085112097705e-01
5.510510510510510329e+01 9.426132908057807680e-02
5.525525525525525694e+01 1.768977226479868659e-01
5.540540540540540349e+01 2.128163155193223688e-01
5.555555555555555713e+01 1.439436586567911791e-01
5.570570570570570368e+01 7.443825924737242083e-02
5.585585585585585733e+01 1.021445634010125503e-01
5.600600600600600387e+01 4.475826899200503750e-02
5.615615615615615752e+01 9.969718162278173867e-02
5.630630630630630407e+01 1.562917733809165988e-01
5.645645645645645772e+01 2.109273917254624597e-01
5.660660660660660426e+01 1.670983579813790088e-01
5.675675675675675791e+01 1.311004438052111865e-01
5.690690690690690445e+01 2.093515263149322014e-01
5.705705705705705810e+01 1.877836918407620459e-01
5.720720720720720465e+01 7.188029722864078264e-02
5.735735735735735830e+01 1.285014261087401299e-01
5.750750750750750484e+01 7.052144069114242575e-02
5.765765765765765849e+01 7.141879520169273909e-02
5.780780780780781214e+01 1.305924223684544194e-01
5.795795795795795868e+01 1.860410364585491083e-01
5.810810810810811233e+01 2.397308395910708045e-01
5.825825825825825888e+01 9.018029708962307933e-02
5.840840840840841253e+01 1.829925176359594452e-01
5.855855855855855907e+01 2.112514719202168711e-01
5.870870870870871272e+01 1.357005628441970146e-01
5.885885885885885926e+01 8.885026912370248831e-02
5.900900900900901291e+01 9.757679032966339039e-02
5.915915915915915946e+01 4.409364067046677577e-02
5.930930930930931311e+01 1.043570760609853210e-01
5.945945945945945965e+01 1.607287251988331889e-01
5.960960960960961330e+01 2.151150447725714010e-01
5.975975975975975985e+01 1.513530932498157733e-01
5.990990990990991349e+01 1.389811566301231427e-01
6.006006006006006004e+01 2.114188958456232892e-01
6.021021021021021369e+01 1.816969788438494993e-01
6.036036036036036023e+01 5.797064964818927219e-02
6.051051051051051388e+01 1.239650603090148850e-01
6.066066066066066043e+01 6.594805287490990153e-02
6.081081081081081408e+01 7.660043846196930295e-02
6.096096096096096062e+01 1.349113253013329017e-01
6.111111111111111427e+01 1.900863760003808633e-01
6.126126126126126081e+01 2.433256546627043104e-01
6.141141141141141446e+01 9.377108857583614510e-02
6.156156156156156101e+01 1.890697099980896967e-01
6.171171171171171466e+01 2.088008878433459115e-01
6.186186186186186120e+01 1.257090398771242012e-01
6.201201201201201485e+01 1.005099389099270990e-01
6.216216216216216139e+01 9.328625540355184320e-02
6.231231231231231504e+01 4.685712302823254183e-02
6.246246246246246159e+01 1.086065952150205155e-01
6.261261261261261524e+01 1.649044754433316717e-01
6.276276276276276178e+01 2.193238874279945516e-01
6.291291291291291543e+01 1.380306193951180427e-01
6.306306306306306197e+01 1.472210516428774929e-01
6.321321321321321562e+01 2.131366218420195080e-01
6.336336336336336217e+01 1.755435707086937525e-01
6.351351351351351582e+01 4.643728729294734070e-02
6.366366366366366236e+01 1.195863899380043560e-01
6.381381381381381601e+01 6.084255530072579105e-02
6.396396396396396256e+01 8.129772189584293096e-02
6.411411411411411621e+01 1.393815797167822779e-01
6.426426426426426985e+01 1.944284672099078071e-01
6.441441441441440929e+01 2.265493009545946346e-01
6.456456456456456294e+01 9.723806813317580067e-02
6.471471471471471659e+01 1.940709575623738303e-01
6.486486486486487024e+01 2.058432561681907969e-01
6.501501501501500968e+01 1.160843086368492094e-01
6.516516516516516333e+01 1.128470528359901970e-01
6.531531531531531698e+01 8.872344770140261350e-02
6.546546546546547063e+01 5.188805171304571029e-02
6.561561561561561007e+01 1.132046040990221658e-01
6.576576576576576372e+01 1.690817732132675610e-01
6.591591591591591737e+01 2.232741306822054184e-01
6.606606606606607102e+01 1.253926956096905465e-01
6.621621621621621046e+01 1.556331141256782347e-01
6.636636636636636410e+01 2.140233660189194975e-01
6.651651651651651775e+01 1.680183480580512145e-01
6.666666666666667140e+01 3.582093368847034942e-02
6.681681681681681084e+01 1.153546109970512712e-01
6.696696696696696449e+01 5.646893535390958008e-02
6.711711711711711814e+01 8.585802901143071986e-02
6.726726726726727179e+01 1.434961463212817145e-01
6.741741741741742544e+01 1.985478028646148196e-01
6.756756756756756488e+01 2.119684960060254364e-01
6.771771771771771853e+01 1.054766154071881956e-01
6.786786786786787218e+01 1.988654758791754962e-01
6.801801801801802583e+01 2.023361083088387469e-01
6.816816816816816527e+01 1.063332882942983199e-01
6.831831831831831892e+01 1.263930952101718630e-01
6.846846846846847257e+01 8.416348951617662333e-02
6.861861861861862621e+01 5.637478673720422440e-02
6.876876876876876565e+01 1.176097229691972640e-01
6.891891891891891930e+01 1.734701746242243992e-01
6.906906906906907295e+01 2.275120040930427023e-01
6.921921921921922660e+01 1.115453668118435437e-01
6.936936936936936604e+01 1.626479872351277167e-01
6.951951951951951969e+01 2.142719092215690513e-01
6.966966966966967334e+01 1.608359104633213521e-01
6.981981981981982699e+01 4.933191087511688139e-02
6.996996996996996643e+01 1.107415703406074287e-01
7.012012012012012008e+01 5.164735762121885204e-02
7.027027027027027373e+01 9.079010572404405677e-02
7.042042042042042738e+01 1.479020964654746140e-01
7.057057057057056682e+01 2.026499561473161792e-01
7.072072072072072046e+01 1.963309613160024725e-01
7.087087087087087411e+01 1.140080878119962282e-01
7.102102102102102776e+01 2.029830620368623384e-01
7.117117117117116720e+01 1.978704837054904853e-01
7.132132132132132085e+01 9.451363893141988270e-02
7.147147147147147450e+01 1.371980747196343275e-01
7.162162162162162815e+01 7.987094484850690290e-02
7.177177177177176759e+01 6.165056104043554336e-02
7.192192192192192124e+01 1.218418003831297503e-01
7.207207207207207489e+01 1.775286687705194821e-01
7.222222222222222854e+01 2.315643706440207172e-01
7.237237237237236798e+01 1.029856294169791270e-01
7.252252252252252163e+01 1.702352576478868285e-01
7.267267267267267528e+01 2.139648601265716765e-01
7.282282282282282893e+01 1.527914223124381687e-01
7.297297297297296836e+01 6.334135630872865519e-02
7.312312312312312201e+01 1.064917715676978183e-01
7.327327327327327566e+01 4.706247492281458167e-02
7.342342342342342931e+01 9.515227121919790643e-02
7.357357357357356875e+01 1.522072566438834873e-01
7.372372372372372240e+01 2.069494404670031984e-01
7.387387387387387605e+01 1.805643365632702002e-01
7.402402402402402970e+01 1.215791700064136754e-01
7.417417417417416914e+01 2.063552421906023060e-01
7.432432432432432279e+01 1.933118840552580930e-01
7.447447447447447644e+01 8.434283074170333128e-02
7.462462462462463009e+01 1.326683961075473261e-01
7.477477477477476953e+01 7.498473144668524326e-02
7.492492492492492318e+01 6.686095773443793966e-02
7.507507507507507682e+01 1.264247346390686422e-01
7.522522522522523047e+01 1.818204250191238769e-01
7.537537537537536991e+01 2.355681254836704819e-01
7.552552552552552356e+01 9.419356469179014646e-02
7.567567567567567721e+01 1.769346818463928550e-01
7.582582582582583086e+01 2.128008923179422196e-01
7.597597597597597030e+01 1.438822262543228980e-01
7.612612612612612395e+01 7.453370727010408259e-02
7.627627627627627760e+01 1.021258194647239881e-01
7.642642642642643125e+01 4.477725524019555980e-02
7.657657657657657069e+01 9.973513231764172260e-02
7.672672672672672434e+01 1.563240525281662519e-01
7.687687687687687799e+01 2.109570691450031454e-01
7.702702702702703164e+01 1.670167339644308968e-01
7.717717717717718529e+01 1.311486709658801209e-01
7.732732732732732472e+01 2.093554577005500295e-01
7.747747747747747837e+01 1.877334495291286265e-01
7.762762762762763202e+01 7.177720154482132575e-02
7.777777777777778567e+01 1.284770585328364467e-01
7.792792792792792511e+01 7.049724247983799041e-02
7.807807807807807876e+01 7.145220042766899093e-02
7.822822822822823241e+01 1.306211392776052138e-01
7.837837837837838606e+01 1.860698296806835295e-01
7.852852852852852550e+01 2.397601782069604670e-01
7.867867867867867915e+01 9.019399572572600610e-02
7.882882882882883280e+01 1.830213880125681758e-01
7.897897897897898645e+01 2.112451228630571054e-01
7.912912912912912589e+01 1.356646272614769888e-01
7.927927927927927954e+01 8.891064542936255588e-02
7.942942942942943318e+01 9.748616935747314582e-02
7.957957957957958683e+01 4.406459168004953769e-02
7.972972972972972627e+01 1.043990119314146536e-01
7.987987987987987992e+01 1.607652572199128327e-01
8.003003003003003357e+01 2.151447829544457235e-01
8.018018018018018722e+01 1.512674995408553602e-01
8.033033033033032666e+01 1.390764065589702447e-01
8.048048048048048031e+01 2.114727504647113399e-01
8.063063063063063396e+01 1.816955832869434351e-01
8.078078078078078761e+01 5.792636626972137021e-02
8.093093093093092705e+01 1.239242959999540261e-01
8.108108108108108070e+01 6.590052397408836804e-02
8.123123123123123435e+01 7.664042299689054205e-02
8.138138138138138800e+01 1.349487019684463829e-01
8.153153153153152743e+01 1.901228065164267123e-01
8.168168168168168108e+01 2.432211754866589193e-01
8.183183183183183473e+01 9.381729042500805416e-02
8.198198198198198838e+01 1.891302689359471156e-01
8.213213213213212782e+01 2.087987195265129936e-01
8.228228228228228147e+01 1.256499703893746434e-01
8.243243243243243512e+01 1.006230286408811708e-01
8.258258258258258877e+01 9.331281112207091832e-02
8.273273273273272821e+01 4.690246684358592016e-02
8.288288288288288186e+01 1.086201864816167262e-01
8.303303303303303551e+01 1.649155983298787875e-01
8.318318318318318916e+01 2.193358283433437805e-01
8.333333333333332860e+01 1.379650599307520875e-01
8.348348348348348225e+01 1.472527648343676387e-01
8.363363363363363590e+01 2.131279604483197476e-01
8.378378378378378954e+01 1.754947784104458897e-01
8.393393393393392898e+01 4.637643001309232210e-02
8.408408408408408263e+01 1.195684121379732845e-01
8.423423423423423628e+01 6.082955855356119573e-02
8.438438438438438993e+01 8.132665230841840120e-02
8.453453453453452937e+01 1.394042982715490986e-01
8.468468468468468302e+01 1.944485801827986748e-01
8.483483483483483667e+01 2.264480216189767581e-01
8.498498498498499032e+01 9.726860773194793974e-02
8.513513513513512976e+01 1.940920498598433797e-01
8.528528528528528341e+01 2.058160292237090072e-01
8.543543543543543706e+01 1.160227435126865575e-01
8.558558558558559071e+01 1.129180543754444294e-01
8.573573573573573015e+01 8.862990256341420070e-02
8.588588588588588379e+01 5.194081260824350010e-02
8.603603603603603744e+01 1.132626269027462718e-01
8.618618618618619109e+01 1.691346560960599321e-01
8.633633633633633053e+01 2.233208471267567885e-01
8.648648648648648418e+01 1.253318064105574670e-01
8.663663663663663783e+01 1.557181838077946745e-01
8.678678678678679148e+01 2.140585588527506855e-01
8.693693693693694513e+01 1.679964467390163418e-01
8.708708708708708457e+01 3.585203225385039105e-02
8.723723723723723822e+01 1.153479827950762149e-01
8.738738738738739187e+01 5.646232269393157421e-02
8.753753753753754552e+01 8.588415250785146060e-02
8.768768768768768496e+01 1.435223431671228123e-01
8.783783783783783861e+01 1.985767920242319240e-01
8.798798798798799226e+01 2.118942742273955127e-01
8.813813813813814591e+01 1.055332730522962753e-01
8.828828828828828534e+01 1.988980664710031099e-01
8.843843843843843899e+01 2.023213707715264542e-01
8.858858858858859264e+01 1.062817283920281936e-01
8.873873873873874629e+01 1.264843119894227264e-01
8.888888888888888573e+01 8.416499487230894028e-02
8.903903903903903938e+01 5.639410523960201871e-02
8.918918918918919303e+01 1.176183920577754533e-01
8.933933933933934668e+01 1.734766257780834542e-01
8.948948948948948612e+01 2.275168453925962009e-01
8.963963963963963977e+01 1.114628107458840028e-01
8.978978978978979342e+01 1.626879754839582748e-01
8.993993993993994707e+01 2.142649225853518191e-01
9.009009009009008651e+01 1.607847103240439279e-01
9.024024024024024015e+01 4.943004961091778532e-02
9.039039039039039380e+01 1.107000091277033360e-01
9.054054054054054745e+01 5.160513866161703378e-02
9.069069069069068689e+01 9.083420358608788880e-02
9.084084084084084054e+01 1.479423275231769863e-01
9.099099099099099419e+01 2.026874313516729698e-01
9.114114114114114784e+01 1.962418294451377110e-01
9.129129129129128728e+01 1.140596804266255093e-01
9.144144144144144093e+01 2.030058547662487722e-01
9.159159159159159458e+01 1.978407285172631702e-01
9.174174174174174823e+01 9.444038832863600741e-02
9.189189189189188767e+01 1.371899837985298409e-01
9.204204204204204132e+01 7.986212901317264745e-02
9.219219219219219497e+01 6.168064095996786400e-02
9.234234234234234862e+01 1.218672957409964036e-01
9.249249249249248805e+01 1.775544654400104116e-01
9.264264264264264170e+01 2.315917581517886181e-01
9.279279279279279535e+01 1.029344655657743191e-01
9.294294294294294900e+01 1.702697147252622834e-01
9.309309309309308844e+01 2.139573519737860974e-01
9.324324324324324209e+01 1.527420587531171658e-01
9.339339339339339574e+01 6.340607669329759166e-02
9.354354354354354939e+01 1.064614616704538941e-01
9.369369369369368883e+01 4.703927536871332915e-02
9.384384384384384248e+01 9.517683760342530996e-02
9.399399399399399613e+01 1.522278046583006028e-01
9.414414414414414978e+01 2.069682166392068368e-01
9.429429429429428922e+01 1.804820716807274128e-01
9.444444444444444287e+01 1.216380071512730976e-01
9.459459459459459651e+01 2.063770958373289111e-01
9.474474474474475016e+01 1.932841474779118662e-01
9.489489489489488960e+01 8.428164639054611107e-02
9.504504504504504325e+01 1.326465750789004860e-01
9.519519519519519690e+01 7.495824578239874969e-02
9.534534534534535055e+01 6.688924251740809013e-02
9.549549549549548999e+01 1.264533585702000973e-01
9.564564564564564364e+01 1.818498064926243329e-01
9.579579579579579729e+01 2.355971638765266551e-01
9.594594594594595094e+01 9.413673617572136665e-02
9.609609609609609038e+01 1.769660409309350146e-01
9.624624624624624403e+01 2.127894911010155266e-01
9.639639639639639768e+01 1.438299653264668021e-01
9.654654654654655133e+01 7.461920750373529643e-02
9.669669669669670498e+01 1.021183294147952475e-01
9.684684684684684441e+01 4.478583949920893897e-02
9.699699699699699806e+01 9.975487248516691496e-02
9.714714714714715171e+01 1.563419190255013469e-01
9.729729729729730536e+01 2.109743233128544282e-01
9.744744744744744480e+01 1.669220307323379116e-01
9.759759759759759845e+01 1.311877906225861201e-01
9.774774774774775210e+01 2.093587891774062459e-01
9.789789789789790575e+01 1.876882091940486330e-01
9.804804804804804519e+01 7.168391567544157850e-02
9.819819819819819884e+01 1.284534743173613713e-01
9.834834834834835249e+01 7.047486589970160253e-02
9.849849849849850614e+01 7.147950843880605809e-02
9.864864864864864558e+01 1.306436125707692297e-01
9.879879879879879923e+01 1.860919238439881218e-01
9.894894894894895288e+01 2.397826286849417954e-01
9.909909909909910652e+01 9.019325068516127752e-02
9.924924924924924596e+01 1.830532032282523314e-01
9.939939939939939961e+01 2.112236304973253709e-01
9.954954954954955326e+01 1.355977058346066466e-01
9.969969969969970691e+01 8.898967558686672608e-02
9.984984984984984635e+01 9.745624941733496693e-02
1.000000000000000000e+02 4.406466629006486335e-02
1.001501501501501536e+02 1.044278363084944483e-01
1.003003003003003073e+02 1.607957245700414317e-01
1.004504504504504467e+02 2.151762861644397895e-01
1.006006006006006004e+02 1.511727093919198739e-01
1.007507507507507540e+02 1.391165330393783206e-01
1.009009009009009077e+02 2.114800779717908863e-01
1.010510510510510471e+02 1.816563575587391566e-01
1.012012012012012008e+02 5.784631551729423754e-02
1.013513513513513544e+02 1.238662921417998247e-01
1.015015015015015081e+02 6.583516893993129893e-02
1.016516516516516475e+02 7.667994590698816448e-02
1.018018018018018012e+02 1.349839411496576436e-01
1.019519519519519548e+02 1.901541863570436475e-01
1.021021021021021085e+02 2.431284930242695042e-01
1.022522522522522479e+02 9.386102021945148810e-02
1.024024024024024015e+02 1.891824973882278993e-01
1.025525525525525552e+02 2.087984592345712709e-01
1.027027027027027088e+02 1.256000798366939397e-01
1.028528528528528483e+02 1.006810737815313356e-01
1.030030030030030019e+02 9.324055866441499640e-02
1.031531531531531556e+02 4.692916454985623931e-02
1.033033033033033092e+02 1.086622055784763202e-01
1.034534534534534487e+02 1.649529398683079184e-01
1.036036036036036023e+02 2.193697130246830274e-01
1.037537537537537560e+02 1.378983281568603725e-01
1.039039039039039096e+02 1.473502674476606655e-01
1.040540540540540491e+02 2.131704100611475083e-01
1.042042042042042027e+02 1.754744251827549117e-01
1.043543543543543564e+02 4.632000700927937920e-02
1.045045045045045100e+02 1.195678224579731774e-01
1.046546546546546494e+02 6.082932591840169850e-02
1.048048048048048031e+02 8.134936182305474439e-02
1.049549549549549567e+02 1.394271878264053410e-01
1.051051051051051104e+02 1.944738533015532567e-01
1.052552552552552498e+02 2.263517634690798142e-01
1.054054054054054035e+02 9.729926316554426968e-02
1.055555555555555571e+02 1.941205882265714389e-01
1.057057057057057108e+02 2.057968188242796370e-01
1.058558558558558644e+02 1.159710331469905598e-01
1.060060060060060039e+02 1.130302795895188200e-01
1.061561561561561575e+02 8.868359250748449052e-02
1.063063063063063112e+02 5.196203832576543752e-02
1.064564564564564648e+02 1.132642880476198710e-01
1.066066066066066043e+02 1.691362971029600759e-01
1.067567567567567579e+02 2.233243656681077882e-01
1.069069069069069116e+02 1.252237315574407372e-01
1.070570570570570652e+02 1.557126430131952066e-01
1.072072072072072046e+02 2.140180224339667536e-01
1.073573573573573583e+02 1.679193550873263607e-01
1.075075075075075119e+02 3.585515234477466839e-02
1.076576576576576656e+02 1.152988562651557775e-01
1.078078078078078050e+02 5.641641946301844540e-02
1.079579579579579587e+02 8.592589491644248012e-02
1.081081081081081123e+02 1.435545589402179578e-01
1.082582582582582660e+02 1.986033117540046966e-01
1.084084084084084054e+02 2.118154803747220039e-01
1.085585585585585591e+02 1.055922451975548348e-01
1.087087087087087127e+02 1.989190292305685337e-01
1.088588588588588664e+02 2.022901616562266525e-01
1.090090090090090058e+02 1.062057521813109667e-01
1.091591591591591595e+02 1.265263144855355570e-01
1.093093093093093131e+02 8.410561696464277648e-02
1.094594594594594668e+02 5.643086674781375156e-02
1.096096096096096062e+02 1.176605595933527398e-01
1.097597597597597598e+02 1.735216695280934196e-01
1.099099099099099135e+02 2.275635455739532798e-01
1.100600600600600671e+02 1.113967662749973803e-01
1.102102102102102066e+02 1.627461541951506219e-01
1.103603603603603602e+02 2.142799376005866674e-01
1.105105105105105139e+02 1.607514600232302637e-01
1.106606606606606675e+02 4.954258548960595310e-02
1.108108108108108070e+02 1.106935814933552031e-01
1.109609609609609606e+02 5.159404651983064138e-02
1.111111111111111143e+02 9.084848066478683204e-02
1.112612612612612679e+02 1.479585883113119227e-01
1.114114114114114074e+02 2.027045523844330788e-01
1.115615615615615610e+02 1.961363097675897504e-01
1.117117117117117147e+02 1.140892945936590741e-01
1.118618618618618683e+02 2.030210929431694455e-01
1.120120120120120077e+02 1.978114168797244221e-01
1.121621621621621614e+02 9.437534620344700809e-02
1.123123123123123150e+02 1.371491714235704429e-01
1.124624624624624687e+02 7.982392045607204778e-02
1.126126126126126081e+02 6.171457702397594586e-02
1.127627627627627618e+02 1.218909915183811615e-01
1.129129129129129154e+02 1.775726581020594941e-01
1.130630630630630691e+02 2.316062095725124337e-01
1.132132132132132085e+02 1.028950324620913487e-01
1.133633633633633622e+02 1.703187297596552019e-01
1.135135135135135158e+02 2.139546873355826773e-01
1.136636636636636695e+02 1.526890603141159430e-01
1.138138138138138089e+02 6.345697344629366854e-02
1.139639639639639626e+02 1.064541586968355130e-01
1.141141141141141162e+02 4.703537016590755154e-02
1.142642642642642699e+02 9.519843453552029322e-02
1.144144144144144093e+02 1.522516500449392907e-01
1.145645645645645629e+02 2.069959143340599217e-01
1.147147147147147166e+02 1.804015325740292996e-01
1.148648648648648702e+02 1.216738353734082567e-01
1.150150150150150097e+02 2.063844782897943098e-01
1.151651651651651633e+02 1.932469248688608032e-01
1.153153153153153170e+02 8.421542707995471888e-02
1.154654654654654706e+02 1.326169306993716657e-01
1.156156156156156243e+02 7.492594445920554291e-02
1.157657657657657637e+02 6.691417352550838027e-02
1.159159159159159174e+02 1.264762488435590970e-01
1.160660660660660710e+02 1.818711550540021149e-01
1.162162162162162247e+02 2.356154341220189352e-01
1.163663663663663641e+02 9.408908517245589964e-02
1.165165165165165178e+02 1.770012850255166525e-01
1.166666666666666714e+02 2.127836106939591243e-01
1.168168168168168251e+02 1.437860106341471433e-01
1.169669669669669645e+02 7.467746574669165138e-02
1.171171171171171181e+02 1.020546979193438508e-01
1.172672672672672718e+02 4.474145480079695647e-02
1.174174174174174254e+02 9.979612303984249089e-02
1.175675675675675649e+02 1.563786562647732636e-01
1.177177177177177185e+02 2.110075229101004424e-01
1.178678678678678722e+02 1.668422149435918600e-01
1.180180180180180258e+02 1.312673042902949561e-01
1.181681681681681653e+02 2.093938625575841594e-01
1.183183183183183189e+02 1.876649963216155126e-01
1.184684684684684726e+02 7.160339139069771264e-02
1.186186186186186262e+02 1.284371776894388528e-01
1.187687687687687657e+02 7.045747005831348719e-02
1.189189189189189193e+02 7.150646906086199905e-02
1.190690690690690730e+02 1.306680799674034554e-01
1.192192192192192266e+02 1.861176409848791236e-01
1.193693693693693660e+02 2.398100792626011446e-01
1.195195195195195197e+02 9.020384192890305852e-02
1.196696696696696733e+02 1.830931730558081061e-01
1.198198198198198270e+02 2.112172994102698431e-01
1.199699699699699664e+02 1.355526131817221536e-01
1.201201201201201201e+02 8.908618660286857227e-02
1.202702702702702737e+02 9.743739943121089431e-02
1.204204204204204274e+02 4.407987496127328819e-02
1.205705705705705668e+02 1.044494343178138523e-01
1.207207207207207205e+02 1.608148943139660336e-01
1.208708708708708741e+02 2.151930059791284378e-01
1.210210210210210278e+02 1.510698484681775866e-01
1.211711711711711672e+02 1.391669480952701654e-01
1.213213213213213209e+02 2.114924024598748009e-01
1.214714714714714745e+02 1.816191740461225723e-01
1.216216216216216282e+02 5.777133830650966334e-02
1.217717717717717676e+02 1.238893667262213338e-01
1.219219219219219212e+02 6.586157897391278770e-02
1.220720720720720749e+02 7.669842233755500005e-02
1.222222222222222285e+02 1.350023721654889375e-01
1.223723723723723680e+02 1.901752971041768270e-01
1.225225225225225216e+02 2.430378082935360229e-01
1.226726726726726753e+02 9.383788791680403030e-02
1.228228228228228289e+02 1.891764737938698704e-01
1.229729729729729684e+02 2.087509882936941785e-01
1.231231231231231220e+02 1.255176406752921969e-01
1.232732732732732757e+02 1.007512635422852798e-01
1.234234234234234293e+02 9.326140545815823912e-02
1.235735735735735688e+02 4.695178210428651439e-02
1.237237237237237224e+02 1.086666139029097838e-01
1.238738738738738761e+02 1.649576747431602264e-01
1.240240240240240297e+02 2.193770374537907519e-01
1.241741741741741691e+02 1.378183577420571959e-01
1.243243243243243228e+02 1.473572326708544322e-01
1.244744744744744764e+02 2.131438065941356763e-01
1.246246246246246301e+02 1.754123068797145690e-01
1.247747747747747695e+02 4.620846152763012638e-02
1.249249249249249232e+02 1.195601397219500928e-01
1.250750750750750768e+02 6.081582784147650245e-02
1.252252252252252305e+02 8.136157533176706369e-02
1.253753753753753841e+02 1.394445592371720832e-01
1.255255255255255236e+02 1.944957194405565470e-01
1.256756756756756772e+02 2.262570523337685269e-01
1.258258258258258309e+02 9.728720074930184702e-02
1.259759759759759845e+02 1.941142609819176690e-01
1.261261261261261239e+02 2.057511773863288651e-01
1.262762762762762776e+02 1.158946917899896234e-01
1.264264264264264312e+02 1.130921650319271360e-01
1.265765765765765849e+02 8.863697272130331706e-02
1.267267267267267243e+02 5.197011509038802768e-02
1.268768768768768780e+02 1.132886881885707270e-01
1.270270270270270316e+02 1.691619271216951437e-01
1.271771771771771853e+02 2.233491399444442194e-01
1.273273273273273247e+02 1.251333532683292227e-01
1.274774774774774784e+02 1.557454619959351971e-01
1.276276276276276320e+02 2.140169690242683387e-01
1.277777777777777857e+02 1.678753302426205518e-01
1.279279279279279251e+02 3.581674665784186085e-02
1.280780780780780788e+02 1.152668550464816949e-01
1.282282282282282324e+02 5.637507421387200068e-02
1.283783783783783861e+02 8.594478493259709306e-02
1.285285285285285397e+02 1.435746493046866634e-01
1.286786786786786934e+02 1.986250014890974802e-01
1.288288288288288186e+02 2.117319424451904186e-01
1.289789789789789722e+02 1.056387098388676116e-01
1.291291291291291259e+02 1.989416520649896769e-01
1.292792792792792795e+02 2.022631600205967162e-01
1.294294294294294332e+02 1.061346602412151507e-01
1.295795795795795868e+02 1.265917589162908752e-01
1.297297297297297405e+02 8.408773815404890772e-02
1.298798798798798941e+02 5.643528325144638730e-02
1.300300300300300194e+02 1.176705590499012716e-01
1.301801801801801730e+02 1.735344990619134831e-01
1.303303303303303267e+02 2.275781606785360067e-01
1.304804804804804803e+02 1.113351181595516326e-01
1.306306306306306340e+02 1.627686703083156272e-01
1.307807807807807876e+02 2.142723673167595821e-01
1.309309309309309413e+02 1.607124817532682437e-01
1.310810810810810949e+02 4.961715144658201265e-02
1.312312312312312201e+02 1.106390129349591328e-01
1.313813813813813738e+02 5.152551250585743481e-02
1.315315315315315274e+02 9.087566302404954943e-02
1.316816816816816811e+02 1.479838037368181036e-01
1.318318318318318347e+02 2.027260913480664339e-01
1.319819819819819884e+02 1.960724366537491270e-01
1.321321321321321420e+02 1.141361108456267481e-01
1.322822822822822957e+02 2.030501083110620442e-01
1.324324324324324209e+02 1.978047206906250188e-01
1.325825825825825746e+02 9.433655264546923769e-02
1.327327327327327282e+02 1.371030109526010232e-01
1.328828828828828819e+02 7.977400825772421045e-02
1.330330330330330355e+02 6.174215236516685662e-02
1.331831831831831892e+02 1.219167697431635250e-01
1.333333333333333428e+02 1.775962930699882536e-01
1.334834834834834965e+02 2.316281621180290851e-01
1.336336336336336217e+02 1.028492579017830783e-01
1.337837837837837753e+02 1.703836766988239271e-01
1.339339339339339290e+02 2.139680145682011925e-01
1.340840840840840826e+02 1.526487337367649910e-01
1.342342342342342363e+02 6.352964184734770370e-02
1.343843843843843899e+02 1.064269256528012769e-01
1.345345345345345436e+02 4.701270701285754222e-02
1.346846846846846972e+02 9.522416784206150231e-02
1.348348348348348509e+02 1.522754212192558021e-01
1.349849849849849761e+02 2.070195563886371992e-01
1.351351351351351298e+02 1.803212355965260472e-01
1.352852852852852834e+02 1.217374461095890315e-01
1.354354354354354371e+02 2.064107150819497194e-01
1.355855855855855907e+02 1.932215840030521992e-01
1.357357357357357444e+02 8.415771866774110488e-02
1.358858858858858980e+02 1.326058930832474392e-01
1.360360360360360517e+02 7.491426486866141488e-02
1.361861861861861769e+02 6.694087978539572936e-02
1.363363363363363305e+02 1.264995726165639434e-01
1.364864864864864842e+02 1.818939345641805982e-01
1.366366366366366378e+02 2.356370148371845219e-01
1.367867867867867915e+02 9.404225840291205452e-02
1.369369369369369451e+02 1.770306534654458863e-01
1.370870870870870988e+02 2.127731439987641526e-01
1.372372372372372524e+02 1.437398679024773085e-01
1.373873873873873777e+02 7.475477611849581927e-02
1.375375375375375313e+02 1.020191884982748348e-01
1.376876876876876850e+02 4.472887761120411532e-02
1.378378378378378386e+02 9.982832308741261540e-02
1.379879879879879923e+02 1.564059331783986262e-01
1.381381381381381459e+02 2.110308924875062553e-01
1.382882882882882996e+02 1.667558612758230085e-01
1.384384384384384532e+02 1.313296415700074826e-01
1.385885885885885784e+02 2.094146866012109309e-01
1.387387387387387321e+02 1.876328041170382266e-01
1.388888888888888857e+02 7.152022374641837932e-02
1.390390390390390394e+02 1.283642938536390110e-01
1.391891891891891930e+02 7.038142089528867662e-02
1.393393393393393467e+02 7.155981473377034940e-02
1.394894894894895003e+02 1.307120003293917310e-01
1.396396396396396540e+02 1.861573466209825722e-01
1.397897897897897792e+02 2.398455916767351648e-01
1.399399399399399329e+02 9.025361556379862815e-02
1.400900900900900865e+02 1.831679376563223882e-01
1.402402402402402402e+02 2.112316912102251143e-01
1.403903903903903938e+02 1.355131818943779154e-01
1.405405405405405475e+02 8.918121337678165672e-02
1.406906906906907011e+02 9.742798131862111244e-02
1.408408408408408548e+02 4.409607845346490140e-02
1.409909909909909800e+02 1.044760081920605849e-01
1.411411411411411336e+02 1.608439436195500671e-01
1.412912912912912873e+02 2.152241879058459373e-01
1.414414414414414409e+02 1.509820427883157012e-01
1.415915915915915946e+02 1.392122760306610252e-01
1.417417417417417482e+02 2.115063443531018106e-01
1.418918918918919019e+02 1.815886614293838186e-01
1.420420420420420555e+02 5.771513396267498319e-02
1.421921921921921808e+02 1.238948336467147471e-01
1.423423423423423344e+02 6.587317263040211313e-02
1.424924924924924881e+02 7.671603360754819523e-02
1.426426426426426417e+02 1.350139532699173583e-01
1.427927927927927954e+02 1.901839190804338053e-01
1.429429429429429490e+02 2.429228562019573046e-01
1.430930930930931027e+02 9.384087666745888345e-02
1.432432432432432563e+02 1.891958654934915995e-01
1.433933933933933815e+02 2.087206985342657251e-01
1.435435435435435352e+02 1.254460825291160708e-01
1.436936936936936888e+02 1.008104200897007863e-01
1.438438438438438425e+02 9.323720552747541412e-02
1.439939939939939961e+02 4.699606689568461282e-02
1.441441441441441498e+02 1.087004383083488707e-01
1.442942942942943034e+02 1.649877333257968315e-01
1.444444444444444571e+02 2.194060728672028726e-01
1.445945945945946107e+02 1.377492664573078673e-01
1.447447447447447360e+02 1.474047512391277459e-01
1.448948948948948896e+02 2.131415989125040877e-01
1.450450450450450433e+02 1.753572159976732880e-01
1.451951951951951969e+02 4.610365883322576491e-02
1.453453453453453506e+02 1.194863089365503644e-01
1.454954954954955042e+02 6.072965703672375537e-02
1.456456456456456579e+02 8.141077435618762626e-02
1.457957957957958115e+02 1.394898527525896825e-01
1.459459459459459367e+02 1.945379534674086253e-01
1.460960960960960904e+02 2.261811615043103352e-01
1.462462462462462440e+02 9.735522502544603773e-02
1.463963963963963977e+02 1.941704399243404933e-01
1.465465465465465513e+02 2.057608237583453681e-01
1.466966966966967050e+02 1.158666199853984752e-01
1.468468468468468586e+02 1.131673495506918814e-01
1.469969969969970123e+02 8.859484142188127354e-02
1.471471471471471375e+02 5.199968864936744400e-02
1.472972972972972912e+02 1.133215098717519076e-01
1.474474474474474448e+02 1.691934691408309155e-01
1.475975975975975985e+02 2.233790382608060454e-01
1.477477477477477521e+02 1.250548116587320846e-01
1.478978978978979058e+02 1.558118799563604773e-01
1.480480480480480594e+02 2.140404165314145624e-01
1.481981981981982130e+02 1.678474588205460805e-01
1.483483483483483383e+02 3.588845593750145807e-02
1.484984984984984919e+02 1.152063944223453290e-01
1.486486486486486456e+02 5.631434275093096659e-02
1.487987987987987992e+02 8.598577098796662821e-02
1.489489489489489529e+02 1.436049063753490895e-01
1.490990990990991065e+02 1.986483516094880997e-01
1.492492492492492602e+02 2.116441453467877987e-01
1.493993993993994138e+02 1.057448823580904029e-01
1.495495495495495391e+02 1.990044811286131032e-01
1.496996996996996927e+02 2.022634382253540586e-01
1.498498498498498464e+02 1.060849426390122058e-01
1.500000000000000000e+02 1.266738754612421469e-01
