0.000000000000000000e+00 9.484313605918098800e-01
1.501501501501501523e-01 8.449266427381312283e-01
3.003003003003003046e-01 6.627846758873924271e-01
4.504504504504504570e-01 4.828760220643734669e-01
6.006006006006006093e-01 5.023594874818363420e-01
7.507507507507507061e-01 5.133452346255628074e-01
9.009009009009009139e-01 5.136476936808530569e-01
1.051051051051051122e+00 4.774021798526438265e-01
1.201201201201201219e+00 4.789977467286731794e-01
1.351351351351351315e+00 4.899760941417972693e-01
1.501501501501501412e+00 4.494100842830252018e-01
1.651651651651651731e+00 4.080941445591268479e-01
1.801801801801801828e+00 3.741387229348751009e-01
1.951951951951951925e+00 4.486463867730816624e-01
2.102102102102102243e+00 5.240968829361057901e-01
2.252252252252252340e+00 5.491299185507098057e-01
2.402402402402402437e+00 5.577376784686877143e-01
2.552552552552552534e+00 5.772836110409561572e-01
2.702702702702702631e+00 5.958443247012861210e-01
2.852852852852852727e+00 4.492543941500636850e-01
3.003003003003002824e+00 3.211214102845162399e-01
3.153153153153153365e+00 2.752984579300306045e-01
3.303303303303303462e+00 2.736784754839552414e-01
3.453453453453453559e+00 2.726163551186450151e-01
3.603603603603603656e+00 2.702072689019129337e-01
3.753753753753753752e+00 2.567074588039831018e-01
3.903903903903903849e+00 2.586811023799915343e-01
4.054054054054054390e+00 2.962578447452959285e-01
4.204204204204204487e+00 2.666953404982021492e-01
4.354354354354354584e+00 2.512010739096018908e-01
4.504504504504504681e+00 2.500387168987827646e-01
4.654654654654654777e+00 2.531336867274965319e-01
4.804804804804804874e+00 2.875551070595168679e-01
4.954954954954954971e+00 3.118312048454883745e-01
5.105105105105105068e+00 3.280057603516300935e-01
5.255255255255255165e+00 3.578990967132938406e-01
5.405405405405405261e+00 3.732358508403791908e-01
5.555555555555555358e+00 2.317897269486569045e-01
5.705705705705705455e+00 1.641317797843364901e-01
5.855855855855855552e+00 1.785629534286545805e-01
6.006006006006005649e+00 1.787819549952389675e-01
6.156156156156156634e+00 1.838015804948116838e-01
6.306306306306306730e+00 1.860653109987041309e-01
6.456456456456456827e+00 1.461261536358375301e-01
6.606606606606606924e+00 1.525191261225475603e-01
6.756756756756757021e+00 2.140231855623594137e-01
6.906906906906907118e+00 1.975755924573703859e-01
7.057057057057057214e+00 2.039986473024761326e-01
7.207207207207207311e+00 2.140604709603884104e-01
7.357357357357357408e+00 1.572882295913589912e-01
7.507507507507507505e+00 1.560174172371288359e-01
7.657657657657657602e+00 1.876317650073456300e-01
7.807807807807807698e+00 2.041724432032313297e-01
7.957957957957957795e+00 2.355574194955180889e-01
8.108108108108108780e+00 2.411827115558564105e-01
8.258258258258258877e+00 1.187531011810677856e-01
8.408408408408408974e+00 9.897140087717842816e-02
8.558558558558559071e+00 1.326205194400773557e-01
8.708708708708709167e+00 1.412680963681016699e-01
8.858858858858859264e+00 1.586657998263502067e-01
9.009009009009009361e+00 1.620072462943020764e-01
9.159159159159159458e+00 8.606843441942471640e-02
9.309309309309309555e+00 1.142376639770849439e-01
9.459459459459459651e+00 1.803917539766146938e-01
9.609609609609609748e+00 1.771785136211282419e-01
9.759759759759759845e+00 1.969988140131666288e-01
9.909909909909909942e+00 2.025117249631127603e-01
1.006006006006006004e+01 1.108400971681801073e-01
1.021021021021021014e+01 8.762398429804892086e-02
1.036036036036036023e+01 1.357866679096529083e-01
1.051051051051051033e+01 1.489127798439810191e-01
1.066066066066066043e+01 1.783080863245743164e-01
1.081081081081081052e+01 1.765706964884477814e-01
1.096096096096096062e+01 7.147274537342135359e-02
1.111111111111111072e+01 7.481880820740514915e-02
1.126126126126126081e+01 1.157764705536576261e-01
1.141141141141141091e+01 1.291041000794129479e-01
1.156156156156156101e+01 1.545610652665761753e-01
1.171171171171171110e+01 1.529224254228580548e-01
1.186186186186186120e+01 5.671539245801943824e-02
1.201201201201201130e+01 1.023415010095980737e-01
1.216216216216216317e+01 1.616320965828042522e-01
1.231231231231231327e+01 1.680535276203095063e-01
1.246246246246246336e+01 1.942174967496115567e-01
1.261261261261261346e+01 1.902455893308620527e-01
1.276276276276276356e+01 8.376299467887486638e-02
1.291291291291291365e+01 6.899058285725137574e-02
1.306306306306306375e+01 1.228060126044773076e-01
1.321321321321321385e+01 1.335065657374544246e-01
1.336336336336336394e+01 1.605033100698591009e-01
1.351351351351351404e+01 1.528149086022472791e-01
1.366366366366366414e+01 5.724575933047914428e-02
1.381381381381381424e+01 7.147550689349413400e-02
1.396396396396396433e+01 1.160115156980944945e-01
1.411411411411411443e+01 1.298205510991314315e-01
1.426426426426426453e+01 1.585889249404271728e-01
1.441441441441441462e+01 1.490636280904845401e-01
1.456456456456456472e+01 4.647917041090836310e-02
1.471471471471471482e+01 9.573044443359482458e-02
1.486486486486486491e+01 1.472264431333665247e-01
1.501501501501501501e+01 1.591492191639827525e-01
1.516516516516516511e+01 1.879225774075242439e-01
1.531531531531531520e+01 1.743851754962419953e-01
1.546546546546546530e+01 6.484736428611161119e-02
1.561561561561561540e+01 7.492343082169174162e-02
1.576576576576576549e+01 1.226335862034552970e-01
1.591591591591591559e+01 1.340229220787483022e-01
1.606606606606606746e+01 1.607553164055787742e-01
1.621621621621621756e+01 1.458056386041638730e-01
1.636636636636636766e+01 4.982563832816967048e-02
1.651651651651651775e+01 7.767812146920693994e-02
1.666666666666666785e+01 1.218381042142184373e-01
1.681681681681681795e+01 1.355540673520546358e-01
1.696696696696696804e+01 1.651542004059502189e-01
1.711711711711711814e+01 1.472592288168697028e-01
1.726726726726726824e+01 4.435974248850633322e-02
1.741741741741741833e+01 9.247661312527569177e-02
1.756756756756756843e+01 1.364419741272207831e-01
1.771771771771771853e+01 1.510397248923160407e-01
1.786786786786786863e+01 1.808044662481586018e-01
1.801801801801801872e+01 1.580100358292600149e-01
1.816816816816816882e+01 5.004334397642322407e-02
1.831831831831831892e+01 8.319592314984700088e-02
1.846846846846846901e+01 1.248431130578644688e-01
1.861861861861861911e+01 1.382676625712118135e-01
1.876876876876876921e+01 1.661884522176527990e-01
1.891891891891891930e+01 1.426800516215458448e-01
1.906906906906906940e+01 4.254572387875622808e-02
1.921921921921921950e+01 8.580381373649764720e-02
1.936936936936936959e+01 1.260269760329857658e-01
1.951951951951951969e+01 1.403614465093386277e-01
1.966966966966966979e+01 1.701370140450242652e-01
1.981981981981981988e+01 1.439418128808006847e-01
1.996996996996996998e+01 4.193695331128997200e-02
2.012012012012012008e+01 9.295146508592069812e-02
2.027027027027027017e+01 1.306940954982270808e-01
2.042042042042042027e+01 1.467044702449050442e-01
2.057057057057057037e+01 1.770832734971603817e-01
2.072072072072072046e+01 1.452100304205340420e-01
2.087087087087087056e+01 3.859744756496951562e-02
2.102102102102102066e+01 8.966970464621740189e-02
2.117117117117117076e+01 1.262894189831106351e-01
2.132132132132132085e+01 1.415995693123189569e-01
2.147147147147147095e+01 1.706225477073241847e-01
2.162162162162162105e+01 1.384397823286167561e-01
2.177177177177177114e+01 3.604547989465462648e-02
2.192192192192192124e+01 9.370753331491184224e-02
2.207207207207207134e+01 1.282458999063334770e-01
2.222222222222222143e+01 1.438157645423068509e-01
2.237237237237237153e+01 1.740752342097923178e-01
2.252252252252252163e+01 1.385206268749376857e-01
2.267267267267267172e+01 3.562829003515857740e-02
2.282282282282282182e+01 9.578576666431740105e-02
2.297297297297297192e+01 1.287893927821078255e-01
2.312312312312312201e+01 1.457831865817143524e-01
2.327327327327327211e+01 1.764971327562880887e-01
2.342342342342342221e+01 1.364064873010330803e-01
2.357357357357357230e+01 3.120274323480477091e-02
2.372372372372372240e+01 9.559759153398546261e-02
2.387387387387387250e+01 1.267309783702960657e-01
2.402402402402402259e+01 1.435562221568298102e-01
2.417417417417417624e+01 1.734976166671707565e-01
2.432432432432432634e+01 1.321799254593527262e-01
2.447447447447447644e+01 2.838498800803861133e-02
2.462462462462462653e+01 1.001072256094403951e-01
2.477477477477477663e+01 1.297866116814122839e-01
2.492492492492492673e+01 1.468461375453917195e-01
2.507507507507507682e+01 1.777769293098863390e-01
2.522522522522522692e+01 1.325645652863222668e-01
2.537537537537537702e+01 2.819457440206903434e-02
2.552552552552552712e+01 1.000463002209211333e-01
2.567567567567567721e+01 1.280186697724886857e-01
2.582582582582582731e+01 1.458778647644475013e-01
2.597597597597597741e+01 1.767516809992583926e-01
2.612612612612612750e+01 1.288452004553464758e-01
2.627627627627627760e+01 2.585217289503442123e-02
2.642642642642642770e+01 1.017696880041555896e-01
2.657657657657657779e+01 1.277240043503759526e-01
2.672672672672672789e+01 1.459593332137663901e-01
2.687687687687687799e+01 1.768922047636698747e-01
2.702702702702702808e+01 1.255670424802182716e-01
2.717717717717717818e+01 2.018140521761087325e-02
2.732732732732732828e+01 1.048708787662216146e-01
2.747747747747747837e+01 1.302673073918378110e-01
2.762762762762762847e+01 1.486236077349333828e-01
2.777777777777777857e+01 1.799356609255062800e-01
2.792792792792792866e+01 1.260569337875663831e-01
2.807807807807807876e+01 2.504249593548227987e-02
2.822822822822822886e+01 1.055404646885761133e-01
2.837837837837837895e+01 1.281010371476930809e-01
2.852852852852852905e+01 1.470328405788920434e-01
2.867867867867867915e+01 1.784102070018943331e-01
2.882882882882882924e+01 1.214620290054017060e-01
2.897897897897897934e+01 2.258534475250923226e-02
2.912912912912912944e+01 1.073263551137436517e-01
2.927927927927927954e+01 1.291766812056503455e-01
2.942942942942942963e+01 1.486276496888694620e-01
2.957957957957957973e+01 1.802326976867804631e-01
2.972972972972972983e+01 1.196072520562657671e-01
2.987987987987987992e+01 2.193094255958175434e-02
3.003003003003003002e+01 1.094806698873207335e-01
3.018018018018018012e+01 1.299193658347339853e-01
3.033033033033033021e+01 1.494273442283228226e-01
3.048048048048048031e+01 1.811022402497403094e-01
3.063063063063063041e+01 1.183329222480916376e-01
3.078078078078078050e+01 2.457810176271417110e-02
3.093093093093093060e+01 1.111405341349004094e-01
3.108108108108108070e+01 1.293531802272722409e-01
3.123123123123123079e+01 1.495055497229877683e-01
3.138138138138138089e+01 1.815777644247927036e-01
3.153153153153153099e+01 1.149998634067420922e-01
3.168168168168168108e+01 2.246990852480845388e-02
3.183183183183183118e+01 1.122969985353283046e-01
3.198198198198198128e+01 1.297805745829855306e-01
3.213213213213213493e+01 1.502328095153188936e-01
3.228228228228228147e+01 1.821767754356338476e-01
3.243243243243243512e+01 1.130720124275873123e-01
3.258258258258258167e+01 2.335317041102566438e-02
3.273273273273273531e+01 1.146116446700408686e-01
3.288288288288288186e+01 1.303724432357617480e-01
3.303303303303303551e+01 1.511184576215997832e-01
3.318318318318318205e+01 1.834383817253512350e-01
3.333333333333333570e+01 1.106572797976043410e-01
3.348348348348348225e+01 2.263726894551618823e-02
3.363363363363363590e+01 1.158440506767523248e-01
3.378378378378378244e+01 1.303920457717459014e-01
3.393393393393393609e+01 1.515615690651326009e-01
3.408408408408408263e+01 1.840177395441897623e-01
3.423423423423423628e+01 1.089038764600912396e-01
3.438438438438438283e+01 2.494757100417951262e-02
3.453453453453453648e+01 1.176584979509551210e-01
3.468468468468468302e+01 1.303093367767338140e-01
3.483483483483483667e+01 1.518713714361215050e-01
3.498498498498498321e+01 1.843589981132931210e-01
3.513513513513513686e+01 1.056716684402499717e-01
3.528528528528528341e+01 3.692674086754793583e-02
3.543543543543543706e+01 1.192963297875401785e-01
3.558558558558558360e+01 1.314842711311612622e-01
3.573573573573573725e+01 1.533183283326327861e-01
3.588588588588588379e+01 1.861162511280307907e-01
3.603603603603603744e+01 1.040517592357134563e-01
3.618618618618618399e+01 3.984115014935672716e-02
3.633633633633633764e+01 1.204578619366759445e-01
3.648648648648648418e+01 1.307546235024405479e-01
3.663663663663663783e+01 1.528844982746571934e-01
3.678678678678678438e+01 1.856997241648616070e-01
3.693693693693693803e+01 1.017765921649213812e-01
3.708708708708708457e+01 3.324006204445172780e-02
3.723723723723723822e+01 1.229806959912882053e-01
3.738738738738738476e+01 1.317323147652723347e-01
3.753753753753753841e+01 1.544646591536227576e-01
3.768768768768768496e+01 1.876086001283691351e-01
3.783783783783783861e+01 9.882910868659254555e-02
3.798798798798798515e+01 4.276622774935145282e-02
3.813813813813813880e+01 1.234722595391418987e-01
3.828828828828828534e+01 1.319621600071160805e-01
3.843843843843843899e+01 1.546678954786018245e-01
3.858858858858859264e+01 1.876798398702087534e-01
3.873873873873873919e+01 9.722667285944805449e-02
3.888888888888889284e+01 3.842544254103054391e-02
3.903903903903903938e+01 1.256116659141994496e-01
3.918918918918919303e+01 1.318441972727598388e-01
3.933933933933933957e+01 1.550993662718662680e-01
3.948948948948949322e+01 1.885572361226742488e-01
3.963963963963963977e+01 9.442271912146196766e-02
3.978978978978979342e+01 4.014532710920357822e-02
3.993993993993993996e+01 1.272629093015578694e-01
4.009009009009009361e+01 1.328528950566738864e-01
4.024024024024024015e+01 1.564812974224738806e-01
4.039039039039039380e+01 1.899419563279501899e-01
4.054054054054054035e+01 9.263223985464665022e-02
4.069069069069069400e+01 4.250021756746980711e-02
4.084084084084084054e+01 1.281143482536715728e-01
4.099099099099099419e+01 1.325416901445211904e-01
4.114114114114114074e+01 1.562562880850694447e-01
4.129129129129129439e+01 1.881866433808753736e-01
4.144144144144144093e+01 8.952969041480696166e-02
4.159159159159159458e+01 4.498003614814143764e-02
4.174174174174174112e+01 1.286649565141360918e-01
4.189189189189189477e+01 1.334571303606801318e-01
4.204204204204204132e+01 1.576749269263197639e-01
4.219219219219219497e+01 1.876379186115044728e-01
4.234234234234234151e+01 8.807413308786508910e-02
4.249249249249249516e+01 4.768400421049549115e-02
4.264264264264264170e+01 1.278353155951824360e-01
4.279279279279279535e+01 1.333147014738271796e-01
4.294294294294294190e+01 1.577880554726953932e-01
4.309309309309309555e+01 1.845483532860952292e-01
4.324324324324324209e+01 8.551663567342725203e-02
4.339339339339339574e+01 4.971424555826989278e-02
4.354354354354354228e+01 1.281720646736106417e-01
4.369369369369369593e+01 1.341413347084632890e-01
4.384384384384384248e+01 1.589249185895739991e-01
4.399399399399399613e+01 1.831196668460420840e-01
4.414414414414414267e+01 8.246858231396259065e-02
4.429429429429429632e+01 5.134615608228181721e-02
4.444444444444444287e+01 1.279341744141157533e-01
4.459459459459459651e+01 1.342678955748972391e-01
4.474474474474474306e+01 1.592083669795810452e-01
4.489489489489489671e+01 1.813740276026861997e-01
4.504504504504504325e+01 8.156487902338330209e-02
4.519519519519519690e+01 5.502320215565427441e-02
4.534534534534534345e+01 1.275734808480364357e-01
4.549549549549549710e+01 1.345101986912332070e-01
4.564564564564564364e+01 1.600293371555418231e-01
4.579579579579579729e+01 1.787853191311091494e-01
4.594594594594594383e+01 7.804097531071725602e-02
4.609609609609609748e+01 5.576932077806956434e-02
4.624624624624624403e+01 1.279229047320261936e-01
4.639639639639639768e+01 1.354727363908645454e-01
4.654654654654654422e+01 1.610371516566562744e-01
4.669669669669669787e+01 1.774935986362427276e-01
4.684684684684684441e+01 7.628486987016884491e-02
4.699699699699699806e+01 5.845898076661054654e-02
4.714714714714714461e+01 1.273332783732971651e-01
4.729729729729729826e+01 1.351101059229036505e-01
4.744744744744744480e+01 1.609312209023155693e-01
4.759759759759759845e+01 1.747878758228650908e-01
4.774774774774774500e+01 7.398012993861517728e-02
4.789789789789789864e+01 6.099345854038803333e-02
4.804804804804804519e+01 1.277578110163295477e-01
4.819819819819819884e+01 1.362235530447324927e-01
4.834834834834835249e+01 1.626137468305033085e-01
4.849849849849849903e+01 1.735784341381036988e-01
4.864864864864865268e+01 7.174765738423395656e-02
4.879879879879879923e+01 6.246866504975422119e-02
4.894894894894895288e+01 1.271415121389213587e-01
4.909909909909909942e+01 1.361497453408936353e-01
4.924924924924925307e+01 1.624607526799371204e-01
4.939939939939939961e+01 1.706230223446170147e-01
4.954954954954955326e+01 6.917334962137121346e-02
4.969969969969969981e+01 6.487988060132646173e-02
4.984984984984985346e+01 1.276517273759561755e-01
5.000000000000000000e+01 1.369442545205862838e-01
5.015015015015015365e+01 1.637127843411989581e-01
5.030030030030030019e+01 1.692936876768980359e-01
5.045045045045045384e+01 6.691780849981038282e-02
5.060060060060060039e+01 6.681347602278575604e-02
5.075075075075075404e+01 1.272491477212120692e-01
5.090090090090090058e+01 1.371437367489496961e-01
5.105105105105105423e+01 1.641472913206101780e-01
5.120120120120120077e+01 1.671366371630457481e-01
5.135135135135135442e+01 6.553373379597324244e-02
5.150150150150150097e+01 6.929836835531277828e-02
5.165165165165165462e+01 1.271044401506912780e-01
5.180180180180180116e+01 1.375800864595853601e-01
5.195195195195195481e+01 1.648649623954637489e-01
5.210210210210210136e+01 1.643896594347882822e-01
5.225225225225225500e+01 6.153681732827354089e-02
5.240240240240240155e+01 7.046045611488480076e-02
5.255255255255255520e+01 1.276719471391517535e-01
5.270270270270270174e+01 1.384530753581922069e-01
5.285285285285285539e+01 1.658599824379783094e-01
5.300300300300300194e+01 1.633832357816759062e-01
5.315315315315315559e+01 6.087678791809259665e-02
5.330330330330330213e+01 7.330917898561381540e-02
5.345345345345345578e+01 1.268940479199068549e-01
5.360360360360360232e+01 1.381631206501367781e-01
5.375375375375375597e+01 1.659580031853805926e-01
5.390390390390390252e+01 1.603279770434854756e-01
5.405405405405405617e+01 5.811864593581883565e-02
5.420420420420420271e+01 7.516274887373834701e-02
5.435435435435435636e+01 1.275683134947273312e-01
5.450450450450450290e+01 1.395212258568020169e-01
5.465465465465465655e+01 1.676001020912688544e-01
5.480480480480480310e+01 1.588065074318444625e-01
5.495495495495495675e+01 5.524504590728578080e-02
5.510510510510510329e+01 7.650585069200645238e-02
5.525525525525525694e+01 1.271066131427845414e-01
5.540540540540540349e+01 1.392693276298687666e-01
5.555555555555555713e+01 1.672866842933835307e-01
5.570570570570570368e+01 1.562702868423218594e-01
5.585585585585585733e+01 5.382979841360141515e-02
5.600600600600600387e+01 7.939349071608657604e-02
5.615615615615615752e+01 1.274245391807196648e-01
5.630630630630630407e+01 1.401349966679776293e-01
5.645645645645645772e+01 1.688020303111533449e-01
5.660660660660660426e+01 1.544518054170480048e-01
5.675675675675675791e+01 5.114213818652002530e-02
5.690690690690690445e+01 8.078932963775314890e-02
5.705705705705705810e+01 1.273100377556648510e-01
5.720720720720720465e+01 1.406113673655630669e-01
5.735735735735735830e+01 1.692255939565112388e-01
5.750750750750750484e+01 1.522051618459774047e-01
5.765765765765765849e+01 4.913666861792247847e-02
5.780780780780781214e+01 8.286870405780659421e-02
5.795795795795795868e+01 1.273276579500845773e-01
5.810810810810811233e+01 1.409195937194513970e-01
5.825825825825825888e+01 1.697947704428568183e-01
5.840840840840841253e+01 1.496210285466189061e-01
5.855855855855855907e+01 4.600113313102990181e-02
5.870870870870871272e+01 8.467830407671554649e-02
5.885885885885885926e+01 1.277143396030623601e-01
5.900900900900901291e+01 1.417606366508927795e-01
5.915915915915915946e+01 1.709645984825308995e-01
5.930930930930931311e+01 1.483981299037888391e-01
5.945945945945945965e+01 4.545774883827891771e-02
5.960960960960961330e+01 8.696204033915025389e-02
5.975975975975975985e+01 1.271155888440175796e-01
5.990990990990991349e+01 1.417558553772830243e-01
6.006006006006006004e+01 1.711057485884496521e-01
6.021021021021021369e+01 1.450887197252345995e-01
6.036036036036036023e+01 4.148659860203993133e-02
6.051051051051051388e+01 8.849448302970372437e-02
6.066066066066066043e+01 1.280586194691087643e-01
6.081081081081081408e+01 1.430512057641848689e-01
6.096096096096096062e+01 1.726107200289178079e-01
6.111111111111111427e+01 1.436683452807279993e-01
6.126126126126126081e+01 3.954619382183070103e-02
6.141141141141141446e+01 9.025840199762992511e-02
6.156156156156156101e+01 1.274494277173752743e-01
6.171171171171171466e+01 1.427386589625796176e-01
6.186186186186186120e+01 1.724488068142846497e-01
6.201201201201201485e+01 1.412503927769803436e-01
6.216216216216216139e+01 3.863838748680818030e-02
6.231231231231231504e+01 9.288800847589016862e-02
6.246246246246246159e+01 1.278730757891722025e-01
6.261261261261261524e+01 1.438965638139427516e-01
6.276276276276276178e+01 1.740667182161432514e-01
6.291291291291291543e+01 1.388511449900738659e-01
6.306306306306306197e+01 3.415027112324927477e-02
6.321321321321321562e+01 9.377260029857178991e-02
6.336336336336336217e+01 1.280428160285237427e-01
6.351351351351351582e+01 1.442741362968292529e-01
6.366366366366366236e+01 1.742571427073547341e-01
6.381381381381381601e+01 1.369002776800371801e-01
6.396396396396396256e+01 3.329050729801664998e-02
6.411411411411411621e+01 9.618624497614025604e-02
6.426426426426426985e+01 1.279146507051597270e-01
6.441441441441440929e+01 1.445384542573126263e-01
6.456456456456456294e+01 1.750192287895021293e-01
6.471471471471471659e+01 1.343319038288374456e-01
6.486486486486487024e+01 3.043139223235447055e-02
6.501501501501500968e+01 9.800349834787495940e-02
6.516516516516516333e+01 1.284149478761817398e-01
6.531531531531531698e+01 1.456528305895251896e-01
6.546546546546547063e+01 1.763038417203830199e-01
6.561561561561561007e+01 1.326888802720811444e-01
6.576576576576576372e+01 2.854457042446583576e-02
6.591591591591591737e+01 9.958383654965780041e-02
6.606606606606607102e+01 1.281263169544491209e-01
6.621621621621621046e+01 1.456313422184906392e-01
6.636636636636636410e+01 1.762516704328441763e-01
6.651651651651651775e+01 1.295314764678656694e-01
6.666666666666667140e+01 2.449188255188294860e-02
6.681681681681681084e+01 1.014794018401886655e-01
6.696696696696696449e+01 1.289242995022124028e-01
6.711711711711711814e+01 1.468033020253756149e-01
6.726726726726727179e+01 1.778736915627029680e-01
6.741741741741742544e+01 1.281895226733070492e-01
6.756756756756756488e+01 2.490806782275188647e-02
6.771771771771771853e+01 1.032080742485115832e-01
6.786786786786787218e+01 1.283254057517680680e-01
6.801801801801802583e+01 1.466962493805330781e-01
6.816816816816816527e+01 1.777994485698894400e-01
6.831831831831831892e+01 1.254826399546675741e-01
6.846846846846847257e+01 2.366470372859325044e-02
6.861861861861862621e+01 1.052950622015629001e-01
6.876876876876876565e+01 1.291098187511530437e-01
6.891891891891891930e+01 1.479452292620602738e-01
6.906906906906907295e+01 1.793118668543848548e-01
6.921921921921922660e+01 1.229034190245456848e-01
6.936936936936936604e+01 2.061308818362143219e-02
6.951951951951951969e+01 1.063075347185035296e-01
6.966966966966967334e+01 1.291898689804088785e-01
6.981981981981982699e+01 1.481428385183491403e-01
6.996996996996996643e+01 1.795322733734359688e-01
7.012012012012012008e+01 1.214146495048005758e-01
7.027027027027027373e+01 2.504124536908038101e-02
7.042042042042042738e+01 1.088594843518145561e-01
7.057057057057056682e+01 1.290204805461660775e-01
7.072072072072072046e+01 1.486401787343840930e-01
7.087087087087087411e+01 1.804702206452808710e-01
7.102102102102102776e+01 1.183821822022156356e-01
7.117117117117116720e+01 2.218877753134374659e-02
7.132132132132132085e+01 1.101515884808073054e-01
7.147147147147147450e+01 1.298776873128927589e-01
7.162162162162162815e+01 1.498222937382484576e-01
7.177177177177176759e+01 1.815955222297775395e-01
7.192192192192192124e+01 1.165904422215586073e-01
7.207207207207207489e+01 2.297132031843753669e-02
7.222222222222222854e+01 1.116288223125146278e-01
7.237237237237236798e+01 1.295010659976522649e-01
7.252252252252252163e+01 1.496117623626884996e-01
7.267267267267267528e+01 1.815450228825610801e-01
7.282282282282282893e+01 1.138809694807752515e-01
7.297297297297296836e+01 2.366991086435789315e-02
7.312312312312312201e+01 1.138900292693976884e-01
7.327327327327327566e+01 1.302554066800670762e-01
7.342342342342342931e+01 1.510071365660291820e-01
7.357357357357356875e+01 1.833861016382546671e-01
7.372372372372372240e+01 1.121430926646574400e-01
7.387387387387387605e+01 2.331350299842177218e-02
7.402402402402402970e+01 1.150396477745785490e-01
7.417417417417416914e+01 1.300332857951356502e-01
7.432432432432432279e+01 1.510178285558139155e-01
7.447447447447447644e+01 1.831732265690506622e-01
7.462462462462463009e+01 1.093291994036888343e-01
7.477477477477476953e+01 2.264510923421540756e-02
7.492492492492492318e+01 1.169696398598810277e-01
7.507507507507507682e+01 1.307679134199287441e-01
7.522522522522523047e+01 1.520856407215288864e-01
7.537537537537536991e+01 1.846718699739599012e-01
7.552552552552552356e+01 1.070160871056015511e-01
7.567567567567567721e+01 2.312226804330184612e-02
7.582582582582583086e+01 1.182797692475961587e-01
7.597597597597597030e+01 1.307308197468050881e-01
7.612612612612612395e+01 1.524007290956963245e-01
7.627627627627627760e+01 1.850509961816796112e-01
7.642642642642643125e+01 1.054928937233851616e-01
7.657657657657657069e+01 2.924819751848847446e-02
7.672672672672672434e+01 1.204328492436310544e-01
7.687687687687687799e+01 1.309241399431011199e-01
7.702702702702703164e+01 1.531053707123561924e-01
7.717717717717718529e+01 1.859361503650930336e-01
7.732732732732732472e+01 1.019599784713865892e-01
7.747747747747747837e+01 3.969648887897134909e-02
7.762762762762763202e+01 1.214194232005724045e-01
7.777777777777778567e+01 1.317944280898569742e-01
7.792792792792792511e+01 1.540732191504802784e-01
7.807807807807807876e+01 1.869748952557363231e-01
7.822822822822823241e+01 1.006590494655299761e-01
7.837837837837838606e+01 4.357162457790336035e-02
7.852852852852852550e+01 1.231634795029843826e-01
7.867867867867867915e+01 1.312587601196540665e-01
7.882882882882883280e+01 1.539615672632691223e-01
7.897897897897898645e+01 1.871062735433564328e-01
7.912912912912912589e+01 9.798664844128036899e-02
7.927927927927927954e+01 3.678106992727830232e-02
7.942942942942943318e+01 1.252130119244103390e-01
7.957957957957958683e+01 1.323623775378032497e-01
7.972972972972972627e+01 1.555903000436035799e-01
7.987987987987987992e+01 1.889287148679503203e-01
8.003003003003003357e+01 9.562001540567176272e-02
8.018018018018018722e+01 4.641809269202994831e-02
8.033033033033032666e+01 1.258260058479914734e-01
8.048048048048048031e+01 1.321900247533078498e-01
8.063063063063063396e+01 1.553765055322330335e-01
8.078078078078078761e+01 1.885681049234390061e-01
8.093093093093092705e+01 9.336307424320071380e-02
8.108108108108108070e+01 4.199440568642937716e-02
8.123123123123123435e+01 1.281380908881825653e-01
8.138138138138138800e+01 1.327632517253892197e-01
8.153153153153152743e+01 1.565501292840717484e-01
8.168168168168168108e+01 1.900881654173979807e-01
8.183183183183183473e+01 9.108012590547685805e-02
8.198198198198198838e+01 4.385492176259827429e-02
8.213213213213212782e+01 1.282400509555658430e-01
8.228228228228228147e+01 1.330231438591918947e-01
8.243243243243243512e+01 1.570641059748023871e-01
8.258258258258258877e+01 1.877257888353492388e-01
8.273273273273272821e+01 8.908275300004270258e-02
8.288288288288288186e+01 4.650120557268263427e-02
8.303303303303303551e+01 1.281041087345968221e-01
8.318318318318318916e+01 1.333075685268731436e-01
8.333333333333332860e+01 1.575971415573359236e-01
8.348348348348348225e+01 1.855253426588618915e-01
8.363363363363363590e+01 8.575706428393492509e-02
8.378378378378378954e+01 4.812154082498346086e-02
8.393393393393392898e+01 1.284041656210361260e-01
8.408408408408408263e+01 1.340037263327384098e-01
8.423423423423423628e+01 1.585945146437342801e-01
8.438438438438438993e+01 1.846443208066474440e-01
8.453453453453452937e+01 8.488374057048633792e-02
8.468468468468468302e+01 5.155725912148865359e-02
8.483483483483483667e+01 1.275236120189275624e-01
8.498498498498499032e+01 1.337368959779256516e-01
8.513513513513512976e+01 1.587322708890594736e-01
8.528528528528528341e+01 1.813289123911666079e-01
8.543543543543543706e+01 8.155339148031028051e-02
8.558558558558559071e+01 5.289758047625341825e-02
8.573573573573573015e+01 1.282062052991471968e-01
8.588588588588588379e+01 1.350048377307582481e-01
8.603603603603603744e+01 1.602361197232624601e-01
8.618618618618619109e+01 1.804964377095323869e-01
8.633633633633633053e+01 7.931722697788652632e-02
8.648648648648648418e+01 5.496493095232894699e-02
8.663663663663663783e+01 1.275229914542809484e-01
8.678678678678679148e+01 1.345978224823347891e-01
8.693693693693694513e+01 1.599458329071128670e-01
8.708708708708708457e+01 1.778886523788864582e-01
8.723723723723723822e+01 7.776210325834648218e-02
8.738738738738739187e+01 5.819256911758098616e-02
8.753753753753754552e+01 1.276708084205490645e-01
8.768768768768768496e+01 1.353825853572321325e-01
8.783783783783783861e+01 1.613923036739770556e-01
8.798798798798799226e+01 1.761211861829956593e-01
8.813813813813814591e+01 7.462922096825792828e-02
8.828828828828828534e+01 5.913147989683169986e-02
8.843843843843843899e+01 1.275282690185862433e-01
8.858858858858859264e+01 1.358462095966019856e-01
8.873873873873874629e+01 1.617788220834446566e-01
8.888888888888888573e+01 1.740559340001437694e-01
8.903903903903903938e+01 7.281549479651470980e-02
8.918918918918919303e+01 6.190559109963414408e-02
8.933933933933934668e+01 1.274120429175012725e-01
8.948948948948948612e+01 1.359637219841353661e-01
8.963963963963963977e+01 1.622898200273942548e-01
8.978978978978979342e+01 1.718556633450909754e-01
8.993993993993994707e+01 7.016063616059105279e-02
9.009009009009008651e+01 6.388950462094625249e-02
9.024024024024024015e+01 1.275811853533070639e-01
9.039039039039039380e+01 1.367894855351237948e-01
9.054054054054054745e+01 1.634993418397031884e-01
9.069069069069068689e+01 1.704384333088660719e-01
9.084084084084084054e+01 6.869272367601672591e-02
9.099099099099099419e+01 6.606917263246063488e-02
9.114114114114114784e+01 1.269917830262013991e-01
9.129129129129128728e+01 1.367470283569884038e-01
9.144144144144144093e+01 1.635505732416252800e-01
9.159159159159159458e+01 1.672818130182182617e-01
9.174174174174174823e+01 6.519171445263030606e-02
9.189189189189188767e+01 6.775967955286060773e-02
9.204204204204204132e+01 1.277611574873208644e-01
9.219219219219219497e+01 1.378400914811349631e-01
9.234234234234234862e+01 1.649720755094177538e-01
9.249249249249248805e+01 1.664369743905991517e-01
9.264264264264264170e+01 6.378835756214681907e-02
9.279279279279279535e+01 7.008734874963544470e-02
9.294294294294294900e+01 1.269331157326816228e-01
9.309309309309308844e+01 1.375178906939002466e-01
9.324324324324324209e+01 1.648854237078551943e-01
9.339339339339339574e+01 1.635519005795532943e-01
9.354354354354354939e+01 6.184692334291688048e-02
9.369369369369368883e+01 7.242863431578132338e-02
9.384384384384384248e+01 1.273628366820369340e-01
9.399399399399399613e+01 1.386100871440090754e-01
9.414414414414414978e+01 1.663563277741738899e-01
9.429429429429428922e+01 1.615400471541378613e-01
9.444444444444444287e+01 5.810239491108169785e-02
9.459459459459459651e+01 7.347659162424741153e-02
9.474474474474475016e+01 1.274103006326574306e-01
9.489489489489488960e+01 1.389099658595807085e-01
9.504504504504504325e+01 1.665994053917771722e-01
9.519519519519519690e+01 1.598317044220303185e-01
9.534534534534535055e+01 5.747428828593266481e-02
9.549549549549548999e+01 7.655148420256017994e-02
9.564564564564564364e+01 1.270874711555164960e-01
9.579579579579579729e+01 1.390875026740255316e-01
9.594594594594595094e+01 1.673510284729824160e-01
9.609609609609609038e+01 1.572055719528423212e-01
9.624624624624624403e+01 5.435165772917871507e-02
9.639639639639639768e+01 7.797629017686684427e-02
9.654654654654655133e+01 1.274932173922543044e-01
9.669669669669670498e+01 1.401570977949529451e-01
9.684684684684684441e+01 1.685213669282518145e-01
9.699699699699699806e+01 1.555515471467013022e-01
9.714714714714715171e+01 5.223234139079909605e-02
9.729729729729730536e+01 7.983547474608997108e-02
9.744744744744744480e+01 1.270982230118389011e-01
9.759759759759759845e+01 1.399914077604954010e-01
9.774774774774775210e+01 1.684352113120751726e-01
9.789789789789790575e+01 1.527344947995726565e-01
9.804804804804804519e+01 4.975785606941669770e-02
9.819819819819819884e+01 8.215468952669141567e-02
9.834834834834835249e+01 1.276971677687303575e-01
9.849849849849850614e+01 1.411117267988131752e-01
9.864864864864864558e+01 1.700911628455916980e-01
9.879879879879879923e+01 1.514829649543937562e-01
9.894894894894895288e+01 4.818459173505152543e-02
9.909909909909910652e+01 8.390127175325602649e-02
9.924924924924924596e+01 1.270897401568938656e-01
9.939939939939939961e+01 1.410638658861361194e-01
9.954954954954955326e+01 1.700158624404523033e-01
9.969969969969970691e+01 1.484593953826914559e-01
9.984984984984984635e+01 4.535232198229705719e-02
1.000000000000000000e+02 8.589740979246825170e-02
1.001501501501501536e+02 1.277585971212227833e-01
1.003003003003003073e+02 1.420985243928087338e-01
1.004504504504504467e+02 1.713790901712323456e-01
1.006006006006006004e+02 1.465797155855993184e-01
1.007507507507507540e+02 4.244832802046089038e-02
1.009009009009009077e+02 8.746442848722960073e-02
1.010510510510510471e+02 1.275900731451154180e-01
1.012012012012012008e+02 1.422674677183070335e-01
1.013513513513513544e+02 1.716941364240255341e-01
1.015015015015015081e+02 1.448220528732734325e-01
1.016516516516516475e+02 4.223947217251807634e-02
1.018018018018018012e+02 9.009101348126107023e-02
1.019519519519519548e+02 1.274008921400611727e-01
1.021021021021021085e+02 1.427540141773847027e-01
1.022522522522522479e+02 1.725510889511248369e-01
1.024024024024024015e+02 1.417500690011244679e-01
1.025525525525525552e+02 3.750780296557545967e-02
1.027027027027027088e+02 9.118242780286532623e-02
1.028528528528528483e+02 1.281576535510521309e-01
1.030030030030030019e+02 1.438078764861728254e-01
1.031531531531531556e+02 1.735947255598500050e-01
1.033033033033033092e+02 1.403494208936740817e-01
1.034534534534534487e+02 3.649872671678847103e-02
1.036036036036036023e+02 9.332067727552617598e-02
1.037537537537537560e+02 1.275527539747302042e-01
1.039039039039039096e+02 1.435171080096133978e-01
1.040540540540540491e+02 1.736025024394150795e-01
1.042042042042042027e+02 1.375817190941260315e-01
1.043543543543543564e+02 3.443512212003545930e-02
1.045045045045045100e+02 9.558105452092052756e-02
1.046546546546546494e+02 1.282582290279558057e-01
1.048048048048048031e+02 1.449295098587424779e-01
1.049549549549549567e+02 1.753888386925102350e-01
1.051051051051051104e+02 1.357787024991837233e-01
1.052552552552552498e+02 3.113887518634456467e-02
1.054054054054054035e+02 9.670255091408376524e-02
1.055555555555555571e+02 1.279769518900430725e-01
1.057057057057057108e+02 1.448496662725981543e-01
1.058558558558558644e+02 1.751193348868504418e-01
1.060060060060060039e+02 1.330913552715680126e-01
1.061561561561561575e+02 2.912023923875834558e-02
1.063063063063063112e+02 9.901519879325969276e-02
1.064564564564564648e+02 1.284638989638331452e-01
1.066066066066066043e+02 1.457598459157568305e-01
1.067567567567567579e+02 1.765908489413589855e-01
1.069069069069069116e+02 1.311392611871308456e-01
1.070570570570570652e+02 2.680908186437019544e-02
1.072072072072072046e+02 1.006096668941294792e-01
1.073573573573573583e+02 1.283783149507450871e-01
1.075075075075075119e+02 1.461845641995265510e-01
1.076576576576576656e+02 1.770358203677226960e-01
1.078078078078078050e+02 1.291038739695405391e-01
1.079579579579579587e+02 2.583291344404935186e-02
1.081081081081081123e+02 1.026050044714833104e-01
1.082582582582582660e+02 1.285240455615314914e-01
1.084084084084084054e+02 1.467301503405656349e-01
1.085585585585585591e+02 1.777613337220359524e-01
1.087087087087087127e+02 1.259797519879450878e-01
1.088588588588588664e+02 2.033521204989061082e-02
1.090090090090090058e+02 1.039332643197418554e-01
1.091591591591591595e+02 1.291534532562053084e-01
1.093093093093093131e+02 1.475983546485420961e-01
1.094594594594594668e+02 1.788363753899181730e-01
1.096096096096096062e+02 1.248483943186695505e-01
1.097597597597597598e+02 2.483654386528598088e-02
1.099099099099099135e+02 1.061271753434007425e-01
1.100600600600600671e+02 1.285702976508535100e-01
1.102102102102102066e+02 1.475667266271457057e-01
1.103603603603603602e+02 1.790235016918794997e-01
1.105105105105105139e+02 1.217658039797040875e-01
1.106606606606606675e+02 2.259133132610522537e-02
1.108108108108108070e+02 1.078769539193757399e-01
1.109609609609609606e+02 1.296158722148570419e-01
1.111111111111111143e+02 1.490519155903487492e-01
1.112612612612612679e+02 1.806701931713066700e-01
1.114114114114114074e+02 1.197192163604823278e-01
1.115615615615615610e+02 2.190349739138773913e-02
1.117117117117117147e+02 1.089420060842194449e-01
1.118618618618618683e+02 1.292286401278940622e-01
1.120120120120120077e+02 1.487540774334040750e-01
1.121621621621621614e+02 1.803754274664519375e-01
1.123123123123123150e+02 1.175023396475036314e-01
1.124624624624624687e+02 2.459442770456795810e-02
1.126126126126126081e+02 1.116053003003024680e-01
1.127627627627627618e+02 1.297211085586249257e-01
1.129129129129129154e+02 1.499610937165207214e-01
1.130630630630630691e+02 1.821295753187200939e-01
1.132132132132132085e+02 1.151393763014208205e-01
1.133633633633633622e+02 2.250109093655659059e-02
1.135135135135135158e+02 1.126015854599067278e-01
1.136636636636636695e+02 1.299624495154312331e-01
1.138138138138138089e+02 1.504236861949790338e-01
1.139639639639639626e+02 1.823562854696054447e-01
1.141141141141141162e+02 1.130143404231006982e-01
1.142642642642642699e+02 2.329211186550310744e-02
1.144144144144144093e+02 1.144126869746668468e-01
1.145645645645645629e+02 1.300179277455326965e-01
1.147147147147147166e+02 1.507605295704645409e-01
1.148648648648648702e+02 1.830480401486129227e-01
1.150150150150150097e+02 1.101725329942022102e-01
1.151651651651651633e+02 2.260172803277313638e-02
1.153153153153153170e+02 1.161488722671968898e-01
1.154654654654654706e+02 1.306125545428771795e-01
1.156156156156156243e+02 1.518512556164150484e-01
1.157657657657657637e+02 1.843834216082697874e-01
1.159159159159159174e+02 1.088796220662030106e-01
1.160660660660660710e+02 2.512545893665717872e-02
1.162162162162162247e+02 1.178112171935952607e-01
1.163663663663663641e+02 1.303608379594101419e-01
1.165165165165165178e+02 1.519496670249781689e-01
1.166666666666666714e+02 1.844295555288033572e-01
1.168168168168168251e+02 1.054682161302000903e-01
1.169669669669669645e+02 3.706461043353988238e-02
1.171171171171171181e+02 1.193496994178875892e-01
1.172672672672672718e+02 1.314036187518112797e-01
1.174174174174174254e+02 1.532451604158146519e-01
1.175675675675675649e+02 1.860316651151491252e-01
1.177177177177177185e+02 1.037753849353906521e-01
1.178678678678678722e+02 4.003995826042088674e-02
1.180180180180180258e+02 1.206918900646272025e-01
1.181681681681681653e+02 1.308987249707291023e-01
1.183183183183183189e+02 1.530703939060150953e-01
1.184684684684684726e+02 1.859315164952914379e-01
1.186186186186186262e+02 1.016746891662173163e-01
1.187687687687687657e+02 3.344797807286344765e-02
1.189189189189189193e+02 1.230366299270215374e-01
1.190690690690690730e+02 1.316966863303403457e-01
1.192192192192192266e+02 1.544596838872969169e-01
1.193693693693693660e+02 1.876035994987899636e-01
1.195195195195195197e+02 9.860556584926000179e-02
1.196696696696696733e+02 4.295775590520186510e-02
1.198198198198198270e+02 1.236077745297130825e-01
1.199699699699699664e+02 1.319942500252354323e-01
1.201201201201201201e+02 1.547167005597476219e-01
1.202702702702702737e+02 1.877292223430688800e-01
1.204204204204204274e+02 9.704329250626708703e-02
1.205705705705705668e+02 3.861391034788044102e-02
1.207207207207207205e+02 1.257899850649325524e-01
1.208708708708708741e+02 1.319342683550008555e-01
1.210210210210210278e+02 1.552149776141814319e-01
1.211711711711711672e+02 1.886987903530292499e-01
1.213213213213213209e+02 9.427149632867495854e-02
1.214714714714714745e+02 4.031763753678356543e-02
1.216216216216216282e+02 1.273015558004128023e-01
1.217717717717717676e+02 1.328080499002819714e-01
1.219219219219219212e+02 1.564672250091947991e-01
1.220720720720720749e+02 1.899341789503160016e-01
1.222222222222222285e+02 9.235724395767015704e-02
1.223723723723723680e+02 4.281262496183167038e-02
1.225225225225225216e+02 1.281868984613441786e-01
1.226726726726726753e+02 1.326629701008022466e-01
1.228228228228228289e+02 1.564109519862871556e-01
1.229729729729729684e+02 1.881203447761618519e-01
1.231231231231231220e+02 8.939627741007259709e-02
1.232732732732732757e+02 4.514482853207095470e-02
1.234234234234234293e+02 1.287006294902592607e-01
1.235735735735735688e+02 1.335261144337909212e-01
1.237237237237237224e+02 1.577545921155484587e-01
1.238738738738738761e+02 1.875073260984649604e-01
1.240240240240240297e+02 8.791135188757713548e-02
1.241741741741741691e+02 4.780886297998042378e-02
1.243243243243243228e+02 1.277330267561295196e-01
1.244744744744744764e+02 1.332476140537453557e-01
1.246246246246246301e+02 1.577465625741533428e-01
1.247747747747747695e+02 1.842980692559608169e-01
1.249249249249249232e+02 8.527894418858805725e-02
1.250750750750750768e+02 4.997544979446730956e-02
1.252252252252252305e+02 1.282000060376952411e-01
1.253753753753753841e+02 1.342233628274104862e-01
1.255255255255255236e+02 1.590462713501188396e-01
1.256756756756756772e+02 1.830233736501371000e-01
1.258258258258258309e+02 8.230049980541445653e-02
1.259759759759759845e+02 5.151267004215051570e-02
1.261261261261261239e+02 1.279391238677718423e-01
1.262762762762762776e+02 1.343140855537560963e-01
1.264264264264264312e+02 1.592658877226227343e-01
1.265765765765765849e+02 1.812118145982715700e-01
1.267267267267267243e+02 8.137801303766861727e-02
1.268768768768768780e+02 5.516681496292782233e-02
1.270270270270270316e+02 1.275287183868448748e-01
1.271771771771771853e+02 1.344946114358139544e-01
1.273273273273273247e+02 1.600350921146873051e-01
1.274774774774774784e+02 1.785854100757020835e-01
1.276276276276276320e+02 7.784839036976479165e-02
1.277777777777777857e+02 5.599469481638532503e-02
1.279279279279279251e+02 1.279356337193028326e-01
1.280780780780780788e+02 1.355347479784417830e-01
1.282282282282282324e+02 1.611347052591014239e-01
1.283783783783783861e+02 1.773607534249245499e-01
1.285285285285285397e+02 7.610115589858312823e-02
1.286786786786786934e+02 5.861500499868364106e-02
1.288288288288288186e+02 1.273227266620296227e-01
1.289789789789789722e+02 1.351458061343480954e-01
1.291291291291291259e+02 1.609810822383334894e-01
1.292792792792792795e+02 1.746110639400687281e-01
1.294294294294294332e+02 7.377660868200162925e-02
1.295795795795795868e+02 6.115606064288294647e-02
1.297297297297297405e+02 1.277599214965250141e-01
1.298798798798798941e+02 1.362535587291580086e-01
1.300300300300300194e+02 1.626624668686640351e-01
1.301801801801801730e+02 1.734194062978729467e-01
1.303303303303303267e+02 7.158748096470242406e-02
1.304804804804804803e+02 6.266656710032729449e-02
1.306306306306306340e+02 1.271448938077499313e-01
1.307807807807807876e+02 1.361961718247136077e-01
1.309309309309309413e+02 1.625373038067086939e-01
1.310810810810810949e+02 1.704672789705007352e-01
1.312312312312312201e+02 6.899134092576296451e-02
1.313813813813813738e+02 6.502215583293156909e-02
1.315315315315315274e+02 1.276264981443530622e-01
1.316816816816816811e+02 1.369673075321413414e-01
1.318318318318318347e+02 1.637529412196480905e-01
1.319819819819819884e+02 1.690963706067984684e-01
1.321321321321321420e+02 6.669442047499238302e-02
1.322822822822822957e+02 6.698782719753323955e-02
1.324324324324324209e+02 1.272630065459169069e-01
1.325825825825825746e+02 1.371882702558737399e-01
1.327327327327327282e+02 1.642110516127305020e-01
1.328828828828828819e+02 1.669858861934913341e-01
1.330330330330330355e+02 6.537542434318255324e-02
1.331831831831831892e+02 6.948214758242893252e-02
1.333333333333333428e+02 1.271023597535280436e-01
1.334834834834834965e+02 1.376200461161413979e-01
1.336336336336336217e+02 1.649316757665188204e-01
1.337837837837837753e+02 1.642223667874714299e-01
1.339339339339339290e+02 6.135562930420833394e-02
1.340840840840840826e+02 7.061322292879242124e-02
1.342342342342342363e+02 1.276563385613928292e-01
1.343843843843843899e+02 1.384814706650514815e-01
1.345345345345345436e+02 1.659050381421996734e-01
1.346846846846846972e+02 1.631857469287271156e-01
1.348348348348348509e+02 6.065732556621229732e-02
1.349849849849849761e+02 7.346597440618765629e-02
1.351351351351351298e+02 1.268801994058031402e-01
1.352852852852852834e+02 1.381855364252088103e-01
1.354354354354354371e+02 1.660021633776661287e-01
1.355855855855855907e+02 1.601563568777916169e-01
1.357357357357357444e+02 5.794095759687985930e-02
1.358858858858858980e+02 7.534318230588553378e-02
1.360360360360360517e+02 1.275673781091712089e-01
1.361861861861861769e+02 1.395628431679068193e-01
1.363363363363363305e+02 1.676668338894780341e-01
1.364864864864864842e+02 1.586337003001763446e-01
1.366366366366366378e+02 5.506383825718188380e-02
1.367867867867867915e+02 7.668472508011708877e-02
1.369369369369369451e+02 1.271298949417384028e-01
1.370870870870870988e+02 1.393319089384854881e-01
1.372372372372372524e+02 1.673638329367253819e-01
1.373873873873873777e+02 1.560904312581145037e-01
1.375375375375375313e+02 5.362567368497434678e-02
1.376876876876876850e+02 7.953043421128798418e-02
1.378378378378378386e+02 1.274229187097871419e-01
1.379879879879879923e+02 1.401669483048214870e-01
1.381381381381381459e+02 1.688510369248074627e-01
1.382882882882882996e+02 1.542794089168029181e-01
1.384384384384384532e+02 5.096749028475749954e-02
1.385885885885885784e+02 8.095823857348001529e-02
1.387387387387387321e+02 1.273115747772999018e-01
1.388888888888888857e+02 1.406501454398906836e-01
1.390390390390390394e+02 1.692875376021268086e-01
1.391891891891891930e+02 1.520279129158446374e-01
1.393393393393393467e+02 4.896354504825741610e-02
1.394894894894895003e+02 8.304157048315542744e-02
1.396396396396396540e+02 1.273477506461959119e-01
1.397897897897897792e+02 1.409811070320846071e-01
1.399399399399399329e+02 1.698729258831542244e-01
1.400900900900900865e+02 1.494379670986594189e-01
1.402402402402402402e+02 4.578638826000393236e-02
1.403903903903903938e+02 8.481863708478624975e-02
1.405405405405405475e+02 1.277102721981403510e-01
1.406906906906907011e+02 1.417894959819019363e-01
1.408408408408408548e+02 1.710081494737623609e-01
1.409909909909909800e+02 1.482124931179601424e-01
1.411411411411411336e+02 4.527715441289309473e-02
1.412912912912912873e+02 8.711447440833750000e-02
1.414414414414414409e+02 1.271041643244331110e-01
1.415915915915915946e+02 1.417820382467389895e-01
1.417417417417417482e+02 1.711548479290695701e-01
1.418918918918919019e+02 1.449226496678882592e-01
1.420420420420420555e+02 4.132406996955517026e-02
1.421921921921921808e+02 8.866663533448387868e-02
1.423423423423423344e+02 1.280748957495086437e-01
1.424924924924924881e+02 1.431065004823056375e-01
1.426426426426426417e+02 1.726821168528555883e-01
1.427927927927927954e+02 1.434847378327432643e-01
1.429429429429429490e+02 3.933389000511189337e-02
1.430930930930931027e+02 9.038827914876289282e-02
1.432432432432432563e+02 1.274509446884008468e-01
1.433933933933933815e+02 1.427721649208413268e-01
1.435435435435435352e+02 1.724953259663424276e-01
1.436936936936936888e+02 1.410556870269047414e-01
1.438438438438438425e+02 3.844617755841741452e-02
1.439939939939939961e+02 9.304603864814160741e-02
1.441441441441441498e+02 1.278773302150132407e-01
1.442942942942943034e+02 1.439372735982282492e-01
1.444444444444444571e+02 1.741299633802010638e-01
1.445945945945946107e+02 1.386740950816003626e-01
1.447447447447447360e+02 3.397763923851616907e-02
1.448948948948948896e+02 9.394714552877950209e-02
1.450450450450450433e+02 1.280683074846544756e-01
1.451951951951951969e+02 1.443396155668390801e-01
1.453453453453453506e+02 1.743392383465285633e-01
1.454954954954955042e+02 1.367218777922263595e-01
1.456456456456456579e+02 3.307018468992228843e-02
1.457957957957958115e+02 9.632296173514404147e-02
1.459459459459459367e+02 1.279282317267581570e-01
1.460960960960960904e+02 1.445812676863267310e-01
1.462462462462462440e+02 1.750720739850946950e-01
1.463963963963963977e+02 1.341418551565770334e-01
1.465465465465465513e+02 3.023155665101965456e-02
1.466966966966967050e+02 9.814137699398305104e-02
1.468468468468468586e+02 1.284115259952020305e-01
1.469969969969970123e+02 1.456817668693260459e-01
1.471471471471471375e+02 1.763531027831900522e-01
1.472972972972972912e+02 1.325030628336490990e-01
1.474474474474474448e+02 2.839652849956908476e-02
1.475975975975975985e+02 9.975347699734687934e-02
1.477477477477477521e+02 1.281264396622474044e-01
1.478978978978979058e+02 1.456752629305823332e-01
1.480480480480480594e+02 1.763161337739328482e-01
1.481981981981982130e+02 1.293343899151036813e-01
1.483483483483483383e+02 2.423288191727220389e-02
1.484984984984984919e+02 1.016143799189911379e-01
1.486486486486486456e+02 1.289369508026193545e-01
1.487987987987987992e+02 1.468477311508386285e-01
1.489489489489489529e+02 1.779267310499250965e-01
1.490990990990991065e+02 1.279888601827946504e-01
1.492492492492492602e+02 2.476351451302593112e-02
1.493993993993994138e+02 1.033602264160906614e-01
1.495495495495495391e+02 1.283537023021324996e-01
1.496996996996996927e+02 1.467509547067505637e-01
1.498498498498498464e+02 1.778714854630335518e-01
1.500000000000000000e+02 1.253197403319812608e-01
