0.000000000000000000e+00 9.641527315641514884e-01
1.501501501501501523e-01 8.295991001963040068e-01
3.003003003003003046e-01 6.308902803545186622e-01
4.504504504504504570e-01 4.532745267936394984e-01
6.006006006006006093e-01 3.604273737207877026e-01
7.507507507507507061e-01 3.205323474833759456e-01
9.009009009009009139e-01 3.163926655166258151e-01
1.051051051051051122e+00 4.021826396359804989e-01
1.201201201201201219e+00 5.247757476021802647e-01
1.351351351351351315e+00 5.997601942714517742e-01
1.501501501501501412e+00 5.863386496576603601e-01
1.651651651651651731e+00 5.570246309186978051e-01
1.801801801801801828e+00 5.734427382123047368e-01
1.951951951951951925e+00 5.966254310946838002e-01
2.102102102102102243e+00 6.236044693348116175e-01
2.252252252252252340e+00 6.512883091850280026e-01
2.402402402402402437e+00 6.767963377317613993e-01
2.552552552552552534e+00 6.976179962500349552e-01
2.702702702702702631e+00 7.116378216063785622e-01
2.852852852852852727e+00 7.171467223901761834e-01
3.003003003003002824e+00 7.128990913551893627e-01
3.153153153153153365e+00 6.980347443333945190e-01
3.303303303303303462e+00 6.864899016380798802e-01
3.453453453453453559e+00 6.488987548874660671e-01
3.603603603603603656e+00 5.852943727765453907e-01
3.753753753753753752e+00 5.628323666050641938e-01
3.903903903903903849e+00 6.046264360579760577e-01
4.054054054054054390e+00 6.377218745086823404e-01
4.204204204204204487e+00 6.080703568630129174e-01
4.354354354354354584e+00 5.269285804472587653e-01
4.504504504504504681e+00 4.571582682430236910e-01
4.654654654654654777e+00 4.452888105928358708e-01
4.804804804804804874e+00 4.368691316186028573e-01
4.954954954954954971e+00 4.216887917336846758e-01
5.105105105105105068e+00 4.108226914406494235e-01
5.255255255255255165e+00 4.057040023923790262e-01
5.405405405405405261e+00 4.071853239561911142e-01
5.555555555555555358e+00 4.150101186697486844e-01
5.705705705705705455e+00 4.277925808132198582e-01
5.855855855855855552e+00 4.434515504879532055e-01
6.006006006006005649e+00 4.596885244342689969e-01
6.156156156156156634e+00 4.742939152228577426e-01
6.306306306306306730e+00 4.699626032473782078e-01
6.456456456456456827e+00 4.246877204555603025e-01
6.606606606606606924e+00 4.317423721150875915e-01
6.756756756756757021e+00 4.652823355860722931e-01
6.906906906906907118e+00 5.188461824238453923e-01
7.057057057057057214e+00 5.692194879077075997e-01
7.207207207207207311e+00 5.823052749935732075e-01
7.357357357357357408e+00 5.399362663592502942e-01
7.507507507507507505e+00 4.534920104422279774e-01
7.657657657657657602e+00 3.600421942995972735e-01
7.807807807807807698e+00 3.005959095737572029e-01
7.957957957957957795e+00 2.895285240824383988e-01
8.108108108108108780e+00 2.894109355061867395e-01
8.258258258258258877e+00 2.922202669565799327e-01
8.408408408408408974e+00 2.978588324358891759e-01
8.558558558558559071e+00 3.060591276488335288e-01
8.708708708708709167e+00 3.162620304475479149e-01
8.858858858858859264e+00 3.275578169609634216e-01
9.009009009009009361e+00 3.387403951444479810e-01
9.159159159159159458e+00 3.484564176069460117e-01
9.309309309309309555e+00 3.553807829629548887e-01
9.459459459459459651e+00 3.492046229342070651e-01
9.609609609609609748e+00 3.593993430427009916e-01
9.759759759759759845e+00 3.801199851678497277e-01
9.909909909909909942e+00 4.231980011075888171e-01
1.006006006006006004e+01 5.044825438197206857e-01
1.021021021021021014e+01 5.728258951043111447e-01
1.036036036036036023e+01 5.751975624314897839e-01
1.051051051051051033e+01 4.979792757458613162e-01
1.066066066066066043e+01 3.716996246711093965e-01
1.081081081081081052e+01 2.658897546464293327e-01
1.096096096096096062e+01 2.443597496720505136e-01
1.111111111111111072e+01 2.383060959950238089e-01
1.126126126126126081e+01 2.289140145391755365e-01
1.141141141141141091e+01 2.220941122017525970e-01
1.156156156156156101e+01 2.200124485472938485e-01
1.171171171171171110e+01 2.245447910206866682e-01
1.186186186186186120e+01 2.360083874550072403e-01
1.201201201201201130e+01 2.528858441435452020e-01
1.216216216216216317e+01 2.726682089693260314e-01
1.231231231231231327e+01 2.926995705438711348e-01
1.246246246246246336e+01 3.105630786035494806e-01
1.261261261261261346e+01 3.004495804841379458e-01
1.276276276276276356e+01 2.871329414982911055e-01
1.291291291291291365e+01 2.993895848633139067e-01
1.306306306306306375e+01 3.741818402874537153e-01
1.321321321321321385e+01 4.923773414976066465e-01
1.336336336336336394e+01 5.765462870109853144e-01
1.351351351351351404e+01 5.759365860480265553e-01
1.366366366366366414e+01 4.870669576700476511e-01
1.381381381381381424e+01 3.521298287604105459e-01
1.396396396396396433e+01 2.466778442855309672e-01
1.411411411411411443e+01 2.229693116079589921e-01
1.426426426426426453e+01 2.183347477771653833e-01
1.441441441441441462e+01 2.130041552193915055e-01
1.456456456456456472e+01 2.083979134976619296e-01
1.471471471471471482e+01 2.065356144136112071e-01
1.486486486486486491e+01 2.096655086328991224e-01
1.501501501501501501e+01 2.189363810068093441e-01
1.516516516516516511e+01 2.335557450400390089e-01
1.531531531531531520e+01 2.513072528303129105e-01
1.546546546546546530e+01 2.695721494765695447e-01
1.561561561561561540e+01 2.859309351883241312e-01
1.576576576576576549e+01 2.758965677836389685e-01
1.591591591591591559e+01 2.665373770417075461e-01
1.606606606606606746e+01 2.781699901215294868e-01
1.621621621621621756e+01 3.710641752020120698e-01
1.636636636636636766e+01 5.010909354012555994e-01
1.651651651651651775e+01 5.828165785008839750e-01
1.666666666666666785e+01 5.705814169492240406e-01
1.681681681681681795e+01 4.675159568954656564e-01
1.696696696696696804e+01 3.236680311580181768e-01
1.711711711711711814e+01 2.260008558948361779e-01
1.726726726726726824e+01 2.150307111383417957e-01
1.741741741741741833e+01 2.104182347247981477e-01
1.756756756756756843e+01 2.045439250763187444e-01
1.771771771771771853e+01 1.990377185476834287e-01
1.786786786786786863e+01 1.962611282560988157e-01
1.801801801801801872e+01 1.989193056475972998e-01
1.816816816816816882e+01 2.084945042081555178e-01
1.831831831831831892e+01 2.241464531566604579e-01
1.846846846846846901e+01 2.433537120603908588e-01
1.861861861861861911e+01 2.631668076501264553e-01
1.876876876876876921e+01 2.809046990559835311e-01
1.891891891891891930e+01 2.652865094871560414e-01
1.906906906906906940e+01 2.493931303569197067e-01
1.921921921921921950e+01 2.611143947519467545e-01
1.936936936936936959e+01 3.697885240473305912e-01
1.951951951951951969e+01 5.064738294457818979e-01
1.966966966966966979e+01 5.840308094888319035e-01
1.981981981981981988e+01 5.620156999340923942e-01
1.996996996996996998e+01 4.512570825644639516e-01
2.012012012012012008e+01 3.072823564718661360e-01
2.027027027027027017e+01 2.196050378907130063e-01
2.042042042042042027e+01 2.121777856720912236e-01
2.057057057057057037e+01 2.082977126450994143e-01
2.072072072072072046e+01 2.032106406694586809e-01
2.087087087087087056e+01 1.982290991667897129e-01
2.102102102102102066e+01 1.958069046682374414e-01
2.117117117117117076e+01 1.987183359101741542e-01
2.132132132132132085e+01 2.084222401538112224e-01
2.147147147147147095e+01 2.240273269031646808e-01
2.162162162162162105e+01 2.430305899897368949e-01
2.177177177177177114e+01 2.625596222522014189e-01
2.192192192192192124e+01 2.799921544115330230e-01
2.207207207207207134e+01 2.621594252991620300e-01
2.222222222222222143e+01 2.439192554665086665e-01
2.237237237237237153e+01 2.571014193992329222e-01
2.252252252252252163e+01 3.738945704180786089e-01
2.267267267267267172e+01 5.120350029057764152e-01
2.282282282282282182e+01 5.858805723010537259e-01
2.297297297297297192e+01 5.572493231989581464e-01
2.312312312312312201e+01 4.399978505763613157e-01
2.327327327327327211e+01 2.950280670667119187e-01
2.342342342342342221e+01 2.156852887421061293e-01
2.357357357357357230e+01 2.117545425536662695e-01
2.372372372372372240e+01 2.077948660630058453e-01
2.387387387387387250e+01 2.026376167868727540e-01
2.402402402402402259e+01 1.976513030835356233e-01
2.417417417417417624e+01 1.953307416170426691e-01
2.432432432432432634e+01 1.985084859475469976e-01
2.447447447447447644e+01 2.086472281418198238e-01
2.462462462462462653e+01 2.247398627369081581e-01
2.477477477477477663e+01 2.441160521645745207e-01
2.492492492492492673e+01 2.637878843787357930e-01
2.507507507507507682e+01 2.811199543872877626e-01
2.522522522522522692e+01 2.603535938129223348e-01
2.537537537537537702e+01 2.410942963446440768e-01
2.552552552552552712e+01 2.612155446178646145e-01
2.567567567567567721e+01 3.850227370428391249e-01
2.582582582582582731e+01 5.206864120320403577e-01
2.597597597597597741e+01 5.862332585511689231e-01
2.612612612612612750e+01 5.493948028163240238e-01
2.627627627627627760e+01 4.280765180598357644e-01
2.642642642642642770e+01 2.851687429783946737e-01
2.657657657657657779e+01 2.146802560366487533e-01
2.672672672672672789e+01 2.115876484530369306e-01
2.687687687687687799e+01 2.076952717514798652e-01
2.702702702702702808e+01 2.025767105053029593e-01
2.717717717717717818e+01 1.977484617428932334e-01
2.732732732732732828e+01 1.957761438535683962e-01
2.747747747747747837e+01 1.993897436230604725e-01
2.762762762762762847e+01 2.098519347234225896e-01
2.777777777777777857e+01 2.260670453550933934e-01
2.792792792792792866e+01 2.454120763765436364e-01
2.807807807807807876e+01 2.649453521948019197e-01
2.822822822822822886e+01 2.820115958412130475e-01
2.837837837837837895e+01 2.573989613376624908e-01
2.852852852852852905e+01 2.377696053547106447e-01
2.867867867867867915e+01 2.657281782595291020e-01
2.882882882882882924e+01 3.960905998719981280e-01
2.897897897897897934e+01 5.303315678476342443e-01
2.912912912912912944e+01 5.889791395092311976e-01
2.927927927927927954e+01 5.429554124405062687e-01
2.942942942942942963e+01 4.157627592004434769e-01
2.957957957957957973e+01 2.747012882985020443e-01
2.972972972972972983e+01 2.130394032893274947e-01
2.987987987987987992e+01 2.112936890786820954e-01
3.003003003003003002e+01 2.073625553307538449e-01
3.018018018018018012e+01 2.022474212352315670e-01
3.033033033033033021e+01 1.975151162529100168e-01
3.048048048048048031e+01 1.958275678297501099e-01
3.063063063063063041e+01 1.999489284861127036e-01
3.078078078078078050e+01 2.109824032188185594e-01
3.093093093093093060e+01 2.275896883341583521e-01
3.108108108108108070e+01 2.470292478156340399e-01
3.123123123123123079e+01 2.663981939624627815e-01
3.138138138138138089e+01 2.831488332498944271e-01
3.153153153153153099e+01 2.569640386234505192e-01
3.168168168168168108e+01 2.368846805991402515e-01
3.183183183183183118e+01 2.721993990412852615e-01
3.198198198198198128e+01 4.059004993698296926e-01
3.213213213213213493e+01 5.360459091696019307e-01
3.228228228228228147e+01 5.879053398382637630e-01
3.243243243243243512e+01 5.358327057964260565e-01
3.258258258258258167e+01 4.052152372041943340e-01
3.273273273273273531e+01 2.666663446125315806e-01
3.288288288288288186e+01 2.126365682532407597e-01
3.303303303303303551e+01 2.111045325038747589e-01
3.318318318318318205e+01 2.070412133044551850e-01
3.333333333333333570e+01 2.019126273435610242e-01
3.348348348348348225e+01 1.973713812812820656e-01
3.363363363363363590e+01 1.960622843483625644e-01
3.378378378378378244e+01 2.006472325596241058e-01
3.393393393393393609e+01 2.121108396794232354e-01
3.408408408408408263e+01 2.290413386893701553e-01
3.423423423423423628e+01 2.486426144504448044e-01
3.438438438438438283e+01 2.679513707302216829e-01
3.453453453453453648e+01 2.843941092292258110e-01
3.468468468468468302e+01 2.550704729842352414e-01
3.483483483483483667e+01 2.360082916718731216e-01
3.498498498498498321e+01 2.812037439647840920e-01
3.513513513513513686e+01 4.189504205779950863e-01
3.528528528528528341e+01 5.447541075074620043e-01
3.543543543543543706e+01 5.872498193541793032e-01
3.558558558558558360e+01 5.265092612159818497e-01
3.573573573573573725e+01 3.926473142794726923e-01
3.588588588588588379e+01 2.581181693779477371e-01
3.603603603603603744e+01 2.124735848171146468e-01
3.618618618618618399e+01 2.109124389049322479e-01
3.633633633633633764e+01 2.067483616620886810e-01
3.648648648648648418e+01 2.015511817822612517e-01
3.663663663663663783e+01 1.971187637453969965e-01
3.678678678678678438e+01 1.962047257453745641e-01
3.693693693693693803e+01 2.013769364480435808e-01
3.708708708708708457e+01 2.133472756475734422e-01
3.723723723723723822e+01 2.305240189781495030e-01
3.738738738738738476e+01 2.501317743021465589e-01
3.753753753753753841e+01 2.692982931088528376e-01
3.768768768768768496e+01 2.854907619406911179e-01
3.783783783783783861e+01 2.532782849585459295e-01
3.798798798798798515e+01 2.342987825160822990e-01
3.813813813813813880e+01 2.881152334481961730e-01
3.828828828828828534e+01 4.290416990817080278e-01
3.843843843843843899e+01 5.516827499620482467e-01
3.858858858858859264e+01 5.877499999008662934e-01
3.873873873873873919e+01 5.195875876210716005e-01
3.888888888888889284e+01 3.815665277805411204e-01
3.903903903903903938e+01 2.505215285621179566e-01
3.918918918918919303e+01 2.120546472370354318e-01
3.933933933933933957e+01 2.106315505357587714e-01
3.948948948948949322e+01 2.063812571263752838e-01
3.963963963963963977e+01 2.012094884862319910e-01
3.978978978978979342e+01 1.969398798892512681e-01
3.993993993993993996e+01 1.963559982703710072e-01
4.009009009009009361e+01 2.020158265536406983e-01
4.024024024024024015e+01 2.145040363388281413e-01
4.039039039039039380e+01 2.320430107713754020e-01
4.054054054054054035e+01 2.517353102868669645e-01
4.069069069069069400e+01 2.707019280194958855e-01
4.084084084084084054e+01 2.864020186028414794e-01
4.099099099099099419e+01 2.527895527605587556e-01
4.114114114114114074e+01 2.355078030854445281e-01
4.129129129129129439e+01 2.983390372099764543e-01
4.144144144144144093e+01 4.402937398662336022e-01
4.159159159159159458e+01 5.566262163448171263e-01
4.174174174174174112e+01 5.842091814484439150e-01
4.189189189189189477e+01 5.100281820168459657e-01
4.204204204204204132e+01 3.703415371130615030e-01
4.219219219219219497e+01 2.442208117189335614e-01
4.234234234234234151e+01 2.123894933382051153e-01
4.249249249249249516e+01 2.103808100060720332e-01
4.264264264264264170e+01 2.059828340770772370e-01
4.279279279279279535e+01 2.007843743745379161e-01
4.294294294294294190e+01 1.967359664725582824e-01
4.309309309309309555e+01 1.966111060644501751e-01
4.324324324324324209e+01 2.027952956912943139e-01
4.339339339339339574e+01 2.156864501401909717e-01
4.354354354354354228e+01 2.334560191138531360e-01
4.369369369369369593e+01 2.532267137164364024e-01
4.384384384384384248e+01 2.721060638360242590e-01
4.399399399399399613e+01 2.797681301109408714e-01
4.414414414414414267e+01 2.502760236984469255e-01
4.429429429429429632e+01 2.349965690915062910e-01
4.444444444444444287e+01 3.080067132603566682e-01
4.459459459459459651e+01 4.525172301960910248e-01
4.474474474474474306e+01 5.643346188688188603e-01
4.489489489489489671e+01 5.829497200785856981e-01
4.504504504504504325e+01 5.003206739042085349e-01
4.519519519519519690e+01 3.579872870483197245e-01
4.534534534534534345e+01 2.374157818031185641e-01
4.549549549549549710e+01 2.124177346813022615e-01
4.564564564564564364e+01 2.101008085760283084e-01
4.579579579579579729e+01 2.056328338154843893e-01
4.594594594594594383e+01 2.004199686143952608e-01
4.609609609609609748e+01 1.965159897524061949e-01
4.624624624624624403e+01 1.967963798060160530e-01
4.639639639639639768e+01 2.035740674267102757e-01
4.654654654654654422e+01 2.169860547890126723e-01
4.669669669669669787e+01 2.350000380742713613e-01
4.684684684684684441e+01 2.547270062709889316e-01
4.699699699699699806e+01 2.733749460315638147e-01
4.714714714714714461e+01 2.766083732695545638e-01
4.729729729729729826e+01 2.492528982690751793e-01
4.744744744744744480e+01 2.358392955678599023e-01
4.759759759759759845e+01 3.168323963854889347e-01
4.774774774774774500e+01 4.615205996638938046e-01
4.789789789789789864e+01 5.681993952497242928e-01
4.804804804804804519e+01 5.803361867564014176e-01
4.819819819819819884e+01 4.919824985434421705e-01
4.834834834834835249e+01 3.475639855760409569e-01
4.849849849849849903e+01 2.323946082891788778e-01
4.864864864864865268e+01 2.123686779301615646e-01
4.879879879879879923e+01 2.097851872250247607e-01
4.894894894894895288e+01 2.052116393760803625e-01
4.909909909909909942e+01 2.000562203265723593e-01
4.924924924924925307e+01 1.964002386375888753e-01
4.939939939939939961e+01 1.970825181168826823e-01
4.954954954954955326e+01 2.043337487593496760e-01
4.969969969969969981e+01 2.181856346069541708e-01
4.984984984984985346e+01 2.365032122541846082e-01
5.000000000000000000e+01 2.563087939391440195e-01
5.015015015015015365e+01 2.747672439879352835e-01
5.030030030030030019e+01 2.721612365859547578e-01
5.045045045045045384e+01 2.479323651211068902e-01
5.060060060060060039e+01 2.387573211628273850e-01
5.075075075075075404e+01 3.289418426253482575e-01
5.090090090090090058e+01 4.734339397694477536e-01
5.105105105105105423e+01 5.727651623536358372e-01
5.120120120120120077e+01 5.752938292121102526e-01
5.135135135135135442e+01 4.806852771290466286e-01
5.150150150150150097e+01 3.359214108717274438e-01
5.165165165165165462e+01 2.277808676152216216e-01
5.180180180180180116e+01 2.127103543268812902e-01
5.195195195195195481e+01 2.095171996823446958e-01
5.210210210210210136e+01 2.048213065884488260e-01
5.225225225225225500e+01 1.996507188918578701e-01
5.240240240240240155e+01 1.962353807830211350e-01
5.255255255255255520e+01 1.974271279150122682e-01
5.270270270270270174e+01 2.052498137867319605e-01
5.285285285285285539e+01 2.194908842811493233e-01
5.300300300300300194e+01 2.379552379867242717e-01
5.315315315315315559e+01 2.577334467908387605e-01
5.330330330330330213e+01 2.760384526652667758e-01
5.345345345345345578e+01 2.683389859780477837e-01
5.360360360360360232e+01 2.453559767079339926e-01
5.375375375375375597e+01 2.397097250592847839e-01
5.390390390390390252e+01 3.385308757135740976e-01
5.405405405405405617e+01 4.836455222522267339e-01
5.420420420420420271e+01 5.782300325424304388e-01
5.435435435435435636e+01 5.728780933032263656e-01
5.450450450450450290e+01 4.709949586451775971e-01
5.465465465465465655e+01 3.246884989079258932e-01
5.480480480480480310e+01 2.233392052872700817e-01
5.495495495495495675e+01 2.124698986104103793e-01
5.510510510510510329e+01 2.091830446610105365e-01
5.525525525525525694e+01 2.044407163511375303e-01
5.540540540540540349e+01 1.993241054196689399e-01
5.555555555555555713e+01 1.961135724992129625e-01
5.570570570570570368e+01 1.977174734077545848e-01
5.585585585585585733e+01 2.060979882535049768e-01
5.600600600600600387e+01 2.208346856038308492e-01
5.615615615615615752e+01 2.395430349061299646e-01
5.630630630630630407e+01 2.592612965549773718e-01
5.645645645645645772e+01 2.772725174749294808e-01
5.660660660660660426e+01 2.667454171897806758e-01
5.675675675675675791e+01 2.447325517519091387e-01
5.690690690690690445e+01 2.440395186580121278e-01
5.705705705705705810e+01 3.495456049240849294e-01
5.720720720720720465e+01 4.923699122545283635e-01
5.735735735735735830e+01 5.797014165432291533e-01
5.750750750750750484e+01 5.671582238423167333e-01
5.765765765765765849e+01 4.608256894643109614e-01
5.780780780780781214e+01 3.146846998490628322e-01
5.795795795795795868e+01 2.206212009674111962e-01
5.810810810810811233e+01 2.122722132274335594e-01
5.825825825825825888e+01 2.088533376622503934e-01
5.840840840840841253e+01 2.039998748549733398e-01
5.855855855855855907e+01 1.989625684354784096e-01
5.870870870870871272e+01 1.960746948263251133e-01
5.885885885885885926e+01 1.981597672503978003e-01
5.900900900900901291e+01 2.070122226196774440e-01
5.915915915915915946e+01 2.221004767200245866e-01
5.930930930930931311e+01 2.410149307855282974e-01
5.945945945945945965e+01 2.607688271656286028e-01
5.960960960960961330e+01 2.785990023953722194e-01
5.975975975975975985e+01 2.631317071218698955e-01
5.990990990990991349e+01 2.424191303424809152e-01
6.006006006006006004e+01 2.482747333131959389e-01
6.021021021021021369e+01 3.618735986637763857e-01
6.036036036036036023e+01 5.037864020281775934e-01
6.051051051051051388e+01 5.837447551070473750e-01
6.066066066066066043e+01 5.614356327655792844e-01
6.081081081081081408e+01 4.488493593473854570e-01
6.096096096096096062e+01 3.034380638013441378e-01
6.111111111111111427e+01 2.176978215792342852e-01
6.126126126126126081e+01 2.120976967101633470e-01
6.141141141141141446e+01 2.085519638517950025e-01
6.156156156156156101e+01 2.036213357616856179e-01
6.171171171171171466e+01 1.986056156535278561e-01
6.186186186186186120e+01 1.959760593010531071e-01
6.201201201201201485e+01 1.985892219167688932e-01
6.216216216216216139e+01 2.080384427380972678e-01
6.231231231231231504e+01 2.235222479704443155e-01
6.246246246246246159e+01 2.425388565746895986e-01
6.261261261261261524e+01 2.621743282135143294e-01
6.276276276276276178e+01 2.797622955112225585e-01
6.291291291291291543e+01 2.615827530985324056e-01
6.306306306306306197e+01 2.405553930103588312e-01
6.321321321321321562e+01 2.520139430768992272e-01
6.336336336336336217e+01 3.715350399128598546e-01
6.351351351351351582e+01 5.116315005874930710e-01
6.366366366366366236e+01 5.860500765502674181e-01
6.381381381381381601e+01 5.570054231683896351e-01
6.396396396396396256e+01 4.390106685594070690e-01
6.411411411411411621e+01 2.938312431826416438e-01
6.426426426426426985e+01 2.156186514283494060e-01
6.441441441441440929e+01 2.118708099836129899e-01
6.456456456456456294e+01 2.081849419315739413e-01
6.471471471471471659e+01 2.032194073427318337e-01
6.486486486486487024e+01 1.983260885569901599e-01
6.501501501501500968e+01 1.959822268843450510e-01
6.516516516516516333e+01 1.990254679492751422e-01
6.531531531531531698e+01 2.089717647259504707e-01
6.546546546546547063e+01 2.248825907658500156e-01
6.561561561561561007e+01 2.441215513108803969e-01
6.576576576576576372e+01 2.637009657791067330e-01
6.591591591591591737e+01 2.809733222397587382e-01
6.606606606606607102e+01 2.601755873258527196e-01
6.621621621621621046e+01 2.399101645988556686e-01
6.636636636636636410e+01 2.594237086559526562e-01
6.651651651651651775e+01 3.842055228369488651e-01
6.666666666666667140e+01 5.204927604453922774e-01
6.681681681681681084e+01 5.860911744117405231e-01
6.696696696696696449e+01 5.489285924206498413e-01
6.711711711711711814e+01 4.272432949718507067e-01
6.726726726726727179e+01 2.843194108118212715e-01
6.741741741741742544e+01 2.145462936704566337e-01
6.756756756756756488e+01 2.116698917894674070e-01
6.771771771771771853e+01 2.078497985219461275e-01
6.786786786786787218e+01 2.027827579560348426e-01
6.801801801801802583e+01 1.979819712098463413e-01
6.816816816816816527e+01 1.960122425196371421e-01
6.831831831831831892e+01 1.996084371505041366e-01
6.846846846846847257e+01 2.100460738747493561e-01
6.861861861861862621e+01 2.262425110654188165e-01
6.876876876876876565e+01 2.455798942719180089e-01
6.891891891891891930e+01 2.651151398929822434e-01
6.906906906906907295e+01 2.821887038415791249e-01
6.921921921921922660e+01 2.574571387968269676e-01
6.936936936936936604e+01 2.372585794359484135e-01
6.951951951951951969e+01 2.648886364514658753e-01
6.966966966966967334e+01 3.956261003204330495e-01
6.981981981981982699e+01 5.301425151979362038e-01
6.996996996996996643e+01 5.888810361116909586e-01
7.012012012012012008e+01 5.427997585034298744e-01
7.027027027027027373e+01 4.155096973817319350e-01
7.042042042042042738e+01 2.744905445440639635e-01
7.057057057057056682e+01 2.131116806954612974e-01
7.072072072072072046e+01 2.114076079765314919e-01
7.087087087087087411e+01 2.075064733468800493e-01
7.102102102102102776e+01 2.024146433561211655e-01
7.117117117117116720e+01 1.976961062024697735e-01
7.132132132132132085e+01 1.960096896201868333e-01
7.147147147147147450e+01 2.001198464038391744e-01
7.162162162162162815e+01 2.111360671435474901e-01
7.177177177177176759e+01 2.277271965538751608e-01
7.192192192192192124e+01 2.471541960416021588e-01
7.207207207207207489e+01 2.665133934719023934e-01
7.222222222222222854e+01 2.832560356033684834e-01
7.237237237237236798e+01 2.570179007930802895e-01
7.252252252252252163e+01 2.367569140276205297e-01
7.267267267267267528e+01 2.720713788217816176e-01
7.282282282282282893e+01 4.059273378767916385e-01
7.297297297297296836e+01 5.361063979027275161e-01
7.312312312312312201e+01 5.878976899064706219e-01
7.327327327327327566e+01 5.357325076987217161e-01
7.342342342342342931e+01 4.050581149780513313e-01
7.357357357357356875e+01 2.665573323377428139e-01
7.372372372372372240e+01 2.126938256599900379e-01
7.387387387387387605e+01 2.111666453727616410e-01
7.402402402402402970e+01 2.071132703879524639e-01
7.417417417417416914e+01 2.019915989840165294e-01
7.432432432432432279e+01 1.974546737647132899e-01
7.447447447447447644e+01 1.961462994044144981e-01
7.462462462462463009e+01 2.007268969348243726e-01
7.477477477477476953e+01 2.121820444162273722e-01
7.492492492492492318e+01 2.291032534820265920e-01
7.507507507507507682e+01 2.486968026219394667e-01
7.522522522522523047e+01 2.679995618870864571e-01
7.537537537537536991e+01 2.844367889413038086e-01
7.552552552552552356e+01 2.550472016021222976e-01
7.567567567567567721e+01 2.359127134910699863e-01
7.582582582582583086e+01 2.812019216139100553e-01
7.597597597597597030e+01 4.190453318330929489e-01
7.612612612612612395e+01 5.448399936416091771e-01
7.627627627627627760e+01 5.872431803869214706e-01
7.642642642642643125e+01 5.263842577412343182e-01
7.657657657657657069e+01 3.924649616057667711e-01
7.672672672672672434e+01 2.579981218203442062e-01
7.687687687687687799e+01 2.124846016933591708e-01
7.702702702702703164e+01 2.109261574064641986e-01
7.717717717717718529e+01 2.067663034363020347e-01
7.732732732732732472e+01 2.015737623325811190e-01
7.747747747747747837e+01 1.971468587442787579e-01
7.762762762762763202e+01 1.962399366280824509e-01
7.777777777777778567e+01 2.014199655650141252e-01
7.792792792792792511e+01 2.133959878544566813e-01
7.807807807807807876e+01 2.305739789170830334e-01
7.822822822822823241e+01 2.501786162495070465e-01
7.837837837837838606e+01 2.693392669063076061e-01
7.852852852852852550e+01 2.855248483027348350e-01
7.867867867867867915e+01 2.532952370118498608e-01
7.882882882882883280e+01 2.343006036610404963e-01
7.897897897897898645e+01 2.882015970126767801e-01
7.912912912912912589e+01 4.291537956425890976e-01
7.927927927927927954e+01 5.517441397888038779e-01
7.942942942942943318e+01 5.877368454189515479e-01
7.957957957957958683e+01 5.195046233649180945e-01
7.972972972972972627e+01 3.814449040839631433e-01
7.987987987987987992e+01 2.504482367506428164e-01
8.003003003003003357e+01 2.120689161400067246e-01
8.018018018018018722e+01 2.106434284823104908e-01
8.033033033033032666e+01 2.063916369398601236e-01
8.048048048048048031e+01 2.012198479931392725e-01
8.063063063063063396e+01 1.969521473214759788e-01
8.078078078078078761e+01 1.963714237489406211e-01
8.093093093093092705e+01 2.020347152666458201e-01
8.108108108108108070e+01 2.145261266917735943e-01
8.123123123123123435e+01 2.320675967624000746e-01
8.138138138138138800e+01 2.517607400125721484e-01
8.153153153153152743e+01 2.707255224821975004e-01
8.168168168168168108e+01 2.863245511087062489e-01
8.183183183183183473e+01 2.527716094365622945e-01
8.198198198198198838e+01 2.355121278767973725e-01
8.213213213213212782e+01 2.984687847244993919e-01
8.228228228228228147e+01 4.404497924397086095e-01
8.243243243243243512e+01 5.567084048119312900e-01
8.258258258258258877e+01 5.841686262517149508e-01
8.273273273273272821e+01 5.098943856090796256e-01
8.288288288288288186e+01 3.701896559666531528e-01
8.303303303303303551e+01 2.441418810675412554e-01
8.318318318318318916e+01 2.123977216800406187e-01
8.333333333333332860e+01 2.103808590670733503e-01
8.348348348348348225e+01 2.059827788759779621e-01
8.363363363363363590e+01 2.007848347980339676e-01
8.378378378378378954e+01 1.967394382617090043e-01
8.393393393393392898e+01 1.966207597733191370e-01
8.408408408408408263e+01 2.028120895976076865e-01
8.423423423423423628e+01 2.157079757153646804e-01
8.438438438438438993e+01 2.334787648000245242e-01
8.453453453453452937e+01 2.532482839999242730e-01
8.468468468468468302e+01 2.721252155942731066e-01
8.483483483483483667e+01 2.797105740659457385e-01
8.498498498498499032e+01 2.502499120961199641e-01
8.513513513513512976e+01 2.349832654253443953e-01
8.528528528528528341e+01 3.081008052760763616e-01
8.543543543543543706e+01 4.526357376374324781e-01
8.558558558558559071e+01 5.644102021740823316e-01
8.573573573573573015e+01 5.829414916106888667e-01
8.588588588588588379e+01 5.002191761154102245e-01
8.603603603603603744e+01 3.578465370595583228e-01
8.618618618618619109e+01 2.373385939981269288e-01
8.633633633633633053e+01 2.124153848364350727e-01
8.648648648648648418e+01 2.100973220757569038e-01
8.663663663663663783e+01 2.056268607942115245e-01
8.678678678678679148e+01 2.004136906290416853e-01
8.693693693693694513e+01 1.965122032013341402e-01
8.708708708708708457e+01 1.967984538058993593e-01
8.723723723723723822e+01 2.035846400954735846e-01
8.738738738738739187e+01 2.170049861679245462e-01
8.753753753753754552e+01 2.350242054899297772e-01
8.768768768768768496e+01 2.547518955417114594e-01
8.783783783783783861e+01 2.733964733006744585e-01
8.798798798798799226e+01 2.765784648723398353e-01
8.813813813813814591e+01 2.492603899784695820e-01
8.828828828828828534e+01 2.358991547701119462e-01
8.843843843843843899e+01 3.169956652376313411e-01
8.858858858858859264e+01 4.616695593380459317e-01
8.873873873873874629e+01 5.682572782898371866e-01
8.888888888888888573e+01 5.802948750476467632e-01
8.903903903903903938e+01 4.918781749183396279e-01
8.918918918918919303e+01 3.474484618821295778e-01
8.933933933933934668e+01 2.323517061122676308e-01
8.948948948948948612e+01 2.123779355338187569e-01
8.963963963963963977e+01 2.097866595952262159e-01
8.978978978978979342e+01 2.052104850813375181e-01
8.993993993993994707e+01 2.000541940080219905e-01
9.009009009009008651e+01 1.964003149683695992e-01
9.024024024024024015e+01 1.970868629184444609e-01
9.039039039039039380e+01 2.043423599596289886e-01
9.054054054054054745e+01 2.181970785138641067e-01
9.069069069069068689e+01 2.365160728654217281e-01
9.084084084084084054e+01 2.563216692039006483e-01
9.099099099099099419e+01 2.747780231313770027e-01
9.114114114114114784e+01 2.720914132523575835e-01
9.129129129129128728e+01 2.478965485647378064e-01
9.144144144144144093e+01 2.387821926482955048e-01
9.159159159159159458e+01 3.290924885154183355e-01
9.174174174174174823e+01 4.735950593924115326e-01
9.189189189189188767e+01 5.728489637725487915e-01
9.204204204204204132e+01 5.752524085006081034e-01
9.219219219219219497e+01 4.805459207875223404e-01
9.234234234234234862e+01 3.357699043313751019e-01
9.249249249249248805e+01 2.277188614273580325e-01
9.264264264264264170e+01 2.127092874518400067e-01
9.279279279279279535e+01 2.095111716170252047e-01
9.294294294294294900e+01 2.048150286862688019e-01
9.309309309309308844e+01 1.996450242249166451e-01
9.324324324324324209e+01 1.962325812240576506e-01
9.339339339339339574e+01 1.974304653953762867e-01
9.354354354354354939e+01 2.052608090639422012e-01
9.369369369369368883e+01 2.195076197601062706e-01
9.384384384384384248e+01 2.379738993613391695e-01
9.399399399399399613e+01 2.577507326689329470e-01
9.414414414414414978e+01 2.760524723096210997e-01
9.429429429429428922e+01 2.683191143559263692e-01
9.444444444444444287e+01 2.453409271650863754e-01
9.459459459459459651e+01 2.397330305582284771e-01
9.474474474474475016e+01 3.386324470527926067e-01
9.489489489489488960e+01 4.837342475443424661e-01
9.504504504504504325e+01 5.782598101363251031e-01
9.519519519519519690e+01 5.728380581754748402e-01
9.534534534534535055e+01 4.708915131836782786e-01
9.549549549549548999e+01 3.245713546510048397e-01
9.564564564564564364e+01 2.232988004774400514e-01
9.579579579579579729e+01 2.124652448284029826e-01
9.594594594594595094e+01 2.091790071682095020e-01
9.609609609609609038e+01 2.044358412436700634e-01
9.624624624624624403e+01 1.993204399573123564e-01
9.639639639639639768e+01 1.961129804403961285e-01
9.654654654654655133e+01 1.977214324024241521e-01
9.669669669669670498e+01 2.061074887315079152e-01
9.684684684684684441e+01 2.208496845481284221e-01
9.699699699699699806e+01 2.395618489256656769e-01
9.714714714714715171e+01 2.592807920728716908e-01
9.729729729729730536e+01 2.772891967050645223e-01
9.744744744744744480e+01 2.667258793313584953e-01
9.759759759759759845e+01 2.447280880187137075e-01
9.774774774774775210e+01 2.440975360426481944e-01
9.789789789789790575e+01 3.496756994394739637e-01
9.804804804804804519e+01 4.924756496760631097e-01
9.819819819819819884e+01 5.797179040264024419e-01
9.834834834834835249e+01 5.670824093757594886e-01
9.849849849849850614e+01 4.607063796535285083e-01
9.864864864864864558e+01 3.145812111558463631e-01
9.879879879879879923e+01 2.206009615640234789e-01
9.894894894894895288e+01 2.122762204739305214e-01
9.909909909909910652e+01 2.088549164366297894e-01
9.924924924924924596e+01 2.040018301844153670e-01
9.939939939939939961e+01 1.989655327116934547e-01
9.954954954954955326e+01 1.960802962319373177e-01
9.969969969969970691e+01 1.981689414334404375e-01
9.984984984984984635e+01 2.070239956218700994e-01
1.000000000000000000e+02 2.221130180037434176e-01
1.001501501501501536e+02 2.410271189294148908e-01
1.003003003003003073e+02 2.607804092489208747e-01
1.004504504504504467e+02 2.786095423397392246e-01
1.006006006006006004e+02 2.630887455359923188e-01
1.007507507507507540e+02 2.423689423878605809e-01
1.009009009009009077e+02 2.482709225921922169e-01
1.010510510510510471e+02 3.619508012930336416e-01
1.012012012012012008e+02 5.038645625293525221e-01
1.013513513513513544e+02 5.837689365574678657e-01
1.015015015015015081e+02 5.613706350457492444e-01
1.016516516516516475e+02 4.487129612365626796e-01
1.018018018018018012e+02 3.033060954135144427e-01
1.019519519519519548e+02 2.176568735282250755e-01
1.021021021021021085e+02 2.120888070387978719e-01
1.022522522522522479e+02 2.085439699670988689e-01
1.024024024024024015e+02 2.036152942114265452e-01
1.025525525525525552e+02 1.986023069254819196e-01
1.027027027027027088e+02 1.959768284122517523e-01
1.028528528528528483e+02 1.985962401244164566e-01
1.030030030030030019e+02 2.080529295381891020e-01
1.031531531531531556e+02 2.235427162789411781e-01
1.033033033033033092e+02 2.425618250630709183e-01
1.034534534534534487e+02 2.621963587922933603e-01
1.036036036036036023e+02 2.797813944792981733e-01
1.037537537537537560e+02 2.615827474619610848e-01
1.039039039039039096e+02 2.405468287360245927e-01
1.040540540540540491e+02 2.520568572773942972e-01
1.042042042042042027e+02 3.716239757562763146e-01
1.043543543543543564e+02 5.116825655529132488e-01
1.045045045045045100e+02 5.860280486345336159e-01
1.046546546546546494e+02 5.569225829311377218e-01
1.048048048048048031e+02 4.388929490391962340e-01
1.049549549549549567e+02 2.937289512639643663e-01
1.051051051051051104e+02 2.156032198595106975e-01
1.052552552552552498e+02 2.118700478729420855e-01
1.054054054054054035e+02 2.081807825400509571e-01
1.055555555555555571e+02 2.032134379871829710e-01
1.057057057057057108e+02 1.983214219827093006e-01
1.058558558558558644e+02 1.959819886282755108e-01
1.060060060060060039e+02 1.990313834577399354e-01
1.061561561561561575e+02 2.089838836511906106e-01
1.063063063063063112e+02 2.248999305337583132e-01
1.064564564564564648e+02 2.441424802659880045e-01
1.066066066066066043e+02 2.637229446373458019e-01
1.067567567567567579e+02 2.809929800615343365e-01
1.069069069069069116e+02 2.601473066380338151e-01
1.070570570570570652e+02 2.398934027824386750e-01
1.072072072072072046e+02 2.595122067574415214e-01
1.073573573573573583e+02 3.843695633108465959e-01
1.075075075075075119e+02 5.206291087768438741e-01
1.076576576576576656e+02 5.861266234251042428e-01
1.078078078078078050e+02 5.488499886170911113e-01
1.079579579579579587e+02 4.271072299804235528e-01
1.081081081081081123e+02 2.842100311096841803e-01
1.082582582582582660e+02 2.145363552276396413e-01
1.084084084084084054e+02 2.116707572869995779e-01
1.085585585585585591e+02 2.078495580960154354e-01
1.087087087087087127e+02 2.027811272186767211e-01
1.088588588588588664e+02 1.979801322835261501e-01
1.090090090090090058e+02 1.960130759123339672e-01
1.091591591591591595e+02 1.996146877044616408e-01
1.093093093093093131e+02 2.100576601091901641e-01
1.094594594594594668e+02 2.262566018116566602e-01
1.096096096096096062e+02 2.455933894675683404e-01
1.097597597597597598e+02 2.651261811858420803e-01
1.099099099099099135e+02 2.821963787896591969e-01
1.100600600600600671e+02 2.574352480180773228e-01
1.102102102102102066e+02 2.372311340778272548e-01
1.103603603603603602e+02 2.649541230369496514e-01
1.105105105105105139e+02 3.957467604169527253e-01
1.106606606606606675e+02 5.302326985633087908e-01
1.108108108108108070e+02 5.889024592879880116e-01
1.109609609609609606e+02 5.427361380374923217e-01
1.111111111111111143e+02 4.153837623135638313e-01
1.112612612612612679e+02 2.743841333257874271e-01
1.114114114114114074e+02 2.130966906838281105e-01
1.115615615615615610e+02 2.114019425201333624e-01
1.117117117117117147e+02 2.074986428610641753e-01
1.118618618618618683e+02 2.024065099203575802e-01
1.120120120120120077e+02 1.976899699536783794e-01
1.121621621621621614e+02 1.960079686820228595e-01
1.123123123123123150e+02 2.001247498376417799e-01
1.124624624624624687e+02 2.111483838318952977e-01
1.126126126126126081e+02 2.277453219635178494e-01
1.127627627627627618e+02 2.471745492410511447e-01
1.129129129129129154e+02 2.665317724607232375e-01
1.130630630630630691e+02 2.832690866457185375e-01
1.132132132132132085e+02 2.570143304907194781e-01
1.133633633633633622e+02 2.367725007909524948e-01
1.135135135135135158e+02 2.722037994655590043e-01
1.136636636636636695e+02 4.060937038169099011e-01
1.138138138138138089e+02 5.362032770645609459e-01
1.139639639639639626e+02 5.878817395015746294e-01
1.141141141141141162e+02 5.356300303495988846e-01
1.142642642642642699e+02 4.049250710469989856e-01
1.144144144144144093e+02 2.664666180329511858e-01
1.145645645645645629e+02 2.126967828522312587e-01
1.147147147147147166e+02 2.111660980107619989e-01
1.148648648648648702e+02 2.071085581984086210e-01
1.150150150150150097e+02 2.019840172051191873e-01
1.151651651651651633e+02 1.974478940528233140e-01
1.153153153153153170e+02 1.961445693273139723e-01
1.154654654654654706e+02 2.007323054420545316e-01
1.156156156156156243e+02 2.121934439913198411e-01
1.157657657657657637e+02 2.291181033231461106e-01
1.159159159159159174e+02 2.487128867173773183e-01
1.160660660660660710e+02 2.680146971989572080e-01
1.162162162162162247e+02 2.844482301237936661e-01
1.163663663663663641e+02 2.550135016021286560e-01
1.165165165165165178e+02 2.359007678929788965e-01
1.166666666666666714e+02 2.813293018752031083e-01
1.168168168168168251e+02 4.192290609628929743e-01
1.169669669669669645e+02 5.449831485863796399e-01
1.171171171171171181e+02 5.872798432274982661e-01
1.172672672672672718e+02 5.262995591119259409e-01
1.174174174174174254e+02 3.923199032530767516e-01
1.175675675675675649e+02 2.578966019440513402e-01
1.177177177177177185e+02 2.124806686711049053e-01
1.178678678678678722e+02 2.109236253968529429e-01
1.180180180180180258e+02 2.067648234660070250e-01
1.181681681681681653e+02 2.015728598723801057e-01
1.183183183183183189e+02 1.971465518498673741e-01
1.184684684684684726e+02 1.962415411945201416e-01
1.186186186186186262e+02 2.014253635253533403e-01
1.187687687687687657e+02 2.134053767210612185e-01
1.189189189189189193e+02 2.305851968410906894e-01
1.190690690690690730e+02 2.501887072037116133e-01
1.192192192192192266e+02 2.693462030942547769e-01
1.193693693693693660e+02 2.855279342267011966e-01
1.195195195195195197e+02 2.532817757600954178e-01
1.196696696696696733e+02 2.342819764817413719e-01
1.198198198198198270e+02 2.882645060338996923e-01
1.199699699699699664e+02 4.292296997789141755e-01
1.201201201201201201e+02 5.517636609687576188e-01
1.202702702702702737e+02 5.876869284165128215e-01
1.204204204204204274e+02 5.193979683851942530e-01
1.205705705705705668e+02 3.813123033248735361e-01
1.207207207207207205e+02 2.503645999048080828e-01
1.208708708708708741e+02 2.120619403276207959e-01
1.210210210210210278e+02 2.106343810561071561e-01
1.211711711711711672e+02 2.063811970898670745e-01
1.213213213213213209e+02 2.012107235505563030e-01
1.214714714714714745e+02 1.969475447605067153e-01
1.216216216216216282e+02 1.963737822839288494e-01
1.217717717717717676e+02 2.020449512917979473e-01
1.219219219219219212e+02 2.145437032574074865e-01
1.220720720720720749e+02 2.320908896304996194e-01
1.222222222222222285e+02 2.517870510085891689e-01
1.223723723723723680e+02 2.707512291760101886e-01
1.225225225225225216e+02 2.862492009325849351e-01
1.226726726726726753e+02 2.527608211761375179e-01
1.228228228228228289e+02 2.355298864706662498e-01
1.229729729729729684e+02 2.986015856596238027e-01
1.231231231231231220e+02 4.406050721390212255e-01
1.232732732732732757e+02 5.567946088342009547e-01
1.234234234234234293e+02 5.841391465496363899e-01
1.235735735735735688e+02 5.097759454706340954e-01
1.237237237237237224e+02 3.700517368736318535e-01
1.238738738738738761e+02 2.440683717033782507e-01
1.240240240240240297e+02 2.124063632818097569e-01
1.241741741741741691e+02 2.103824715063001005e-01
1.243243243243243228e+02 2.059816974471623263e-01
1.244744744744744764e+02 2.007816698532297606e-01
1.246246246246246301e+02 1.967369452572113042e-01
1.247747747747747695e+02 1.966227661610769895e-01
1.249249249249249232e+02 2.028205739799510410e-01
1.250750750750750768e+02 2.157214687028603806e-01
1.252252252252252305e+02 2.334942475139858142e-01
1.253753753753753841e+02 2.532634754728633197e-01
1.255255255255255236e+02 2.721388474961743409e-01
1.256756756756756772e+02 2.796621108843649339e-01
1.258258258258258309e+02 2.502249108345384609e-01
1.259759759759759845e+02 2.349750316690371599e-01
1.261261261261261239e+02 3.081961409119730599e-01
1.262762762762762776e+02 4.527537613036737851e-01
1.264264264264264312e+02 5.644899704489123593e-01
1.265765765765765849e+02 5.829461099967092608e-01
1.267267267267267243e+02 5.001383144236393186e-01
1.268768768768768780e+02 3.577285543872085749e-01
1.270270270270270316e+02 2.372760619200585952e-01
1.271771771771771853e+02 2.124145953481370031e-01
1.273273273273273247e+02 2.100951386058572679e-01
1.274774774774774784e+02 2.056242142247481364e-01
1.276276276276276320e+02 2.004116855725521507e-01
1.277777777777777857e+02 1.965120168796449796e-01
1.279279279279279251e+02 1.968017580796197485e-01
1.280780780780780788e+02 2.035930900930929266e-01
1.282282282282282324e+02 2.170185937653112129e-01
1.283783783783783861e+02 2.350406378609598834e-01
1.285285285285285397e+02 2.547675523766053107e-01
1.286786786786786934e+02 2.734081935138778507e-01
1.288288288288288186e+02 2.765391540353722144e-01
1.289789789789789722e+02 2.492561221991917986e-01
1.291291291291291259e+02 2.359396238731905904e-01
1.292792792792792795e+02 3.171339724658993053e-01
1.294294294294294332e+02 4.617927703846790854e-01
1.295795795795795868e+02 5.682904628610548903e-01
1.297297297297297405e+02 5.802318112172999420e-01
1.298798798798798941e+02 4.917567617680366765e-01
1.300300300300300194e+02 3.473203777352160682e-01
1.301801801801801730e+02 2.322985921873406689e-01
1.303303303303303267e+02 2.123793258819198504e-01
1.304804804804804803e+02 2.097821208274923965e-01
1.306306306306306340e+02 2.052066791263028878e-01
1.307807807807807876e+02 2.000521602788785380e-01
1.309309309309309413e+02 1.964017520999161714e-01
1.310810810810810949e+02 1.970924801972242235e-01
1.312312312312312201e+02 2.043512062962630493e-01
1.313813813813813738e+02 2.182078137580180932e-01
1.315315315315315274e+02 2.365281150931933252e-01
1.316816816816816811e+02 2.563346142511628845e-01
1.318318318318318347e+02 2.747905875468066861e-01
1.319819819819819884e+02 2.720312070782973102e-01
1.321321321321321420e+02 2.478544471197458576e-01
1.322822822822822957e+02 2.387599757336622830e-01
1.324324324324324209e+02 3.291637545125813413e-01
1.325825825825825746e+02 4.736825851807421328e-01
1.327327327327327282e+02 5.728814935208711434e-01
1.328828828828828819e+02 5.751871318618448914e-01
1.330330330330330355e+02 4.804046008036650384e-01
1.331831831831831892e+02 3.356249923767685717e-01
1.333333333333333428e+02 2.276561125599084467e-01
1.334834834834834965e+02 2.127061117093334563e-01
1.336336336336336217e+02 2.095043458313676499e-01
1.337837837837837753e+02 2.048075551105556502e-01
1.339339339339339290e+02 1.996383040284226695e-01
1.340840840840840826e+02 1.962297413659334633e-01
1.342342342342342363e+02 1.974355941643627932e-01
1.343843843843843899e+02 2.052757455043923152e-01
1.345345345345345436e+02 2.195301484294811534e-01
1.346846846846846972e+02 2.379997918115743794e-01
1.348348348348348509e+02 2.577765840656585650e-01
1.349849849849849761e+02 2.760764643167864518e-01
1.351351351351351298e+02 2.683082972867561478e-01
1.352852852852852834e+02 2.453337699236422809e-01
1.354354354354354371e+02 2.397609124573494566e-01
1.355855855855855907e+02 3.387362621128529594e-01
1.357357357357357444e+02 4.838286696247628971e-01
1.358858858858858980e+02 5.783002146948016398e-01
1.360360360360360517e+02 5.728126174875284304e-01
1.361861861861861769e+02 4.708037130046416330e-01
1.363363363363363305e+02 3.244670750534179859e-01
1.364864864864864842e+02 2.232659080826153997e-01
1.366366366366366378e+02 2.124657913797080022e-01
1.367867867867867915e+02 2.091792773170514375e-01
1.369369369369369451e+02 2.044334991466802420e-01
1.370870870870870988e+02 1.993176952138276947e-01
1.372372372372372524e+02 1.961122290224890929e-01
1.373873873873873777e+02 1.977246899888363552e-01
1.375375375375375313e+02 2.061158981402856916e-01
1.376876876876876850e+02 2.208629837312261757e-01
1.378378378378378386e+02 2.395782441772348337e-01
1.379879879879879923e+02 2.592972299487555921e-01
1.381381381381381459e+02 2.773022506360743322e-01
1.382882882882882996e+02 2.666905506987725105e-01
1.384384384384384532e+02 2.447179190912581181e-01
1.385885885885885784e+02 2.441824924741663738e-01
1.387387387387387321e+02 3.498592937509182876e-01
1.388888888888888857e+02 4.926296320775694904e-01
1.390390390390390394e+02 5.797606039494020980e-01
1.391891891891891930e+02 5.670056876970607229e-01
1.393393393393393467e+02 4.605661013820838701e-01
1.394894894894895003e+02 3.144531416738654550e-01
1.396396396396396540e+02 2.205718953759217560e-01
1.397897897897897792e+02 2.122757389300166386e-01
1.399399399399399329e+02 2.088498655242335966e-01
1.400900900900900865e+02 2.039936980875767802e-01
1.402402402402402402e+02 1.989567936841541429e-01
1.403903903903903938e+02 1.960755003703548993e-01
1.405405405405405475e+02 1.981720150060679864e-01
1.406906906906907011e+02 2.070350312931092673e-01
1.408408408408408548e+02 2.221286662732799844e-01
1.409909909909909800e+02 2.410437731572865616e-01
1.411411411411411336e+02 2.607955986847952379e-01
1.412912912912912873e+02 2.786213304063444585e-01
1.414414414414414409e+02 2.630473560000235467e-01
1.415915915915915946e+02 2.423424315312105171e-01
1.417417417417417482e+02 2.483406540209900926e-01
1.418918918918919019e+02 3.621208745910399207e-01
1.420420420420420555e+02 5.040256811192764808e-01
1.421921921921921808e+02 5.838536383646492078e-01
1.423423423423423344e+02 5.613397264124541097e-01
1.424924924924924881e+02 4.485887149520570438e-01
1.426426426426426417e+02 3.031772060780277833e-01
1.427927927927927954e+02 2.176246822928216973e-01
1.429429429429429490e+02 2.120872341166099850e-01
1.430930930930931027e+02 2.085404886656271328e-01
1.432432432432432563e+02 2.036104381558293541e-01
1.433933933933933815e+02 1.985971017034170449e-01
1.435435435435435352e+02 1.959733158850145707e-01
1.436936936936936888e+02 1.985973848630369354e-01
1.438438438438438425e+02 2.080605386960317771e-01
1.439939939939939961e+02 2.235555043292528354e-01
1.441441441441441498e+02 2.425761593643849801e-01
1.442942942942943034e+02 2.622083983387492601e-01
1.444444444444444571e+02 2.797886097329076449e-01
1.445945945945946107e+02 2.615738792927056466e-01
1.447447447447447360e+02 2.405426229133126037e-01
1.448948948948948896e+02 2.521422576905881785e-01
1.450450450450450433e+02 3.717669338094736764e-01
1.451951951951951969e+02 5.117757103516651362e-01
1.453453453453453506e+02 5.860280015823251532e-01
1.454954954954955042e+02 5.568429028414312310e-01
1.456456456456456579e+02 4.387681264424119765e-01
1.457957957957958115e+02 2.936202531292899098e-01
1.459459459459459367e+02 2.155881642902776896e-01
1.460960960960960904e+02 2.118654357963279111e-01
1.462462462462462440e+02 2.081748626578193151e-01
1.463963963963963977e+02 2.032071819850689021e-01
1.465465465465465513e+02 1.983174025421719777e-01
1.466966966966967050e+02 1.959827745061695214e-01
1.468468468468468586e+02 1.990379480727439976e-01
1.469969969969970123e+02 2.089953500736212444e-01
1.471471471471471375e+02 2.249149102442806747e-01
1.472972972972972912e+02 2.441595559443799079e-01
1.474474474474474448e+02 2.637400907776922265e-01
1.475975975975975985e+02 2.810073532634995153e-01
1.477477477477477521e+02 2.601094851992931112e-01
1.478978978978979058e+02 2.398672173436997845e-01
1.480480480480480594e+02 2.595931496118656367e-01
1.481981981981982130e+02 3.845266760908238601e-01
1.483483483483483383e+02 5.207543519137108889e-01
1.484984984984984919e+02 5.861441653241339367e-01
1.486486486486486456e+02 5.487471723104730970e-01
1.487987987987987992e+02 4.269447287800987034e-01
1.489489489489489529e+02 2.840788053671526314e-01
1.490990990990991065e+02 2.145164064165508699e-01
1.492492492492492602e+02 2.116653409177525480e-01
1.493993993993994138e+02 2.078476561345293516e-01
1.495495495495495391e+02 2.027814994750098965e-01
1.496996996996996927e+02 1.979822935456990174e-01
1.498498498498498464e+02 1.960180171186859943e-01
1.500000000000000000e+02 1.996235844732699161e-01
