0.000000000000000000e+00 4.718044290106108291e-02
1.501501501501501523e-01 2.602663425676557396e-01
3.003003003003003046e-01 3.887020981297098499e-01
4.504504504504504570e-01 5.212844505481193380e-01
6.006006006006006093e-01 4.901845866951598518e-01
7.507507507507507061e-01 4.613376369718565906e-01
9.009009009009009139e-01 4.406983931504696583e-01
1.051051051051051122e+00 5.999799681525811446e-01
1.201201201201201219e+00 6.936556798454291961e-01
1.351351351351351315e+00 6.668194845270855042e-01
1.501501501501501412e+00 7.029345674527953669e-01
1.651651651651651731e+00 7.438619050335819605e-01
1.801801801801801828e+00 7.704775652835760269e-01
1.951951951951951925e+00 6.879748330503413500e-01
2.102102102102102243e+00 6.567632766180178105e-01
2.252252252252252340e+00 6.677026377596780859e-01
2.402402402402402437e+00 6.604033278046254063e-01
2.552552552552552534e+00 6.443120392207597469e-01
2.702702702702702631e+00 6.292408093030066318e-01
2.852852852852852727e+00 7.206335791718151418e-01
3.003003003003002824e+00 7.962596036838105462e-01
3.153153153153153365e+00 8.478017559113620871e-01
3.303303303303303462e+00 8.365460937658635299e-01
3.453453453453453559e+00 8.208132732422307454e-01
3.603603603603603656e+00 8.125237520993889850e-01
3.753753753753753752e+00 8.701660698216546752e-01
3.903903903903903849e+00 8.534485540765878175e-01
4.054054054054054390e+00 7.963259500533907964e-01
4.204204204204204487e+00 8.120616401256393058e-01
4.354354354354354584e+00 8.163453313220032648e-01
4.504504504504504681e+00 8.125565698255576841e-01
4.654654654654654777e+00 8.231126198393876603e-01
4.804804804804804874e+00 8.259318778537108052e-01
4.954954954954954971e+00 8.224134526819394386e-01
5.105105105105105068e+00 8.095230706301602686e-01
5.255255255255255165e+00 7.882617407928953490e-01
5.405405405405405261e+00 7.758134704551362670e-01
5.555555555555555358e+00 8.387838278238203271e-01
5.705705705705705455e+00 8.654317877633787015e-01
5.855855855855855552e+00 8.577653685372040870e-01
6.006006006006005649e+00 8.537518035108525583e-01
6.156156156156156634e+00 8.406492920568983118e-01
6.306306306306306730e+00 8.317984603403913990e-01
6.456456456456456827e+00 8.661971617865382722e-01
6.606606606606606924e+00 8.539203008342716172e-01
6.756756756756757021e+00 8.209829131793904278e-01
6.906906906906907118e+00 8.186836739900045234e-01
7.057057057057057214e+00 8.052682944592394199e-01
7.207207207207207311e+00 7.962268444975515447e-01
7.357357357357357408e+00 8.407483924296954569e-01
7.507507507507507505e+00 8.580425891070301292e-01
7.657657657657657602e+00 8.477520818015257253e-01
7.807807807807807698e+00 8.367635905414269049e-01
7.957957957957957795e+00 8.165214372202282966e-01
8.108108108108108780e+00 8.071004991837520404e-01
8.258258258258258877e+00 8.577401770150667737e-01
8.408408408408408974e+00 8.640732404156589164e-01
8.558558558558559071e+00 8.409494098385257299e-01
8.708708708708709167e+00 8.369917275971132664e-01
8.858858858858859264e+00 8.235191248771304151e-01
9.009009009009009361e+00 8.177233971365053256e-01
9.159159159159159458e+00 8.511570415728025862e-01
9.309309309309309555e+00 8.516732305462524355e-01
9.459459459459459651e+00 8.312311927999431749e-01
9.609609609609609748e+00 8.213250481935238101e-01
9.759759759759759845e+00 8.009164258489268606e-01
9.909909909909909942e+00 7.942465927884163612e-01
1.006006006006006004e+01 8.512442208238137908e-01
1.021021021021021014e+01 8.669844193415824352e-01
1.036036036036036023e+01 8.520977564588605446e-01
1.051051051051051033e+01 8.422302024285085453e-01
1.066066066066066043e+01 8.224066596972336995e-01
1.081081081081081052e+01 8.179509759014090831e-01
1.096096096096096062e+01 8.636612141243178442e-01
1.111111111111111072e+01 8.613726890355127841e-01
1.126126126126126081e+01 8.365602013420003757e-01
1.141141141141141091e+01 8.310202717382549897e-01
1.156156156156156101e+01 8.139315767892282283e-01
1.171171171171171110e+01 8.113295856003094331e-01
1.186186186186186120e+01 8.493541531527358801e-01
1.201201201201201130e+01 8.528776599021045124e-01
1.216216216216216317e+01 8.353768100903777860e-01
1.231231231231231327e+01 8.234332909658174104e-01
1.246246246246246336e+01 8.009767443177915336e-01
1.261261261261261346e+01 8.036970845594570978e-01
1.276276276276276356e+01 8.554328875307032343e-01
1.291291291291291365e+01 8.683992722990161450e-01
1.306306306306306375e+01 8.519319935763539631e-01
1.321321321321321385e+01 8.416850749413020694e-01
1.336336336336336394e+01 8.213847823689169880e-01
1.351351351351351404e+01 8.245311789280441728e-01
1.366366366366366414e+01 8.664188718923000465e-01
1.381381381381381424e+01 8.610292679592799203e-01
1.396396396396396433e+01 8.371480791065394333e-01
1.411411411411411443e+01 8.295743200579335230e-01
1.426426426426426453e+01 8.102805554624773476e-01
1.441441441441441462e+01 8.111815208087795881e-01
1.456456456456456472e+01 8.505471445561512134e-01
1.471471471471471482e+01 8.524248196413461987e-01
1.486486486486486491e+01 8.353892911080572636e-01
1.501501501501501501e+01 8.232247755408714784e-01
1.516516516516516511e+01 8.001932295239742032e-01
1.531531531531531520e+01 8.092204182174866922e-01
1.546546546546546530e+01 8.570128591181273014e-01
1.561561561561561540e+01 8.648879818202136471e-01
1.576576576576576549e+01 8.478164074497873681e-01
1.591591591591591559e+01 8.364022682781198093e-01
1.606606606606606746e+01 8.148169788917422052e-01
1.621621621621621756e+01 8.228455970264166863e-01
1.636636636636636766e+01 8.652377206590982084e-01
1.651651651651651775e+01 8.608035876536050957e-01
1.666666666666666785e+01 8.397345445451142032e-01
1.681681681681681795e+01 8.302209175320376389e-01
1.696696696696696804e+01 8.091606619014382051e-01
1.711711711711711814e+01 8.162184649782157075e-01
1.726726726726726824e+01 8.545804300458746949e-01
1.741741741741741833e+01 8.521620470880217901e-01
1.756756756756756843e+01 8.343351887162973046e-01
1.771771771771771853e+01 8.226859903307409683e-01
1.786786786786786863e+01 8.032552376618745660e-01
1.801801801801801872e+01 8.143277665945340971e-01
1.816816816816816882e+01 8.551366765916272872e-01
1.831831831831831892e+01 8.581739026698727013e-01
1.846846846846846901e+01 8.415344038597599718e-01
1.861861861861861911e+01 8.285329524578870508e-01
1.876876876876876921e+01 8.064077648480848515e-01
1.891891891891891930e+01 8.227635658997114465e-01
1.906906906906906940e+01 8.637475397790795872e-01
1.921921921921921950e+01 8.610189393869397412e-01
1.936936936936936959e+01 8.427216135799391328e-01
1.951951951951951969e+01 8.319316506743211770e-01
1.966966966966966979e+01 8.101527679010953609e-01
1.981981981981981988e+01 8.248098264545462577e-01
1.996996996996996998e+01 8.585262055627183031e-01
2.012012012012012008e+01 8.517506853494456465e-01
2.027027027027027017e+01 8.319368810550541449e-01
2.042042042042042027e+01 8.202835708800724213e-01
2.057057057057057037e+01 8.020056263688307707e-01
2.072072072072072046e+01 8.145104698097864748e-01
2.087087087087087056e+01 8.518611046845220303e-01
2.102102102102102066e+01 8.517616527455769138e-01
2.117117117117117076e+01 8.363566718389839894e-01
2.132132132132132085e+01 8.221316954181636660e-01
2.147147147147147095e+01 8.012725412766703581e-01
2.162162162162162105e+01 8.222995683951347390e-01
2.177177177177177114e+01 8.626557680207492806e-01
2.192192192192192124e+01 8.593776842884693901e-01
2.207207207207207134e+01 8.423789353262683965e-01
2.222222222222222143e+01 8.303574062426070101e-01
2.237237237237237153e+01 8.076201063582011397e-01
2.252252252252252163e+01 8.277148215436475054e-01
2.267267267267267172e+01 8.609930643906147374e-01
2.282282282282282182e+01 8.500460184900188176e-01
2.297297297297297192e+01 8.313821271074897101e-01
2.312312312312312201e+01 8.205960488629020499e-01
2.327327327327327211e+01 8.001398044982840352e-01
2.342342342342342221e+01 8.154632245076497421e-01
2.357357357357357230e+01 8.525839856217048984e-01
2.372372372372372240e+01 8.494638043255616777e-01
2.387387387387387250e+01 8.322942515110984818e-01
2.402402402402402259e+01 8.185465888960492542e-01
2.417417417417417624e+01 7.974626800623973999e-01
2.432432432432432634e+01 8.225946416820772988e-01
2.447447447447447644e+01 8.595548915043427218e-01
2.462462462462462653e+01 8.547085544233704590e-01
2.477477477477477663e+01 8.391566541122779110e-01
2.492492492492492673e+01 8.254507700733331177e-01
2.507507507507507682e+01 8.022986171541840461e-01
2.522522522522522692e+01 8.279500211757300221e-01
2.537537537537537702e+01 8.609356856461929386e-01
2.552552552552552712e+01 8.491041092887346986e-01
2.567567567567567721e+01 8.334696162890168347e-01
2.582582582582582731e+01 8.207300851990020352e-01
2.597597597597597741e+01 8.004488352142943297e-01
2.612612612612612750e+01 8.222452958743909912e-01
2.627627627627627760e+01 8.532612850568321861e-01
2.642642642642642770e+01 8.446832473799565921e-01
2.657657657657657779e+01 8.283363575064917050e-01
2.672672672672672789e+01 8.150633986966079325e-01
2.687687687687687799e+01 7.925671832054419497e-01
2.702702702702702808e+01 8.206287781199190778e-01
2.717717717717717818e+01 8.550783734866660435e-01
2.732732732732732828e+01 8.492725464835457760e-01
2.747747747747747837e+01 8.355560026143452612e-01
2.762762762762762847e+01 8.202563103193551974e-01
2.777777777777777857e+01 7.974686095121779061e-01
2.792792792792792866e+01 8.297027770390930090e-01
2.807807807807807876e+01 8.620328224989755039e-01
2.822822822822822886e+01 8.483557839386631771e-01
2.837837837837837895e+01 8.337770144492318014e-01
2.852852852852852905e+01 8.203636291385391077e-01
2.867867867867867915e+01 7.986037885754314614e-01
2.882882882882882924e+01 8.256112224108144160e-01
2.897897897897897934e+01 8.539150171678548951e-01
2.912912912912912944e+01 8.399377769782683245e-01
2.927927927927927954e+01 8.247768511666565550e-01
2.942942942942942963e+01 8.114512080377538350e-01
2.957957957957957973e+01 7.879972070489809077e-01
2.972972972972972983e+01 8.203524565352471321e-01
2.987987987987987992e+01 8.520940654659963087e-01
3.003003003003003002e+01 8.450651576489102146e-01
3.018018018018018012e+01 8.312510717321235365e-01
3.033033033033033021e+01 8.149641827082563239e-01
3.048048048048048031e+01 7.924442794583459460e-01
3.063063063063063041e+01 8.297308890518982905e-01
3.078078078078078050e+01 8.601915942226632250e-01
3.093093093093093060e+01 8.453293190971093996e-01
3.108108108108108070e+01 8.322604232786403600e-01
3.123123123123123079e+01 8.175051275433279363e-01
3.138138138138138089e+01 7.946719899630078077e-01
3.153153153153153099e+01 8.280015915385905423e-01
3.168168168168168108e+01 8.534240644499810902e-01
3.183183183183183118e+01 8.366667655203334775e-01
3.198198198198198128e+01 8.236372281378516735e-01
3.213213213213213493e+01 8.105258074197871920e-01
3.228228228228228147e+01 7.868548545172717734e-01
3.243243243243243512e+01 8.224677915919076376e-01
3.258258258258258167e+01 8.508748580165556019e-01
3.273273273273273531e+01 8.382892367598754335e-01
3.288288288288288186e+01 8.252048166810587171e-01
3.303303303303303551e+01 8.095879414259397056e-01
3.318318318318318205e+01 7.858563577376728171e-01
3.333333333333333570e+01 8.280537167132734355e-01
3.348348348348348225e+01 8.567071823030433242e-01
3.363363363363363590e+01 8.420419949290137707e-01
3.378378378378378244e+01 8.311098873848526969e-01
3.393393393393393609e+01 8.150129961109934262e-01
3.408408408408408263e+01 7.910493096214612496e-01
3.423423423423423628e+01 8.328510492140809296e-01
3.438438438438438283e+01 8.554099136405641790e-01
3.453453453453453648e+01 8.348250793439822015e-01
3.468468468468468302e+01 8.230257507379606929e-01
3.483483483483483667e+01 8.093187798217869044e-01
3.498498498498498321e+01 7.852389442723581858e-01
3.513513513513513686e+01 8.223822928429711521e-01
3.528528528528528341e+01 8.485364259965985090e-01
3.543543543543543706e+01 8.322674850584106387e-01
3.558558558558558360e+01 8.195609348541288419e-01
3.573573573573573725e+01 8.040953718247554338e-01
3.588588588588588379e+01 7.790485753454541307e-01
3.603603603603603744e+01 8.262094026101370892e-01
3.618618618618618399e+01 8.535749257975711046e-01
3.633633633633633764e+01 8.380223657791144865e-01
3.648648648648648418e+01 8.283616390262785734e-01
3.663663663663663783e+01 8.110878368267037120e-01
3.678678678678678438e+01 7.867294299119849121e-01
3.693693693693693803e+01 8.347570148438490101e-01
3.708708708708708457e+01 8.549745348886934604e-01
3.723723723723723822e+01 8.318355308690914551e-01
3.738738738738738476e+01 8.215183220993353963e-01
3.753753753753753841e+01 8.072776752987682602e-01
3.768768768768768496e+01 7.751921794573897184e-01
3.783783783783783861e+01 8.235950284271704724e-01
3.798798798798798515e+01 8.470041985437490872e-01
3.813813813813813880e+01 8.274956943638862583e-01
3.828828828828828534e+01 8.167793672923278070e-01
3.843843843843843899e+01 8.010895082705412618e-01
3.858858858858859264e+01 7.758696736746829581e-01
3.873873873873873919e+01 8.270125461373080133e-01
3.888888888888889284e+01 8.508126850339798875e-01
3.903903903903903938e+01 8.326709269383887335e-01
3.918918918918919303e+01 8.227288307270408385e-01
3.933933933933933957e+01 8.050033800755036495e-01
3.948948948948949322e+01 7.801409571092950967e-01
3.963963963963963977e+01 8.332350684361051751e-01
3.978978978978979342e+01 8.524254788617502410e-01
3.993993993993993996e+01 8.290656302925270005e-01
4.009009009009009361e+01 8.220098833459003052e-01
4.024024024024024015e+01 8.056550458386456670e-01
4.039039039039039380e+01 7.797326355396041464e-01
4.054054054054054035e+01 8.290835262579276943e-01
4.069069069069069400e+01 8.473188775439509657e-01
4.084084084084084054e+01 8.230942405972866416e-01
4.099099099099099419e+01 8.142424012804886368e-01
4.114114114114114074e+01 7.988714564291332643e-01
4.129129129129129439e+01 7.670853759386030424e-01
4.144144144144144093e+01 8.273003156734198837e-01
4.159159159159159458e+01 8.453455551543771485e-01
4.174174174174174112e+01 8.262152426404278938e-01
4.189189189189189477e+01 8.166070582344102657e-01
4.204204204204204132e+01 7.988223900620547990e-01
4.219219219219219497e+01 7.757680249365321856e-01
4.234234234234234151e+01 8.322979004965662675e-01
4.249249249249249516e+01 8.511849988805866296e-01
4.264264264264264170e+01 8.285335437474811160e-01
4.279279279279279535e+01 8.214691391545267951e-01
4.294294294294294190e+01 8.026115243265039556e-01
4.309309309309309555e+01 7.808016620686164533e-01
4.324324324324324209e+01 8.335942452921544232e-01
4.339339339339339574e+01 8.461507752006782734e-01
4.354354354354354228e+01 8.204732902548091955e-01
4.369369369369369593e+01 8.122493655724020156e-01
4.384384384384384248e+01 7.956104764008731234e-01
4.399399399399399613e+01 7.624277415268480018e-01
4.414414414414414267e+01 8.257955832077032987e-01
4.429429429429429632e+01 8.427354373077555749e-01
4.444444444444444287e+01 8.224737730758866494e-01
4.459459459459459651e+01 8.121513185330143658e-01
4.474474474474474306e+01 7.940839993825723475e-01
4.489489489489489671e+01 7.774466049649271238e-01
4.504504504504504325e+01 8.317921512802401995e-01
4.519519519519519690e+01 8.478564163214673544e-01
4.534534534534534345e+01 8.259068229491738355e-01
4.549549549549549710e+01 8.175278826753802353e-01
4.564564564564564364e+01 7.980849745364312353e-01
4.579579579579579729e+01 7.815895719846929213e-01
4.594594594594594383e+01 8.339404952632557544e-01
4.609609609609609748e+01 8.439469373765974280e-01
4.624624624624624403e+01 8.199127162900965438e-01
4.639639639639639768e+01 8.120836466390580766e-01
4.654654654654654422e+01 7.943926989973707498e-01
4.669669669669669787e+01 7.673505753863956169e-01
4.684684684684684441e+01 8.268804288128679403e-01
4.699699699699699806e+01 8.404076225934684619e-01
4.714714714714714461e+01 8.194497597594194715e-01
4.729729729729729826e+01 8.078266663647214463e-01
4.744744744744744480e+01 7.901851932514123433e-01
4.759759759759759845e+01 7.779718532864429159e-01
4.774774774774774500e+01 8.303215763881405254e-01
4.789789789789789864e+01 8.438665202921790121e-01
4.804804804804804519e+01 8.227684689187497735e-01
4.819819819819819884e+01 8.127659844163752645e-01
4.834834834834835249e+01 7.934072415997466265e-01
4.849849849849849903e+01 7.820926388350797342e-01
4.864864864864865268e+01 8.340327426165554670e-01
4.879879879879879923e+01 8.442672118795583325e-01
4.894894894894895288e+01 8.197241109114492552e-01
4.909909909909909942e+01 8.108036551872355169e-01
4.924924924924925307e+01 7.931922699368711971e-01
4.939939939939939961e+01 7.771887054983178666e-01
4.954954954954955326e+01 8.300810913210976416e-01
4.969969969969969981e+01 8.369064484597351639e-01
4.984984984984985346e+01 8.149924690376512126e-01
5.000000000000000000e+01 8.042629703166030986e-01
5.015015015015015365e+01 7.849726036912447746e-01
5.030030030030030019e+01 7.643204477178834333e-01
5.045045045045045384e+01 8.287302564868066490e-01
5.060060060060060039e+01 8.390241732538531449e-01
5.075075075075075404e+01 8.195768812447157270e-01
5.090090090090090058e+01 8.082657911876467427e-01
5.105105105105105423e+01 7.883056893999795811e-01
5.120120120120120077e+01 7.838472323335720082e-01
5.135135135135135442e+01 8.346270731923908226e-01
5.150150150150150097e+01 8.424112929889103762e-01
5.165165165165165462e+01 8.180670511257638333e-01
5.180180180180180116e+01 8.079650909230762235e-01
5.195195195195195481e+01 7.896037108103607371e-01
5.210210210210210136e+01 7.736791497481541047e-01
5.225225225225225500e+01 8.298864076097680620e-01
5.240240240240240155e+01 8.342501541282596467e-01
5.255255255255255520e+01 8.130702722287599382e-01
5.270270270270270174e+01 8.020807936312142061e-01
5.285285285285285539e+01 7.819309407838327397e-01
5.300300300300300194e+01 7.686254379782468948e-01
5.315315315315315559e+01 8.287542702242568504e-01
5.330330330330330213e+01 8.362141820578830043e-01
5.345345345345345578e+01 8.157976710516372520e-01
5.360360360360360232e+01 8.026496677941487023e-01
5.375375375375375597e+01 7.829795996758839305e-01
5.390390390390390252e+01 7.838815748612503187e-01
5.405405405405405617e+01 8.335164460533681652e-01
5.420420420420420271e+01 8.387991864825784516e-01
5.435435435435435636e+01 8.167044981644443480e-01
5.450450450450450290e+01 8.051044819580334133e-01
5.465465465465465655e+01 7.857458682703220010e-01
5.480480480480480310e+01 7.747371769866997493e-01
5.495495495495495675e+01 8.309246157527696575e-01
5.510510510510510329e+01 8.336157214003124816e-01
5.525525525525525694e+01 8.113544835082047157e-01
5.540540540540540349e+01 8.010652012695917978e-01
5.555555555555555713e+01 7.807651469584672155e-01
5.570570570570570368e+01 7.729560934807833128e-01
5.585585585585585733e+01 8.279327517462351516e-01
5.600600600600600387e+01 8.306039065119724674e-01
5.615615615615615752e+01 8.112972380133193218e-01
5.630630630630630407e+01 7.980830877198678008e-01
5.645645645645645772e+01 7.705353759746910169e-01
5.660660660660660426e+01 7.698501243553674822e-01
5.675675675675675791e+01 8.303900368408895227e-01
5.690690690690690445e+01 8.352498618887833626e-01
5.705705705705705810e+01 8.152608120716149376e-01
5.720720720720720465e+01 8.022702703627823118e-01
5.735735735735735830e+01 7.813708367069827077e-01
5.750750750750750484e+01 7.886033354260824080e-01
5.765765765765765849e+01 8.328602387620610559e-01
5.780780780780781214e+01 8.317997744538333516e-01
5.795795795795795868e+01 8.088490448640708319e-01
5.810810810810811233e+01 7.986912704791109263e-01
5.825825825825825888e+01 7.715294203476106283e-01
5.840840840840841253e+01 7.759615270297226530e-01
5.855855855855855907e+01 8.255318573155372430e-01
5.870870870870871272e+01 8.256940417540439281e-01
5.885885885885885926e+01 8.074839766071227887e-01
5.900900900900901291e+01 7.938552733743132750e-01
5.915915915915915946e+01 7.664014261469364042e-01
5.930930930930931311e+01 7.730411650922527356e-01
5.945945945945945965e+01 8.300282947548595081e-01
5.960960960960961330e+01 8.319134613554347579e-01
5.975975975975975985e+01 8.120149489177476143e-01
5.990990990990991349e+01 7.989123933057682425e-01
6.006006006006006004e+01 7.705009990019573429e-01
6.021021021021021369e+01 7.833239208963417299e-01
6.036036036036036023e+01 8.316859702092028739e-01
6.051051051051051388e+01 8.291967907753721168e-01
6.066066066066066043e+01 8.088485422691049642e-01
6.081081081081081408e+01 7.968862879186281445e-01
6.096096096096096062e+01 7.629012415142402137e-01
6.111111111111111427e+01 7.788847524385584808e-01
6.126126126126126081e+01 8.263399778476310242e-01
6.141141141141141446e+01 8.230353281955825606e-01
6.156156156156156101e+01 8.049860623581457375e-01
6.171171171171171466e+01 7.914186560216478483e-01
6.186186186186186120e+01 7.587961239099901833e-01
6.201201201201201485e+01 7.764084490056131216e-01
6.216216216216216139e+01 8.273099358070674647e-01
6.231231231231231504e+01 8.255813547157148102e-01
6.246246246246246159e+01 8.075476213300110118e-01
6.261261261261261524e+01 7.924037204014909852e-01
6.276276276276276178e+01 7.587553834215843285e-01
6.291291291291291543e+01 7.773224954449674540e-01
6.306306306306306197e+01 8.302762758209706329e-01
6.321321321321321562e+01 8.261778913671256053e-01
6.336336336336336217e+01 8.079895270386147077e-01
6.351351351351351582e+01 7.951068582796414486e-01
6.366366366366366236e+01 7.618310280614115637e-01
6.381381381381381601e+01 7.829104441529556313e-01
6.396396396396396256e+01 8.276529116551246679e-01
6.411411411411411621e+01 8.194137676842331297e-01
6.426426426426426985e+01 8.014024387903601054e-01
6.441441441441440929e+01 7.878217909854675627e-01
6.456456456456456294e+01 7.566011720804859397e-01
6.471471471471471659e+01 7.787191208399988351e-01
6.486486486486487024e+01 8.226888252839062998e-01
6.501501501501500968e+01 8.193114093635575079e-01
6.516516516516516333e+01 8.027351018240594938e-01
6.531531531531531698e+01 7.817218075318722592e-01
6.546546546546547063e+01 7.558087629429439680e-01
6.561561561561561007e+01 7.800714997313171750e-01
6.576576576576576372e+01 8.300199346785472887e-01
6.591591591591591737e+01 8.238397365966144692e-01
6.606606606606607102e+01 8.046144301712025992e-01
6.621621621621621046e+01 7.908059666516111808e-01
6.636636636636636410e+01 7.598554582220223841e-01
6.651651651651651775e+01 7.843566452688740531e-01
6.666666666666667140e+01 8.263185658789788945e-01
6.681681681681681084e+01 8.152547054117411651e-01
6.696696696696696449e+01 7.990375958694624359e-01
6.711711711711711814e+01 7.843544766002622515e-01
6.726726726726727179e+01 7.550774395908895764e-01
6.741741741741742544e+01 7.822737341378820375e-01
6.756756756756756488e+01 8.154946133133361696e-01
6.771771771771771853e+01 8.145047777666171163e-01
6.786786786786787218e+01 7.982450300396000120e-01
6.801801801801802583e+01 7.744390579256189566e-01
6.816816816816816527e+01 7.541447834391119542e-01
6.831831831831831892e+01 7.828331579208230862e-01
6.846846846846847257e+01 8.265530630343020935e-01
6.861861861861862621e+01 8.180432587013466428e-01
6.876876876876876565e+01 8.011371833677831678e-01
6.891891891891891930e+01 7.753151694546418504e-01
6.906906906906907295e+01 7.552685093039269715e-01
6.921921921921922660e+01 7.846486507812084898e-01
6.936936936936936604e+01 8.258091473468525123e-01
6.951951951951951969e+01 8.132123852172119527e-01
6.966966966966967334e+01 7.981722960729245031e-01
6.981981981981982699e+01 7.742723745224014964e-01
6.996996996996996643e+01 7.549690189727338296e-01
7.012012012012012008e+01 7.866734524474200407e-01
7.027027027027027373e+01 8.155699226587400652e-01
7.042042042042042738e+01 8.087563917417083248e-01
7.057057057057056682e+01 7.836705973788655744e-01
7.072072072072072046e+01 7.713537568792672161e-01
7.087087087087087411e+01 7.506116841930062789e-01
7.102102102102102776e+01 7.839724037736481854e-01
7.117117117117116720e+01 8.162325451257894660e-01
7.132132132132132085e+01 8.116474978606342816e-01
7.147147147147147450e+01 7.918033792104668400e-01
7.162162162162162815e+01 7.735987379139525055e-01
7.177177177177176759e+01 7.523494165342747841e-01
7.192192192192192124e+01 7.873329277888589939e-01
7.207207207207207489e+01 8.256181240469006033e-01
7.222222222222222854e+01 8.100014564596084155e-01
7.237237237237236798e+01 7.913282507047881831e-01
7.252252252252252163e+01 7.739442986061004781e-01
7.267267267267267528e+01 7.540546358635977775e-01
7.282282282282282893e+01 7.894300977671636632e-01
7.297297297297296836e+01 8.093454400157544804e-01
7.312312312312312201e+01 7.976088866607893291e-01
7.327327327327327566e+01 7.825572927158778169e-01
7.342342342342342931e+01 7.695141280652076921e-01
7.357357357357356875e+01 7.481992318622184834e-01
7.372372372372372240e+01 7.870055770644948101e-01
7.387387387387387605e+01 8.101850556723361185e-01
7.402402402402402970e+01 8.013280814097835103e-01
7.417417417417416914e+01 7.864666100455072195e-01
7.432432432432432279e+01 7.727162997689546176e-01
7.447447447447447644e+01 7.507958586699285952e-01
7.462462462462463009e+01 7.900717794970528729e-01
7.477477477477476953e+01 8.183267615230395142e-01
7.492492492492492318e+01 8.005791007665936654e-01
7.507507507507507682e+01 7.848538907578848089e-01
7.522522522522523047e+01 7.718081877644132893e-01
7.537537537537536991e+01 7.507467993021553765e-01
7.552552552552552356e+01 7.909929647856580592e-01
7.567567567567567721e+01 8.098985396672191417e-01
7.582582582582583086e+01 7.912741598253862918e-01
7.597597597597597030e+01 7.831524711984547693e-01
7.612612612612612395e+01 7.696624237035473159e-01
7.627627627627627760e+01 7.480842702678698330e-01
7.642642642642643125e+01 7.911571137673187870e-01
7.657657657657657069e+01 8.103599369859022516e-01
7.672672672672672434e+01 7.931110640583861615e-01
7.687687687687687799e+01 7.838830066921372852e-01
7.702702702702703164e+01 7.693219090173638586e-01
7.717717717717718529e+01 7.466145486987256774e-01
7.732732732732732472e+01 7.905634182757454997e-01
7.747747747747747837e+01 8.107096795971706626e-01
7.762762762762763202e+01 7.924712326140701535e-01
7.777777777777778567e+01 7.848376303200184090e-01
7.792792792792792511e+01 7.704873550061790421e-01
7.807807807807807876e+01 7.482990053950905329e-01
7.822822822822823241e+01 7.940622544035078612e-01
7.837837837837838606e+01 8.110258045331055765e-01
7.852852852852852550e+01 7.895213999991185228e-01
7.867867867867867915e+01 7.829281762902060571e-01
7.882882882882883280e+01 7.691123780781077279e-01
7.897897897897898645e+01 7.472882855705684779e-01
7.912912912912912589e+01 7.935674391034502895e-01
7.927927927927927954e+01 8.093207203064909372e-01
7.942942942942943318e+01 7.896898928251468996e-01
7.957957957957958683e+01 7.820032749329564048e-01
7.972972972972972627e+01 7.665480943138542891e-01
7.987987987987987992e+01 7.430811605300007283e-01
8.003003003003003357e+01 7.929375039242536616e-01
8.018018018018018722e+01 8.113314193950861286e-01
8.033033033033032666e+01 7.913420773770680761e-01
8.048048048048048031e+01 7.852830319846422213e-01
8.063063063063063396e+01 7.701846312200543165e-01
8.078078078078078761e+01 7.472915652308365075e-01
8.093093093093092705e+01 7.967495070448185057e-01
8.108108108108108070e+01 8.108465272681431024e-01
8.123123123123123435e+01 7.872002890744337344e-01
8.138138138138138800e+01 7.820989860607449051e-01
8.153153153153152743e+01 7.674325994510939886e-01
8.168168168168168108e+01 7.450182265148299621e-01
8.183183183183183473e+01 7.956900107392528287e-01
8.198198198198198838e+01 8.093394650955045844e-01
8.213213213213212782e+01 7.878616120012946755e-01
8.228228228228228147e+01 7.819901200547040299e-01
8.243243243243243512e+01 7.660956203587264701e-01
8.258258258258258877e+01 7.447160334784892477e-01
8.273273273273272821e+01 7.964365722557915639e-01
8.288288288288288186e+01 8.111624201247699117e-01
8.303303303303303551e+01 7.894758259525337385e-01
8.318318318318318916e+01 7.833084295611141279e-01
8.333333333333332860e+01 7.672438973407393892e-01
8.348348348348348225e+01 7.469574782160737225e-01
8.363363363363363590e+01 7.971157857076515141e-01
8.378378378378378954e+01 8.101402324263210497e-01
8.393393393393392898e+01 7.882107992745076563e-01
8.408408408408408263e+01 7.823515309539458285e-01
8.423423423423423628e+01 7.666551019877840822e-01
8.438438438438438993e+01 7.496575284559856556e-01
8.453453453453452937e+01 7.992049417901809782e-01
8.468468468468468302e+01 8.097830087867936566e-01
8.483483483483483667e+01 7.871018662036738389e-01
8.498498498498499032e+01 7.809498974314883490e-01
8.513513513513512976e+01 7.647701711532127744e-01
8.528528528528528341e+01 7.491167667678411135e-01
8.543543543543543706e+01 7.979172788249048187e-01
8.558558558558559071e+01 8.095573508168401045e-01
8.573573573573573015e+01 7.886799505723725012e-01
8.588588588588588379e+01 7.813318483957889526e-01
8.603603603603603744e+01 7.641525689479303773e-01
8.618618618618619109e+01 7.489602497667652292e-01
8.633633633633633053e+01 7.990271153760262202e-01
8.648648648648648418e+01 8.106160241923777710e-01
8.663663663663663783e+01 7.896020471952246433e-01
8.678678678678679148e+01 7.830506258603839864e-01
8.693693693693694513e+01 7.667447739251587180e-01
8.708708708708708457e+01 7.554268322711701344e-01
8.723723723723723822e+01 8.018332680553016401e-01
8.738738738738739187e+01 8.089798034137423155e-01
8.753753753753754552e+01 7.862603652169583013e-01
8.768768768768768496e+01 7.794257666366770643e-01
8.783783783783783861e+01 7.626041776099595770e-01
8.798798798798799226e+01 7.520895139326487788e-01
8.813813813813814591e+01 7.995990363700522519e-01
8.828828828828828534e+01 8.090348665996976996e-01
8.843843843843843899e+01 7.891524970711892850e-01
8.858858858858859264e+01 7.811375119604384576e-01
8.873873873873874629e+01 7.633900232287894605e-01
8.888888888888888573e+01 7.543341317906281374e-01
8.903903903903903938e+01 8.019786095186636210e-01
8.918918918918919303e+01 8.102645328574930028e-01
8.933933933933934668e+01 7.891217916611750205e-01
8.948948948948948612e+01 7.816706867085475574e-01
8.963963963963963977e+01 7.644820804451069041e-01
8.978978978978979342e+01 7.573010713579951814e-01
8.993993993993994707e+01 8.025173328443613308e-01
9.009009009009008651e+01 8.082002849127850608e-01
9.024024024024024015e+01 7.872869809378394423e-01
9.039039039039039380e+01 7.795928588215272903e-01
9.054054054054054745e+01 7.620392723488944586e-01
9.069069069069068689e+01 7.574528323047973188e-01
9.084084084084084054e+01 8.028629153900461723e-01
9.099099099099099419e+01 8.087344595537359071e-01
9.114114114114114784e+01 7.880627279807495000e-01
9.129129129129128728e+01 7.796435232957807937e-01
9.144144144144144093e+01 7.614750435882601254e-01
9.159159159159159458e+01 7.576585407207026002e-01
9.174174174174174823e+01 8.026702961706564388e-01
9.189189189189188767e+01 8.084939005760928277e-01
9.204204204204204132e+01 7.886888310592407025e-01
9.219219219219219497e+01 7.799256351445233992e-01
9.234234234234234862e+01 7.615528466686281028e-01
9.249249249249248805e+01 7.594091523908108599e-01
9.264264264264264170e+01 8.043569963655560207e-01
9.279279279279279535e+01 8.084518052006954836e-01
9.294294294294294900e+01 7.884224842201870143e-01
9.309309309309308844e+01 7.802498404649362840e-01
9.324324324324324209e+01 7.622922292680188727e-01
9.339339339339339574e+01 7.634328264929436392e-01
9.354354354354354939e+01 8.050359549539706228e-01
9.369369369369368883e+01 8.070616438010216331e-01
9.384384384384384248e+01 7.863772038461536162e-01
9.399399399399399613e+01 7.772184644021657984e-01
9.414414414414414978e+01 7.583344457676987060e-01
9.429429429429428922e+01 7.597480978855020162e-01
9.444444444444444287e+01 8.036309694659274916e-01
9.459459459459459651e+01 8.077434745019969053e-01
9.474474474474475016e+01 7.894632520418850552e-01
9.489489489489488960e+01 7.798933704965554936e-01
9.504504504504504325e+01 7.608736523826207243e-01
9.519519519519519690e+01 7.647233309117853484e-01
9.534534534534535055e+01 8.068114921877881374e-01
9.549549549549548999e+01 8.077917626712508570e-01
9.564564564564564364e+01 7.880354834076659376e-01
9.579579579579579729e+01 7.791603100519279845e-01
9.594594594594595094e+01 7.605414678648892979e-01
9.609609609609609038e+01 7.660767637962735410e-01
9.624624624624624403e+01 8.058393030100290400e-01
9.639639639639639768e+01 8.058334334194817705e-01
9.654654654654655133e+01 7.867603420169085870e-01
9.669669669669670498e+01 7.768585568433508115e-01
9.684684684684684441e+01 7.573575747864388363e-01
9.699699699699699806e+01 7.648666662372256564e-01
9.714714714714715171e+01 8.062598619086762675e-01
9.729729729729730536e+01 8.070225372923149898e-01
9.744744744744744480e+01 7.886317092244152782e-01
9.759759759759759845e+01 7.785090155603836548e-01
9.774774774774775210e+01 7.589636761299967116e-01
9.789789789789790575e+01 7.675334834762949088e-01
9.804804804804804519e+01 8.070367370644684346e-01
9.819819819819819884e+01 8.059823338773538515e-01
9.834834834834835249e+01 7.878412287333697028e-01
9.849849849849850614e+01 7.777595997857444932e-01
9.864864864864864558e+01 7.580779696510616672e-01
9.879879879879879923e+01 7.689163876572255862e-01
9.894894894894895288e+01 8.077972777110913327e-01
9.909909909909910652e+01 8.055987978065329846e-01
9.924924924924924596e+01 7.873578545271202600e-01
9.939939939939939961e+01 7.771033647816358858e-01
9.954954954954955326e+01 7.572994241322122955e-01
9.969969969969970691e+01 7.702993675643107219e-01
9.984984984984984635e+01 8.075847853814035471e-01
1.000000000000000000e+02 8.047136593374671909e-01
1.001501501501501536e+02 7.866265379847824368e-01
1.003003003003003073e+02 7.755836424429750631e-01
1.004504504504504467e+02 7.551791472799364024e-01
1.006006006006006004e+02 7.688823340440221754e-01
1.007507507507507540e+02 8.075056448611979132e-01
1.009009009009009077e+02 8.051451651601992943e-01
1.010510510510510471e+02 7.888583911044841912e-01
1.012012012012012008e+02 7.779661315868720006e-01
1.013513513513513544e+02 7.576629957565004236e-01
1.015015015015015081e+02 7.742771175039586673e-01
1.016516516516516475e+02 8.099156114115604321e-01
1.018018018018018012e+02 8.044260127637067326e-01
1.019519519519519548e+02 7.865898680269420851e-01
1.021021021021021085e+02 7.758021128370113928e-01
1.022522522522522479e+02 7.554766944635290526e-01
1.024024024024024015e+02 7.730199449585054561e-01
1.025525525525525552e+02 8.079430782187800864e-01
1.027027027027027088e+02 8.029293802121100221e-01
1.028528528528528483e+02 7.864777658062305221e-01
1.030030030030030019e+02 7.746295970834928823e-01
1.031531531531531556e+02 7.535950033739493570e-01
1.033033033033033092e+02 7.734092117895390306e-01
1.034534534534534487e+02 8.095064668446180223e-01
1.036036036036036023e+02 8.041950358406719790e-01
1.037537537537537560e+02 7.884654896897104193e-01
1.039039039039039096e+02 7.769965597712248373e-01
1.040540540540540491e+02 7.561947765500034446e-01
1.042042042042042027e+02 7.771008460069195323e-01
1.043543543543543564e+02 8.100045001778153342e-01
1.045045045045045100e+02 8.025321402791885106e-01
1.046546546546546494e+02 7.863787316933021909e-01
1.048048048048048031e+02 7.745763091767440267e-01
1.049549549549549567e+02 7.533492659095303301e-01
1.051051051051051104e+02 7.764689714196679748e-01
1.052552552552552498e+02 8.096760506669973267e-01
1.054054054054054035e+02 8.020519180285544669e-01
1.055555555555555571e+02 7.865623039633840019e-01
1.057057057057057108e+02 7.743491227736242211e-01
1.058558558558558644e+02 7.530332774441014232e-01
1.060060060060060039e+02 7.778714669093305112e-01
1.061561561561561575e+02 8.099990768251589257e-01
1.063063063063063112e+02 8.015556350943887631e-01
1.064564564564564648e+02 7.865768611017762701e-01
1.066066066066066043e+02 7.740884390143994986e-01
1.067567567567567579e+02 7.523756018272462764e-01
1.069069069069069116e+02 7.783280710158815285e-01
1.070570570570570652e+02 8.103605880783921744e-01
1.072072072072072046e+02 8.016634789906756930e-01
1.073573573573573583e+02 7.874808954780928572e-01
1.075075075075075119e+02 7.749638579067008592e-01
1.076576576576576656e+02 7.531648101380954419e-01
1.078078078078078050e+02 7.818172912015117770e-01
1.079579579579579587e+02 8.112992497698544581e-01
1.081081081081081123e+02 8.001423075094443726e-01
1.082582582582582660e+02 7.851520766212753966e-01
1.084084084084084054e+02 7.724032974936547724e-01
1.085585585585585591e+02 7.505751553606616611e-01
1.087087087087087127e+02 7.798703937607924797e-01
1.088588588588588664e+02 8.096972445838264143e-01
1.090090090090090058e+02 7.993864318411596503e-01
1.091591591591591595e+02 7.862452146054520474e-01
1.093093093093093131e+02 7.728747318577020575e-01
1.094594594594594668e+02 7.505097249435493945e-01
1.096096096096096062e+02 7.824738432855087300e-01
1.097597597597597598e+02 8.119193341172507017e-01
1.099099099099099135e+02 8.005507302780127121e-01
1.100600600600600671e+02 7.873921369461388542e-01
1.102102102102102066e+02 7.743814186085372642e-01
1.103603603603603602e+02 7.521505938311930928e-01
1.105105105105105139e+02 7.847713889333208792e-01
1.106606606606606675e+02 8.112207468028755919e-01
1.108108108108108070e+02 7.979178224705429923e-01
1.109609609609609606e+02 7.845397725450931059e-01
1.111111111111111143e+02 7.708920736740286772e-01
1.112612612612612679e+02 7.483008599974444452e-01
1.114114114114114074e+02 7.831825471987301501e-01
1.115615615615615610e+02 8.108951965773636417e-01
1.117117117117117147e+02 7.979503000500909327e-01
1.118618618618618683e+02 7.861437880512355258e-01
1.120120120120120077e+02 7.723628274909422053e-01
1.121621621621621614e+02 7.497246319172212736e-01
1.123123123123123150e+02 7.861706216189846552e-01
1.124624624624624687e+02 8.118502606716130332e-01
1.126126126126126081e+02 7.978529224103169115e-01
1.127627627627627618e+02 7.858312554973732045e-01
1.129129129129129154e+02 7.718254692842119180e-01
1.130630630630630691e+02 7.486942970547132425e-01
1.132132132132132085e+02 7.863284655922453403e-01
1.133633633633633622e+02 8.116299297854134842e-01
1.135135135135135158e+02 7.968599249046165456e-01
1.136636636636636695e+02 7.854568211368191388e-01
1.138138138138138089e+02 7.711915044519124240e-01
1.139639639639639626e+02 7.481199986250138823e-01
1.141141141141141162e+02 7.880933879928858632e-01
1.142642642642642699e+02 8.117489745899563180e-01
1.144144144144144093e+02 7.952404005937017129e-01
1.145645645645645629e+02 7.841907238185484852e-01
1.147147147147147166e+02 7.698051992903423013e-01
1.148648648648648702e+02 7.466322037453339000e-01
1.150150150150150097e+02 7.873782519852140505e-01
1.151651651651651633e+02 8.110636937661602763e-01
1.153153153153153170e+02 7.956233638442136158e-01
1.154654654654654706e+02 7.856095140049658143e-01
1.156156156156156243e+02 7.707034238828547323e-01
1.157657657657657637e+02 7.468925464205726783e-01
1.159159159159159174e+02 7.903109096583105231e-01
1.160660660660660710e+02 8.129073325977181907e-01
1.162162162162162247e+02 7.954918567001330043e-01
1.163663663663663641e+02 7.853508188345547092e-01
1.165165165165165178e+02 7.706540030934078134e-01
1.166666666666666714e+02 7.471867538375326356e-01
1.168168168168168251e+02 7.907577059763173377e-01
1.169669669669669645e+02 8.111626915958299877e-01
1.171171171171171181e+02 7.923812490892311322e-01
1.172672672672672718e+02 7.829646496633247965e-01
1.174174174174174254e+02 7.677160040280631703e-01
1.175675675675675649e+02 7.438834038981827490e-01
1.177177177177177185e+02 7.902014835040167551e-01
1.178678678678678722e+02 8.117287633522957124e-01
1.180180180180180258e+02 7.939265309307592666e-01
1.181681681681681653e+02 7.856603856707289335e-01
1.183183183183183189e+02 7.703364365286953230e-01
1.184684684684684726e+02 7.462538249808455815e-01
1.186186186186186262e+02 7.935933229863726401e-01
1.187687687687687657e+02 8.125554372128678260e-01
1.189189189189189193e+02 7.928409671105277612e-01
1.190690690690690730e+02 7.839860686501634035e-01
1.192192192192192266e+02 7.683552641943945938e-01
1.193693693693693660e+02 7.440252610588772297e-01
1.195195195195195197e+02 7.925182846652872870e-01
1.196696696696696733e+02 8.113843459673948377e-01
1.198198198198198270e+02 7.907534086069103463e-01
1.199699699699699664e+02 7.834538573119698146e-01
1.201201201201201201e+02 7.676741033404578252e-01
1.202702702702702737e+02 7.435149257776193510e-01
1.204204204204204274e+02 7.943348745786994458e-01
1.205705705705705668e+02 8.117897615646010312e-01
1.207207207207207205e+02 7.907270198590734545e-01
1.208708708708708741e+02 7.835957480959432342e-01
1.210210210210210278e+02 7.676254663909668485e-01
1.211711711711711672e+02 7.429660567453166831e-01
1.213213213213213209e+02 7.944368984836702730e-01
1.214714714714714745e+02 8.116320898334355993e-01
1.216216216216216282e+02 7.907898531258107377e-01
1.217717717717717676e+02 7.839436346268372491e-01
1.219219219219219212e+02 7.673994793425696903e-01
1.220720720720720749e+02 7.423353494132772790e-01
1.222222222222222285e+02 7.963336698407185166e-01
1.223723723723723680e+02 8.122728954308900962e-01
1.225225225225225216e+02 7.888454521835328581e-01
1.226726726726726753e+02 7.829799881909655923e-01
1.228228228228228289e+02 7.668049063927491193e-01
1.229729729729729684e+02 7.433813954545862579e-01
1.231231231231231220e+02 7.962576181648762796e-01
1.232732732732732757e+02 8.105081767223231148e-01
1.234234234234234293e+02 7.884567853518219538e-01
1.235735735735735688e+02 7.819395403446528503e-01
1.237237237237237224e+02 7.651110771497485752e-01
1.238738738738738761e+02 7.431916714917914391e-01
1.240240240240240297e+02 7.968706851197691066e-01
1.241741741741741691e+02 8.119985744688396068e-01
1.243243243243243228e+02 7.908117944450299142e-01
1.244744744744744764e+02 7.842701094830879516e-01
1.246246246246246301e+02 7.673014484127339552e-01
1.247747747747747695e+02 7.479273081606526707e-01
1.249249249249249232e+02 7.992829292149612463e-01
1.250750750750750768e+02 8.116373100832892096e-01
1.252252252252252305e+02 7.882086219495360035e-01
1.253753753753753841e+02 7.814542020829075009e-01
1.255255255255255236e+02 7.644208878694934706e-01
1.256756756756756772e+02 7.452391740871691095e-01
1.258258258258258309e+02 7.978394195303928349e-01
1.259759759759759845e+02 8.102572173593850513e-01
1.261261261261261239e+02 7.892040282209593638e-01
1.262762762762762776e+02 7.820616578119979900e-01
1.264264264264264312e+02 7.647772487356574445e-01
1.265765765765765849e+02 7.495651739178689210e-01
1.267267267267267243e+02 8.002770023633505314e-01
1.268768768768768780e+02 8.115266069100256496e-01
1.270270270270270316e+02 7.896827403641721865e-01
1.271771771771771853e+02 7.824447629555790762e-01
1.273273273273273247e+02 7.648000957093773478e-01
1.274774774774774784e+02 7.500483992851149084e-01
1.276276276276276320e+02 8.000423804457738042e-01
1.277777777777777857e+02 8.107327029613781155e-01
1.279279279279279251e+02 7.891463871343397107e-01
1.280780780780780788e+02 7.813867140497742225e-01
1.282282282282282324e+02 7.634809414195483646e-01
1.283783783783783861e+02 7.504114410670242874e-01
1.285285285285285397e+02 8.012647234372041183e-01
1.286786786786786934e+02 8.104679819734331714e-01
1.288288288288288186e+02 7.886560296527288516e-01
1.289789789789789722e+02 7.811192892911051899e-01
1.291291291291291259e+02 7.634887569177198907e-01
1.292792792792792795e+02 7.536057305927154060e-01
1.294294294294294332e+02 8.014231269922630352e-01
1.295795795795795868e+02 8.097330372811935018e-01
1.297297297297297405e+02 7.890013233209557386e-01
1.298798798798798941e+02 7.807204378426961799e-01
1.300300300300300194e+02 7.621675226906148293e-01
1.301801801801801730e+02 7.530022776930446193e-01
1.303303303303303267e+02 8.022525903266072289e-01
1.304804804804804803e+02 8.109893258578180220e-01
1.306306306306306340e+02 7.901106083814632974e-01
1.307807807807807876e+02 7.818325808425032886e-01
1.309309309309309413e+02 7.634868221055489679e-01
1.310810810810810949e+02 7.567427510031500271e-01
1.312312312312312201e+02 8.036571043498944578e-01
1.313813813813813738e+02 8.092508127068244184e-01
1.315315315315315274e+02 7.875129672309351125e-01
1.316816816816816811e+02 7.791380046336940923e-01
1.318318318318318347e+02 7.607577259105794409e-01
1.319819819819819884e+02 7.555533253479136402e-01
1.321321321321321420e+02 8.026177295803612610e-01
1.322822822822822957e+02 8.090122356878404197e-01
1.324324324324324209e+02 7.896394711657198640e-01
1.325825825825825746e+02 7.807353386341616686e-01
1.327327327327327282e+02 7.617317628196924595e-01
1.328828828828828819e+02 7.593115577593078092e-01
1.330330330330330355e+02 8.051211549835642911e-01
1.331831831831831892e+02 8.102722922267975303e-01
1.333333333333333428e+02 7.892387981000481556e-01
1.334834834834834965e+02 7.802522777070725057e-01
1.336336336336336217e+02 7.612004453819835037e-01
1.337837837837837753e+02 7.589858505550109991e-01
1.339339339339339290e+02 8.042867514924508798e-01
1.340840840840840826e+02 8.081469490381120169e-01
1.342342342342342363e+02 7.881126748614030175e-01
1.343843843843843899e+02 7.788253430476490546e-01
1.345345345345345436e+02 7.597249092362140521e-01
1.346846846846846972e+02 7.606429388785475032e-01
1.348348348348348509e+02 8.055046170205680811e-01
1.349849849849849761e+02 8.085068561835102585e-01
1.351351351351351298e+02 7.888853181100362599e-01
1.352852852852852834e+02 7.795869126458161436e-01
1.354354354354354371e+02 7.602381373149074140e-01
1.355855855855855907e+02 7.630168540380281028e-01
1.357357357357357444e+02 8.057323880839375452e-01
1.358858858858858980e+02 8.083403401320079507e-01
1.360360360360360517e+02 7.886906647657032643e-01
1.361861861861861769e+02 7.786112301122171120e-01
1.363363363363363305e+02 7.585764589580490380e-01
1.364864864864864842e+02 7.619955651048477829e-01
1.366366366366366378e+02 8.062904363083915893e-01
1.367867867867867915e+02 8.081221871466750528e-01
1.369369369369369451e+02 7.888698934022343456e-01
1.370870870870870988e+02 7.791021157958732957e-01
1.372372372372372524e+02 7.596371323061799075e-01
1.373873873873873777e+02 7.662647762385533801e-01
1.375375375375375313e+02 8.071416244838091059e-01
1.376876876876876850e+02 8.065316343181271330e-01
1.378378378378378386e+02 7.873045163926560841e-01
1.379879879879879923e+02 7.771933710617285884e-01
1.381381381381381459e+02 7.571269808808844815e-01
1.382882882882882996e+02 7.650219933806904349e-01
1.384384384384384532e+02 8.065673659002758900e-01
1.385885885885885784e+02 8.074638660248369959e-01
1.387387387387387321e+02 7.894565748444749564e-01
1.388888888888888857e+02 7.787146010579211186e-01
1.390390390390390394e+02 7.581701767815300919e-01
1.391891891891891930e+02 7.680936705999932279e-01
1.393393393393393467e+02 8.086717631200676104e-01
1.394894894894895003e+02 8.070962034373720950e-01
1.396396396396396540e+02 7.879710332361067326e-01
1.397897897897897792e+02 7.775085962415669849e-01
1.399399399399399329e+02 7.573970910297800341e-01
1.400900900900900865e+02 7.683791170659893810e-01
1.402402402402402402e+02 8.074731978675691035e-01
1.403903903903903938e+02 8.049576302745392598e-01
1.405405405405405475e+02 7.875021765945492414e-01
1.406906906906907011e+02 7.765920647966415569e-01
1.408408408408408548e+02 7.559374598820587376e-01
1.409909909909909800e+02 7.701205918312303833e-01
1.411411411411411336e+02 8.089040063525999580e-01
1.412912912912912873e+02 8.065267534091449253e-01
1.414414414414414409e+02 7.887966567754078895e-01
1.415915915915915946e+02 7.776172652346319270e-01
1.417417417417417482e+02 7.566574655999865895e-01
1.418918918918919019e+02 7.714886852845657117e-01
1.420420420420420555e+02 8.089153939554446504e-01
1.421921921921921808e+02 8.051338998217701937e-01
1.423423423423423344e+02 7.874576466843574707e-01
1.424924924924924881e+02 7.758884745293427310e-01
1.426426426426426417e+02 7.548239450733545963e-01
1.427927927927927954e+02 7.713449839600394764e-01
1.429429429429429490e+02 8.092091326828149134e-01
1.430930930930931027e+02 8.043804589101729574e-01
1.432432432432432563e+02 7.879272439343626422e-01
1.433933933933933815e+02 7.766363646568251733e-01
1.435435435435435352e+02 7.557341969622208833e-01
1.436936936936936888e+02 7.751836876689162104e-01
1.438438438438438425e+02 8.098023766654977029e-01
1.439939939939939961e+02 8.040374028399750461e-01
1.441441441441441498e+02 7.870432052292244407e-01
1.442942942942943034e+02 7.750056984701751972e-01
1.444444444444444571e+02 7.532438648706554218e-01
1.445945945945946107e+02 7.733354457256246262e-01
1.447447447447447360e+02 8.094933767013405834e-01
1.448948948948948896e+02 8.042452812856913935e-01
1.450450450450450433e+02 7.883138445703005148e-01
1.451951951951951969e+02 7.760332306300345984e-01
1.453453453453453506e+02 7.544376531395354801e-01
1.454954954954955042e+02 7.768923532648673858e-01
1.456456456456456579e+02 8.109998351463781896e-01
1.457957957957958115e+02 8.027195402305972172e-01
1.459459459459459367e+02 7.867141600024654124e-01
1.460960960960960904e+02 7.748183830811993245e-01
1.462462462462462440e+02 7.533954559209438129e-01
1.463963963963963977e+02 7.772096837442747930e-01
1.465465465465465513e+02 8.097191792678595235e-01
1.466966966966967050e+02 8.020609143346260073e-01
1.468468468468468586e+02 7.869829271994980280e-01
1.469969969969970123e+02 7.741648063501385124e-01
1.471471471471471375e+02 7.518036491237277685e-01
1.472972972972972912e+02 7.781865615952077153e-01
1.474474474474474448e+02 8.113718904518255615e-01
1.475975975975975985e+02 8.031424456333365880e-01
1.477477477477477521e+02 7.878489144166400671e-01
1.478978978978979058e+02 7.750698066619150506e-01
1.480480480480480594e+02 7.530192093974166223e-01
1.481981981981982130e+02 7.798235301410357811e-01
1.483483483483483383e+02 8.108696840413438522e-01
1.484984984984984919e+02 8.004490935430015330e-01
1.486486486486486456e+02 7.860109511617696665e-01
1.487987987987987992e+02 7.731136350867027218e-01
1.489489489489489529e+02 7.508946178930614446e-01
1.490990990990991065e+02 7.803474752451287078e-01
1.492492492492492602e+02 8.110924492301282429e-01
1.493993993993994138e+02 8.009315264583095617e-01
1.495495495495495391e+02 7.871903180972822378e-01
1.496996996996996927e+02 7.740335556353803437e-01
1.498498498498498464e+02 7.514324098200637625e-01
1.500000000000000000e+02 7.827110366750538173e-01
