0.000000000000000000e+00 1.351408642759334422e-01
1.501501501501501523e-01 3.611765527923188612e-01
3.003003003003003046e-01 4.934756513266553291e-01
4.504504504504504570e-01 6.256891363793742888e-01
6.006006006006006093e-01 5.987189295970996028e-01
7.507507507507507061e-01 5.758267937871870412e-01
9.009009009009009139e-01 5.363633349134253603e-01
1.051051051051051122e+00 6.528341109128086295e-01
1.201201201201201219e+00 7.141120003404705097e-01
1.351351351351351315e+00 7.044174773993028271e-01
1.501501501501501412e+00 7.324632969414119898e-01
1.651651651651651731e+00 7.603980287307057218e-01
1.801801801801801828e+00 7.834665332992233333e-01
1.951951951951951925e+00 7.198857617611608140e-01
2.102102102102102243e+00 6.754269109539147165e-01
2.252252252252252340e+00 6.737709976552809232e-01
2.402402402402402437e+00 6.696607078682623726e-01
2.552552552552552534e+00 6.591070279134768617e-01
2.702702702702702631e+00 6.487521979694137464e-01
2.852852852852852727e+00 7.263585909172542987e-01
3.003003003003002824e+00 7.968436916617210874e-01
3.153153153153153365e+00 8.516999019383008074e-01
3.303303303303303462e+00 8.405959883162142932e-01
3.453453453453453559e+00 8.278514021435643411e-01
3.603603603603603656e+00 8.224857308575314052e-01
3.753753753753753752e+00 8.720542833920164050e-01
3.903903903903903849e+00 8.680385583356929891e-01
4.054054054054054390e+00 8.252047355881028112e-01
4.204204204204204487e+00 8.437769086072763880e-01
4.354354354354354584e+00 8.564683847356922008e-01
4.504504504504504681e+00 8.602296930490668236e-01
4.654654654654654777e+00 8.374488483114830295e-01
4.804804804804804874e+00 8.214436682069956586e-01
4.954954954954954971e+00 8.170659584731890801e-01
5.105105105105105068e+00 8.072700646990016438e-01
5.255255255255255165e+00 7.908161439383912805e-01
5.405405405405405261e+00 7.804469022672005929e-01
5.555555555555555358e+00 8.372348342981424940e-01
5.705705705705705455e+00 8.780802874936370905e-01
5.855855855855855552e+00 8.938459846118685936e-01
6.006006006006005649e+00 8.890840731167706235e-01
6.156156156156156634e+00 8.796464709771945056e-01
6.306306306306306730e+00 8.756347195498731528e-01
6.456456456456456827e+00 9.008336557010829804e-01
6.606606606606606924e+00 8.832339099650104997e-01
6.756756756756757021e+00 8.460043995653765414e-01
6.906906906906907118e+00 8.540294319896198916e-01
7.057057057057057214e+00 8.545958420741980310e-01
7.207207207207207311e+00 8.508954878403719446e-01
7.357357357357357408e+00 8.558066724332699104e-01
7.507507507507507505e+00 8.557704675082896673e-01
7.657657657657657602e+00 8.508536925771253978e-01
7.807807807807807698e+00 8.407764034254019414e-01
7.957957957957957795e+00 8.242962688317463371e-01
8.108108108108108780e+00 8.174981751587516721e-01
8.258258258258258877e+00 8.617767745058810824e-01
8.408408408408408974e+00 8.848881559695026544e-01
8.558558558558559071e+00 8.819161073035260978e-01
8.708708708708709167e+00 8.789271042216554308e-01
8.858858858858859264e+00 8.699260095569176787e-01
9.009009009009009361e+00 8.672749982983649630e-01
9.159159159159159458e+00 8.852155406906793145e-01
9.309309309309309555e+00 8.708347726446741266e-01
9.459459459459459651e+00 8.440606229310160247e-01
9.609609609609609748e+00 8.443598034621204729e-01
9.759759759759759845e+00 8.370592859328847002e-01
9.909909909909909942e+00 8.322862914882132035e-01
1.006006006006006004e+01 8.515311200787843982e-01
1.021021021021021014e+01 8.585316028575075142e-01
1.036036036036036023e+01 8.522959344767937484e-01
1.051051051051051033e+01 8.429343859160542962e-01
1.066066066066066043e+01 8.272188048801984994e-01
1.081081081081081052e+01 8.240109557306134480e-01
1.096096096096096062e+01 8.612806078179859881e-01
1.111111111111111072e+01 8.738576897265942778e-01
1.126126126126126081e+01 8.625986496723461183e-01
1.141141141141141091e+01 8.588733137714251731e-01
1.156156156156156101e+01 8.483926754999623343e-01
1.171171171171171110e+01 8.471024269621095781e-01
1.186186186186186120e+01 8.665384502495088181e-01
1.201201201201201130e+01 8.592138687218671134e-01
1.216216216216216317e+01 8.397112688470975694e-01
1.231231231231231327e+01 8.348811857590667795e-01
1.246246246246246336e+01 8.226160382230465196e-01
1.261261261261261346e+01 8.190947332899690680e-01
1.276276276276276356e+01 8.461428891829645416e-01
1.291291291291291365e+01 8.560721876546074638e-01
1.306306306306306375e+01 8.482108319599874768e-01
1.321321321321321385e+01 8.391537433875793095e-01
1.336336336336336394e+01 8.234659789775444771e-01
1.351351351351351404e+01 8.233143200082684299e-01
1.366366366366366414e+01 8.570940989570769997e-01
1.381381381381381424e+01 8.632912682913388425e-01
1.396396396396396433e+01 8.489994690564567348e-01
1.411411411411411443e+01 8.433611092348589633e-01
1.426426426426426453e+01 8.302377620885866838e-01
1.441441441441441462e+01 8.300854187268830175e-01
1.456456456456456472e+01 8.546473043954488924e-01
1.471471471471471482e+01 8.531275837510031712e-01
1.486486486486486491e+01 8.379759044583450223e-01
1.501501501501501501e+01 8.300561737543930008e-01
1.516516516516516511e+01 8.146294663067997766e-01
1.531531531531531520e+01 8.134411088702274695e-01
1.546546546546546530e+01 8.455037766044015690e-01
1.561561561561561540e+01 8.548197249221075600e-01
1.576576576576576549e+01 8.445490174425310803e-01
1.591591591591591559e+01 8.353186087968401674e-01
1.606606606606606746e+01 8.187868851561521666e-01
1.621621621621621756e+01 8.199551633811597018e-01
1.636636636636636766e+01 8.531466135882395108e-01
1.651651651651651775e+01 8.561076820620791006e-01
1.666666666666666785e+01 8.422131641554633230e-01
1.681681681681681795e+01 8.346694392197460122e-01
1.696696696696696804e+01 8.190123154743302880e-01
1.711711711711711814e+01 8.225375708906826899e-01
1.726726726726726824e+01 8.502403595013116044e-01
1.741741741741741833e+01 8.515006567474888710e-01
1.756756756756756843e+01 8.380689161410751487e-01
1.771771771771771853e+01 8.285864732488322781e-01
1.786786786786786863e+01 8.111118511877251080e-01
1.801801801801801872e+01 8.162012501999098557e-01
1.816816816816816882e+01 8.468716087789839309e-01
1.831831831831831892e+01 8.529713729448438198e-01
1.846846846846846901e+01 8.412819847868531209e-01
1.861861861861861911e+01 8.314459448296356303e-01
1.876876876876876921e+01 8.134007189560154005e-01
1.891891891891891930e+01 8.157736997060717199e-01
1.906906906906906940e+01 8.511007057829953482e-01
1.921921921921921950e+01 8.526997260006934365e-01
1.936936936936936959e+01 8.398871665553316879e-01
1.951951951951951969e+01 8.310752098542079080e-01
1.966966966966966979e+01 8.138788760157698032e-01
1.981981981981981988e+01 8.204472336021271239e-01
1.996996996996996998e+01 8.498619437772736429e-01
2.012012012012012008e+01 8.508856101583556208e-01
2.027027027027027017e+01 8.379211911683968061e-01
2.042042042042042027e+01 8.275791935127608800e-01
2.057057057057057037e+01 8.085295114968297225e-01
2.072072072072072046e+01 8.142131503008528393e-01
2.087087087087087056e+01 8.479499501518726889e-01
2.102102102102102066e+01 8.511548354622994195e-01
2.117117117117117076e+01 8.395158909076567699e-01
2.132132132132132085e+01 8.290424178322080007e-01
2.147147147147147095e+01 8.121538753516592823e-01
2.162162162162162105e+01 8.172618909925050135e-01
2.177177177177177114e+01 8.513829978200954107e-01
2.192192192192192124e+01 8.511668237951904858e-01
2.207207207207207134e+01 8.387148785722592370e-01
2.222222222222222143e+01 8.290048061916950317e-01
2.237237237237237153e+01 8.106871484986346577e-01
2.252252252252252163e+01 8.224769228148671729e-01
2.267267267267267172e+01 8.497999647366979437e-01
2.282282282282282182e+01 8.496566160319496408e-01
2.297297297297297192e+01 8.376639706086099757e-01
2.312312312312312201e+01 8.266727414491878978e-01
2.327327327327327211e+01 8.064209832907079933e-01
2.342342342342342221e+01 8.164569948628287444e-01
2.357357357357357230e+01 8.500699093674363160e-01
2.372372372372372240e+01 8.505853354206797112e-01
2.387387387387387250e+01 8.389617160229477788e-01
2.402402402402402259e+01 8.280935374838193086e-01
2.417417417417417624e+01 8.099393060725822435e-01
2.432432432432432634e+01 8.230489966624175979e-01
2.447447447447447644e+01 8.513990406062736938e-01
2.462462462462462653e+01 8.491157749889219897e-01
2.477477477477477663e+01 8.373833279103950478e-01
2.492492492492492673e+01 8.267628201129550991e-01
2.507507507507507682e+01 8.087815205849019362e-01
2.522522522522522692e+01 8.231298839360360331e-01
2.537537537537537702e+01 8.505963836413907853e-01
2.552552552552552712e+01 8.491581834188298705e-01
2.567567567567567721e+01 8.380486877104190713e-01
2.582582582582582731e+01 8.266840673762363423e-01
2.597597597597597741e+01 8.081283119131076331e-01
2.612612612612612750e+01 8.227209550417430295e-01
2.627627627627627760e+01 8.519163446614584911e-01
2.642642642642642770e+01 8.494109397078630774e-01
2.657657657657657779e+01 8.378968758418945395e-01
2.672672672672672789e+01 8.264854438430406791e-01
2.687687687687687799e+01 8.057807478474686702e-01
2.702702702702702808e+01 8.212104498929101437e-01
2.717717717717717818e+01 8.510469303994732115e-01
2.732732732732732828e+01 8.473967218515557898e-01
2.747747747747747837e+01 8.369362508662543387e-01
2.762762762762762847e+01 8.255690457002815563e-01
2.777777777777777857e+01 8.072604532326197457e-01
2.792792792792792866e+01 8.244317715754099218e-01
2.807807807807807876e+01 8.524236420421870131e-01
2.822822822822822886e+01 8.487447327322793500e-01
2.837837837837837895e+01 8.379137123850568525e-01
2.852852852852852905e+01 8.262256479861458391e-01
2.867867867867867915e+01 8.049259748369119727e-01
2.882882882882882924e+01 8.270387743700714500e-01
2.897897897897897934e+01 8.521138258253522224e-01
2.912912912912912944e+01 8.473135597511308736e-01
2.927927927927927954e+01 8.368113689088513274e-01
2.942942942942942963e+01 8.246774324288620450e-01
2.957957957957957973e+01 8.029130798468553376e-01
2.972972972972972983e+01 8.260599553351992697e-01
2.987987987987987992e+01 8.520552476974022627e-01
3.003003003003003002e+01 8.468310719576757073e-01
3.018018018018018012e+01 8.370383573688746637e-01
3.033033033033033021e+01 8.251843882822429421e-01
3.048048048048048031e+01 8.055605167329441541e-01
3.063063063063063041e+01 8.278512484138301764e-01
3.078078078078078050e+01 8.530388761851482871e-01
3.093093093093093060e+01 8.468231903754460665e-01
3.108108108108108070e+01 8.367912608537302344e-01
3.123123123123123079e+01 8.245193265058293752e-01
3.138138138138138089e+01 8.025523039896564903e-01
3.153153153153153099e+01 8.280628656926546372e-01
3.168168168168168108e+01 8.526535264593748664e-01
3.183183183183183118e+01 8.462332322149421771e-01
3.198198198198198128e+01 8.367479307347217565e-01
3.213213213213213493e+01 8.240999037166358843e-01
3.228228228228228147e+01 8.016429945781642363e-01
3.243243243243243512e+01 8.280499358034322244e-01
3.258258258258258167e+01 8.531057757512232609e-01
3.273273273273273531e+01 8.455194433103037088e-01
3.288288288288288186e+01 8.362341540239048854e-01
3.303303303303303551e+01 8.237760308723708347e-01
3.318318318318318205e+01 8.019513341178790000e-01
3.333333333333333570e+01 8.299033594135380998e-01
3.348348348348348225e+01 8.528963052029118197e-01
3.363363363363363590e+01 8.448650062904874414e-01
3.378378378378378244e+01 8.362176695372621760e-01
3.393393393393393609e+01 8.233947575484604764e-01
3.408408408408408263e+01 8.006291525531528119e-01
3.423423423423423628e+01 8.310530623849227139e-01
3.438438438438438283e+01 8.539890637527566275e-01
3.453453453453453648e+01 8.454350008707107733e-01
3.468468468468468302e+01 8.364234905491850780e-01
3.483483483483483667e+01 8.233063518385459467e-01
3.498498498498498321e+01 8.009907767044710525e-01
3.513513513513513686e+01 8.316999081937497262e-01
3.528528528528528341e+01 8.528583666072202529e-01
3.543543543543543706e+01 8.432204638704576816e-01
3.558558558558558360e+01 8.352030344741083745e-01
3.573573573573573725e+01 8.219963556077669597e-01
3.588588588588588379e+01 7.992797832956267667e-01
3.603603603603603744e+01 8.312223196609739295e-01
3.618618618618618399e+01 8.537863738347879483e-01
3.633633633633633764e+01 8.439137658091283578e-01
3.648648648648648418e+01 8.361756354162326321e-01
3.663663663663663783e+01 8.229940147835878017e-01
3.678678678678678438e+01 8.002624484934798277e-01
3.693693693693693803e+01 8.341968165886805009e-01
3.708708708708708457e+01 8.541493387605203491e-01
3.723723723723723822e+01 8.432748850183475753e-01
3.738738738738738476e+01 8.352325928431899582e-01
3.753753753753753841e+01 8.214089681980998314e-01
3.768768768768768496e+01 7.989300107749042201e-01
3.783783783783783861e+01 8.323582450199610294e-01
3.798798798798798515e+01 8.531689329564214885e-01
3.813813813813813880e+01 8.419263526370804884e-01
3.828828828828828534e+01 8.351280370961456923e-01
3.843843843843843899e+01 8.213987360559061868e-01
3.858858858858859264e+01 7.982390850620335598e-01
3.873873873873873919e+01 8.348817177135715584e-01
3.888888888888889284e+01 8.543968238887786892e-01
3.903903903903903938e+01 8.421056179364362348e-01
3.918918918918919303e+01 8.352103147664997618e-01
3.933933933933933957e+01 8.214953047382900220e-01
3.948948948948949322e+01 7.990113577501232189e-01
3.963963963963963977e+01 8.353235544048605021e-01
3.978978978978979342e+01 8.537880815557630232e-01
3.993993993993993996e+01 8.412182878937352060e-01
4.009009009009009361e+01 8.346541258353239456e-01
4.024024024024024015e+01 8.202106238310780117e-01
4.039039039039039380e+01 7.970715472322543738e-01
4.054054054054054035e+01 8.354165478346339269e-01
4.069069069069069400e+01 8.542065877970065335e-01
4.084084084084084054e+01 8.408770770348010792e-01
4.099099099099099419e+01 8.347491770046200354e-01
4.114114114114114074e+01 8.205118823369960124e-01
4.129129129129129439e+01 7.985435421475304274e-01
4.144144144144144093e+01 8.362995769171593929e-01
4.159159159159159458e+01 8.537133055663035375e-01
4.174174174174174112e+01 8.401724624969116872e-01
4.189189189189189477e+01 8.340158576929195267e-01
4.204204204204204132e+01 8.196151581940571695e-01
4.219219219219219497e+01 7.987277362119318269e-01
4.234234234234234151e+01 8.377193433822223145e-01
4.249249249249249516e+01 8.544829399431205230e-01
4.264264264264264170e+01 8.410504579564009875e-01
4.279279279279279535e+01 8.346383172742652956e-01
4.294294294294294190e+01 8.198069230339917191e-01
4.309309309309309555e+01 7.996868907287457695e-01
4.324324324324324209e+01 8.382425044189277807e-01
4.339339339339339574e+01 8.540268617470428980e-01
4.354354354354354228e+01 8.401975136443808889e-01
4.369369369369369593e+01 8.334383243023734122e-01
4.384384384384384248e+01 8.184152254032136531e-01
4.399399399399399613e+01 8.002341636638863331e-01
4.414414414414414267e+01 8.374735125394262569e-01
4.429429429429429632e+01 8.536399839926865907e-01
4.444444444444444287e+01 8.404680889007218880e-01
4.459459459459459651e+01 8.337936312838858388e-01
4.474474474474474306e+01 8.189370971989208270e-01
4.489489489489489671e+01 8.036470470168086688e-01
4.504504504504504325e+01 8.408243472980649891e-01
4.519519519519519690e+01 8.547550210756797995e-01
4.534534534534534345e+01 8.405366252821728779e-01
4.549549549549549710e+01 8.336629591241881965e-01
4.564564564564564364e+01 8.182543284791859994e-01
4.579579579579579729e+01 8.022750452832925205e-01
4.594594594594594383e+01 8.393659181080017628e-01
4.609609609609609748e+01 8.534535632960877916e-01
4.624624624624624403e+01 8.401304842824838248e-01
4.639639639639639768e+01 8.327380045312319234e-01
4.654654654654654422e+01 8.170168609734687060e-01
4.669669669669669787e+01 8.022446450664636464e-01
4.684684684684684441e+01 8.404517987195392337e-01
4.699699699699699806e+01 8.541858597450162627e-01
4.714714714714714461e+01 8.404035373870446524e-01
4.729729729729729826e+01 8.332908012313129387e-01
4.744744744744744480e+01 8.179667156283038087e-01
4.759759759759759845e+01 8.044022741825461731e-01
4.774774774774774500e+01 8.420251557626234895e-01
4.789789789789789864e+01 8.538033745167020738e-01
4.804804804804804519e+01 8.399383601202172756e-01
4.819819819819819884e+01 8.324381087440344551e-01
4.834834834834835249e+01 8.163147365720085924e-01
4.849849849849849903e+01 8.039130997216272778e-01
4.864864864864865268e+01 8.417578600051870419e-01
4.879879879879879923e+01 8.539665070434175886e-01
4.894894894894895288e+01 8.404675522730680193e-01
4.909909909909909942e+01 8.326565217827482934e-01
4.924924924924925307e+01 8.164666882004540938e-01
4.939939939939939961e+01 8.054386256080849904e-01
4.954954954954955326e+01 8.425206253573912507e-01
4.969969969969969981e+01 8.534921192331275108e-01
4.984984984984985346e+01 8.395811499403743605e-01
5.000000000000000000e+01 8.318223562369639890e-01
5.015015015015015365e+01 8.157402541423335318e-01
5.030030030030030019e+01 8.060900944930714518e-01
5.045045045045045384e+01 8.431145676289848456e-01
5.060060060060060039e+01 8.535244597899680485e-01
5.075075075075075404e+01 8.401667697418280234e-01
5.090090090090090058e+01 8.322056961367351180e-01
5.105105105105105423e+01 8.156565153727086681e-01
5.120120120120120077e+01 8.066986914759405325e-01
5.135135135135135442e+01 8.446072373927550059e-01
5.150150150150150097e+01 8.539519470881615781e-01
5.165165165165165462e+01 8.399246932235977514e-01
5.180180180180180116e+01 8.316036793510436231e-01
5.195195195195195481e+01 8.147007175258015321e-01
5.210210210210210136e+01 8.077609315748298657e-01
5.225225225225225500e+01 8.432170224370971745e-01
5.240240240240240155e+01 8.525440777003738813e-01
5.255255255255255520e+01 8.393816870731442004e-01
5.270270270270270174e+01 8.309747793838192509e-01
5.285285285285285539e+01 8.142306878416953886e-01
5.300300300300300194e+01 8.079730034729163402e-01
5.315315315315315559e+01 8.455844030232863018e-01
5.330330330330330213e+01 8.537177040798911154e-01
5.345345345345345578e+01 8.400330938168869555e-01
5.360360360360360232e+01 8.316848690501484898e-01
5.375375375375375597e+01 8.146946939776130714e-01
5.390390390390390252e+01 8.098509664192454771e-01
5.405405405405405617e+01 8.456853939082404903e-01
5.420420420420420271e+01 8.527838138683724312e-01
5.435435435435435636e+01 8.392764951977359500e-01
5.450450450450450290e+01 8.302885404587285745e-01
5.465465465465465655e+01 8.125191358439937117e-01
5.480480480480480310e+01 8.092995657483188499e-01
5.495495495495495675e+01 8.451965923619002563e-01
5.510510510510510329e+01 8.526942610648380327e-01
5.525525525525525694e+01 8.396235870115359434e-01
5.540540540540540349e+01 8.307713222522552510e-01
5.555555555555555713e+01 8.135715828747493994e-01
5.570570570570570368e+01 8.112265453288363126e-01
5.585585585585585733e+01 8.470766750506598664e-01
5.600600600600600387e+01 8.526073597947678717e-01
5.615615615615615752e+01 8.391003017450371360e-01
5.630630630630630407e+01 8.301515767277868330e-01
5.645645645645645772e+01 8.124086457826866781e-01
5.660660660660660426e+01 8.114120248604062002e-01
5.675675675675675791e+01 8.468104438993063754e-01
5.690690690690690445e+01 8.523832247522096228e-01
5.705705705705705810e+01 8.394734628163921242e-01
5.720720720720720465e+01 8.300093208228275232e-01
5.735735735735735830e+01 8.117130179892662056e-01
5.750750750750750484e+01 8.120121520917631397e-01
5.765765765765765849e+01 8.474994139780682723e-01
5.780780780780781214e+01 8.522463051438766701e-01
5.795795795795795868e+01 8.389816256515442161e-01
5.810810810810811233e+01 8.295630487491492122e-01
5.825825825825825888e+01 8.115975460437534483e-01
5.840840840840841253e+01 8.133092071715554150e-01
5.855855855855855907e+01 8.474358929508560845e-01
5.870870870870871272e+01 8.513380494916367169e-01
5.885885885885885926e+01 8.387870854148199440e-01
5.900900900900901291e+01 8.292525159194685802e-01
5.915915915915915946e+01 8.109020120704028001e-01
5.930930930930931311e+01 8.159300572196556134e-01
5.945945945945945965e+01 8.490933572366907711e-01
5.960960960960961330e+01 8.523521501796004207e-01
5.975975975975975985e+01 8.393155363077116071e-01
5.990990990990991349e+01 8.294526871960933301e-01
6.006006006006006004e+01 8.105944266992086700e-01
6.021021021021021369e+01 8.149254537915054941e-01
6.036036036036036023e+01 8.481810707149086692e-01
6.051051051051051388e+01 8.507287871015002390e-01
6.066066066066066043e+01 8.381925119175800409e-01
6.081081081081081408e+01 8.280497384864100585e-01
6.096096096096096062e+01 8.091323769586361569e-01
6.111111111111111427e+01 8.147073266984188322e-01
6.126126126126126081e+01 8.489397666010689569e-01
6.141141141141141446e+01 8.510977646798261187e-01
6.156156156156156101e+01 8.389156917055466955e-01
6.171171171171171466e+01 8.289853119077306154e-01
6.186186186186186120e+01 8.102517937290526495e-01
6.201201201201201485e+01 8.196742721780212459e-01
6.216216216216216139e+01 8.502832964480685485e-01
6.231231231231231504e+01 8.509800903998452348e-01
6.246246246246246159e+01 8.383459450108742272e-01
6.261261261261261524e+01 8.278702219596623113e-01
6.276276276276276178e+01 8.095679975471575807e-01
6.291291291291291543e+01 8.164104096833708635e-01
6.306306306306306197e+01 8.491174634586615699e-01
6.321321321321321562e+01 8.500917307504890497e-01
6.336336336336336217e+01 8.383185251832727669e-01
6.351351351351351582e+01 8.276461058312027941e-01
6.366366366366366236e+01 8.081291126950697068e-01
6.381381381381381601e+01 8.179456309826198535e-01
6.396396396396396256e+01 8.506080813255224582e-01
6.411411411411411621e+01 8.501764132711391309e-01
6.426426426426426985e+01 8.381544893169601274e-01
6.441441441441440929e+01 8.276925203167946332e-01
6.456456456456456294e+01 8.098176092420414918e-01
6.471471471471471659e+01 8.225842202530624370e-01
6.486486486486487024e+01 8.505405897318155661e-01
6.501501501501500968e+01 8.495378088268826788e-01
6.516516516516516333e+01 8.379824407060322278e-01
6.531531531531531698e+01 8.269349506360206270e-01
6.546546546546547063e+01 8.083754146563963960e-01
6.561561561561561007e+01 8.218187338009891318e-01
6.576576576576576372e+01 8.511042342171342145e-01
6.591591591591591737e+01 8.497879043472201799e-01
6.606606606606607102e+01 8.381042595300992604e-01
6.621621621621621046e+01 8.269670348313908903e-01
6.636636636636636410e+01 8.082872307035874337e-01
6.651651651651651775e+01 8.202182894235756638e-01
6.666666666666667140e+01 8.507648234643373497e-01
6.681681681681681084e+01 8.482262992307200156e-01
6.696696696696696449e+01 8.372176664419651582e-01
6.711711711711711814e+01 8.260636568486797726e-01
6.726726726726727179e+01 8.076365473379986115e-01
6.741741741741742544e+01 8.230328143789792383e-01
6.756756756756756488e+01 8.518676413925119206e-01
6.771771771771771853e+01 8.490879733010352481e-01
6.786786786786787218e+01 8.380893032367275897e-01
6.801801801801802583e+01 8.266766619213511413e-01
6.816816816816816527e+01 8.068023491318114804e-01
6.831831831831831892e+01 8.255170559620820248e-01
6.846846846846847257e+01 8.519709122294887305e-01
6.861861861861862621e+01 8.481446299049573145e-01
6.876876876876876565e+01 8.370534621701115618e-01
6.891891891891891930e+01 8.252181429036097304e-01
6.906906906906907295e+01 8.039098444583173686e-01
6.921921921921922660e+01 8.214217364503806351e-01
6.936936936936936604e+01 8.513001200785862421e-01
6.951951951951951969e+01 8.471973558954997152e-01
6.966966966966967334e+01 8.372043665806389035e-01
6.981981981981982699e+01 8.255479735842288225e-01
6.996996996996996643e+01 8.066620725963177252e-01
7.012012012012012008e+01 8.268478840979593958e-01
7.027027027027027373e+01 8.531217525910513855e-01
7.042042042042042738e+01 8.478443798764822015e-01
7.057057057057056682e+01 8.372819598691312315e-01
7.072072072072072046e+01 8.253671192104916621e-01
7.087087087087087411e+01 8.038523793403238304e-01
7.102102102102102776e+01 8.278929254894575873e-01
7.117117117117116720e+01 8.520851673801996817e-01
7.132132132132132085e+01 8.465301402491933747e-01
7.147147147147147450e+01 8.366218784341566961e-01
7.162162162162162815e+01 8.241456420239031688e-01
7.177177177177176759e+01 8.018048485489321919e-01
7.192192192192192124e+01 8.266305863517429131e-01
7.207207207207207489e+01 8.527754838835878148e-01
7.222222222222222854e+01 8.464693015035387180e-01
7.237237237237236798e+01 8.368866268586253598e-01
7.252252252252252163e+01 8.247617696686546651e-01
7.267267267267267528e+01 8.032975165214137903e-01
7.282282282282282893e+01 8.285907065769044788e-01
7.297297297297296836e+01 8.529620957022232552e-01
7.312312312312312201e+01 8.455968740422291630e-01
7.327327327327327566e+01 8.362741981973916827e-01
7.342342342342342931e+01 8.237109065599934610e-01
7.357357357357356875e+01 8.013417714344545084e-01
7.372372372372372240e+01 8.287636900889452374e-01
7.387387387387387605e+01 8.532824400707077483e-01
7.402402402402402970e+01 8.459322357496779077e-01
7.417417417417416914e+01 8.366972117824997834e-01
7.432432432432432279e+01 8.237991301291616164e-01
7.447447447447447644e+01 8.012742142327531347e-01
7.462462462462463009e+01 8.300912996474348882e-01
7.477477477477476953e+01 8.531130138459780410e-01
7.492492492492492318e+01 8.443964951910017946e-01
7.507507507507507682e+01 8.356904856494596912e-01
7.522522522522523047e+01 8.228516617289504120e-01
7.537537537537536991e+01 8.006471216735835394e-01
7.552552552552552356e+01 8.297211016905091663e-01
7.567567567567567721e+01 8.532374715015181854e-01
7.582582582582583086e+01 8.442757019708505561e-01
7.597597597597597030e+01 8.361900378912103804e-01
7.612612612612612395e+01 8.231904753525561835e-01
7.627627627627627760e+01 8.003178526677940940e-01
7.642642642642643125e+01 8.329809248463880822e-01
7.657657657657657069e+01 8.542483477199311892e-01
7.672672672672672434e+01 8.444932209038470416e-01
7.687687687687687799e+01 8.358561873262095876e-01
7.702702702702703164e+01 8.223840115864280431e-01
7.717717717717718529e+01 8.000641733452603654e-01
7.732732732732732472e+01 8.323650756018914354e-01
7.747747747747747837e+01 8.528750339877946285e-01
7.762762762762763202e+01 8.424098499721514033e-01
7.777777777777778567e+01 8.351020213918218804e-01
7.792792792792792511e+01 8.215995551458210588e-01
7.807807807807807876e+01 7.985360897436980521e-01
7.822822822822823241e+01 8.332418050233244555e-01
7.837837837837838606e+01 8.542657919498285457e-01
7.852852852852852550e+01 8.431640992496546305e-01
7.867867867867867915e+01 8.357980943076069869e-01
7.882882882882883280e+01 8.223890881261517460e-01
7.897897897897898645e+01 7.998373156796513284e-01
7.912912912912912589e+01 8.348172241059299559e-01
7.927927927927927954e+01 8.538722097172137815e-01
7.942942942942943318e+01 8.420826482775096711e-01
7.957957957957958683e+01 8.347952876026247804e-01
7.972972972972972627e+01 8.206066915935742445e-01
7.987987987987987992e+01 7.977849733749138306e-01
8.003003003003003357e+01 8.334274881153447279e-01
8.018018018018018722e+01 8.537575174954633583e-01
8.033033033033032666e+01 8.415063190161370388e-01
8.048048048048048031e+01 8.350777453824486107e-01
8.063063063063063396e+01 8.211147480246565600e-01
8.078078078078078761e+01 7.982140871807762439e-01
8.093093093093092705e+01 8.358822327344986869e-01
8.108108108108108070e+01 8.541030864589408411e-01
8.123123123123123435e+01 8.406516936602329571e-01
8.138138138138138800e+01 8.344910141472473564e-01
8.153153153153152743e+01 8.204155071226206797e-01
8.168168168168168108e+01 7.978581668574724617e-01
8.183183183183183473e+01 8.362594138010046585e-01
8.198198198198198838e+01 8.540377979045015167e-01
8.213213213213212782e+01 8.409415187299494887e-01
8.228228228228228147e+01 8.346989107294106036e-01
8.243243243243243512e+01 8.200490705278092873e-01
8.258258258258258877e+01 7.980042781718135192e-01
8.273273273273272821e+01 8.372313682795837764e-01
8.288288288288288186e+01 8.543274923703265689e-01
8.303303303303303551e+01 8.405442178367796835e-01
8.318318318318318916e+01 8.341211347038446355e-01
8.333333333333332860e+01 8.195042624953220445e-01
8.348348348348348225e+01 7.995787353314587342e-01
8.363363363363363590e+01 8.366727351681718661e-01
8.378378378378378954e+01 8.534878109923050848e-01
8.393393393393392898e+01 8.402470051566512943e-01
8.408408408408408263e+01 8.337894251519387678e-01
8.423423423423423628e+01 8.191220014125327742e-01
8.438438438438438993e+01 7.998219316068149176e-01
8.453453453453452937e+01 8.394278255105492859e-01
8.468468468468468302e+01 8.548124390545257523e-01
8.483483483483483667e+01 8.409204072206595271e-01
8.498498498498499032e+01 8.343038545276700857e-01
8.513513513513512976e+01 8.192212565100085442e-01
8.528528528528528341e+01 8.012916514629294662e-01
8.543543543543543706e+01 8.388884709445658672e-01
8.558558558558559071e+01 8.536462308499620510e-01
8.573573573573573015e+01 8.400305504251895927e-01
8.588588588588588379e+01 8.329224198110219968e-01
8.603603603603603744e+01 8.174956750440974806e-01
8.618618618618619109e+01 8.011123518149086964e-01
8.633633633633633053e+01 8.388736545175263792e-01
8.648648648648648418e+01 8.539557215430125803e-01
8.663663663663663783e+01 8.405428716200823436e-01
8.678678678678679148e+01 8.336500897673320143e-01
8.693693693693694513e+01 8.185816612499893230e-01
8.708708708708708457e+01 8.033827743125628862e-01
8.723723723723723822e+01 8.416484020194521243e-01
8.738738738738739187e+01 8.543231648217883833e-01
8.753753753753754552e+01 8.401546607138355993e-01
8.768768768768768496e+01 8.329628116142910876e-01
8.783783783783783861e+01 8.171759268683237432e-01
8.798798798798799226e+01 8.030832663851468212e-01
8.813813813813814591e+01 8.403855505595517750e-01
8.828828828828828534e+01 8.536396689466568821e-01
8.843843843843843899e+01 8.403670849156902323e-01
8.858858858858859264e+01 8.327450430966929495e-01
8.873873873873874629e+01 8.167801114154339404e-01
8.888888888888888573e+01 8.037946575954142414e-01
8.903903903903903938e+01 8.417965262987202602e-01
8.918918918918919303e+01 8.540088627192963244e-01
8.933933933933934668e+01 8.399983173839284945e-01
8.948948948948948612e+01 8.325761540168261643e-01
8.963963963963963977e+01 8.168865559749463046e-01
8.978978978978979342e+01 8.053957682881978108e-01
8.993993993993994707e+01 8.423968126299449244e-01
9.009009009009008651e+01 8.534916603852756856e-01
9.024024024024024015e+01 8.399857441165584637e-01
9.039039039039039380e+01 8.322215007491877703e-01
9.054054054054054745e+01 8.158486979972815467e-01
9.069069069069068689e+01 8.051017706306166088e-01
9.084084084084084054e+01 8.433820155934947937e-01
9.099099099099099419e+01 8.541634240807016720e-01
9.114114114114114784e+01 8.403200451140486749e-01
9.129129129129128728e+01 8.322806814838988876e-01
9.144144144144144093e+01 8.157721951818414086e-01
9.159159159159159458e+01 8.068819829036013580e-01
9.174174174174174823e+01 8.428771567208670490e-01
9.189189189189188767e+01 8.528856198461474136e-01
9.204204204204204132e+01 8.393370465848971618e-01
9.219219219219219497e+01 8.312155563163103889e-01
9.234234234234234862e+01 8.147460326450950419e-01
9.249249249249248805e+01 8.069204389719966120e-01
9.264264264264264170e+01 8.442882985705171262e-01
9.279279279279279535e+01 8.536882284050486547e-01
9.294294294294294900e+01 8.402244620461175595e-01
9.309309309309308844e+01 8.320794163939182475e-01
9.324324324324324209e+01 8.153417035824425119e-01
9.339339339339339574e+01 8.086278278713332490e-01
9.354354354354354939e+01 8.453703262697223053e-01
9.369369369369368883e+01 8.533994241678801718e-01
9.384384384384384248e+01 8.395024887236745004e-01
9.399399399399399613e+01 8.308407899641548910e-01
9.414414414414414978e+01 8.134710502392800135e-01
9.429429429429428922e+01 8.084843317744248026e-01
9.444444444444444287e+01 8.440026934374684764e-01
9.459459459459459651e+01 8.525288857772455042e-01
9.474474474474475016e+01 8.395518989522444686e-01
9.489489489489488960e+01 8.308941228435448023e-01
9.504504504504504325e+01 8.139129348923983542e-01
9.519519519519519690e+01 8.095457560553176446e-01
9.534534534534535055e+01 8.465945938972643248e-01
9.549549549549548999e+01 8.533238570712925464e-01
9.564564564564564364e+01 8.395840777322067794e-01
9.579579579579579729e+01 8.309569842427688702e-01
9.594594594594595094e+01 8.136112731834944656e-01
9.609609609609609038e+01 8.107779884576502560e-01
9.624624624624624403e+01 8.461100732634913024e-01
9.639639639639639768e+01 8.524117898785743552e-01
9.654654654654655133e+01 8.392868307506307080e-01
9.669669669669670498e+01 8.300245434426400948e-01
9.684684684684684441e+01 8.119390880440612301e-01
9.699699699699699806e+01 8.104992074444002936e-01
9.714714714714715171e+01 8.465053214360814815e-01
9.729729729729730536e+01 8.526529901657834420e-01
9.744744744744744480e+01 8.394173851243580398e-01
9.759759759759759845e+01 8.302989060061579663e-01
9.774774774774775210e+01 8.127501501310674392e-01
9.789789789789790575e+01 8.124745084155133856e-01
9.804804804804804519e+01 8.472256962926756341e-01
9.819819819819819884e+01 8.518305295666277477e-01
9.834834834834835249e+01 8.388037739897559186e-01
9.849849849849850614e+01 8.295308832416680156e-01
9.864864864864864558e+01 8.114289695687484372e-01
9.879879879879879923e+01 8.123195434542673787e-01
9.894894894894895288e+01 8.479548540248389443e-01
9.909909909909910652e+01 8.524524503436330392e-01
9.924924924924924596e+01 8.395134771795440543e-01
9.939939939939939961e+01 8.298617612438357050e-01
9.954954954954955326e+01 8.113165213177062629e-01
9.969969969969970691e+01 8.136896260359623989e-01
9.984984984984984635e+01 8.480046657819916289e-01
1.000000000000000000e+02 8.514907897052765851e-01
1.001501501501501536e+02 8.384862618411459412e-01
1.003003003003003073e+02 8.286879143761551880e-01
1.004504504504504467e+02 8.102049973154298312e-01
1.006006006006006004e+02 8.139636458588126455e-01
1.007507507507507540e+02 8.480047368157159760e-01
1.009009009009009077e+02 8.511413984238742625e-01
1.010510510510510471e+02 8.389022344596894776e-01
1.012012012012012008e+02 8.291543018140788979e-01
1.013513513513513544e+02 8.106220275219934157e-01
1.015015015015015081e+02 8.173323637898337601e-01
1.016516516516516475e+02 8.499558093466932363e-01
1.018018018018018012e+02 8.518161267804176262e-01
1.019519519519519548e+02 8.388452701757668217e-01
1.021021021021021085e+02 8.286978376701584770e-01
1.022522522522522479e+02 8.108901701964825737e-01
1.024024024024024015e+02 8.157818856532739193e-01
1.025525525525525552e+02 8.484843817733338511e-01
1.027027027027027088e+02 8.502317228000906280e-01
1.028528528528528483e+02 8.381721023875200460e-01
1.030030030030030019e+02 8.277159220838712361e-01
1.031531531531531556e+02 8.084343366559632038e-01
1.033033033033033092e+02 8.158866541103854120e-01
1.034534534534534487e+02 8.499370170506765909e-01
1.036036036036036023e+02 8.508222490805504856e-01
1.037537537537537560e+02 8.386607502844544149e-01
1.039039039039039096e+02 8.284908063124942768e-01
1.040540540540540491e+02 8.094517069907000151e-01
1.042042042042042027e+02 8.217876025474452062e-01
1.043543543543543564e+02 8.503863546112011562e-01
1.045045045045045100e+02 8.501081096727108877e-01
1.046546546546546494e+02 8.380172616006313913e-01
1.048048048048048031e+02 8.272233538959697929e-01
1.049549549549549567e+02 8.087408299183804772e-01
1.051051051051051104e+02 8.173641319381316217e-01
1.052552552552552498e+02 8.501242651411454743e-01
1.054054054054054035e+02 8.500331827552134456e-01
1.055555555555555571e+02 8.383345622409186237e-01
1.057057057057057108e+02 8.274332585484314162e-01
1.058558558558558644e+02 8.075914328568286615e-01
1.060060060060060039e+02 8.194959070115066524e-01
1.061561561561561575e+02 8.508063289884226776e-01
1.063063063063063112e+02 8.491838757769799573e-01
1.064564564564564648e+02 8.375906395830404749e-01
1.066066066066066043e+02 8.267688063613521932e-01
1.067567567567567579e+02 8.084709846187416726e-01
1.069069069069069116e+02 8.230443877332523916e-01
1.070570570570570652e+02 8.510758516499095094e-01
1.072072072072072046e+02 8.492522832713194081e-01
1.073573573573573583e+02 8.380842145722893211e-01
1.075075075075075119e+02 8.268460289607676428e-01
1.076576576576576656e+02 8.079464779388431106e-01
1.078078078078078050e+02 8.227127379310839039e-01
1.079579579579579587e+02 8.517873531650203001e-01
1.081081081081081123e+02 8.491097946351641168e-01
1.082582582582582660e+02 8.376014434469760683e-01
1.084084084084084054e+02 8.261266708483854249e-01
1.085585585585585591e+02 8.053770063806348078e-01
1.087087087087087127e+02 8.207950682760526417e-01
1.088588588588588664e+02 8.508544253312095851e-01
1.090090090090090058e+02 8.475202030577950740e-01
1.091591591591591595e+02 8.371165282912312877e-01
1.093093093093093131e+02 8.256702119842314058e-01
1.094594594594594668e+02 8.071251115414619370e-01
1.096096096096096062e+02 8.247434346027094909e-01
1.097597597597597598e+02 8.526732603509845632e-01
1.099099099099099135e+02 8.486464272870806180e-01
1.100600600600600671e+02 8.378050806624183222e-01
1.102102102102102066e+02 8.261736125252489016e-01
1.103603603603603602e+02 8.049611297218298711e-01
1.105105105105105139e+02 8.271692699310198016e-01
1.106606606606606675e+02 8.519770590461109849e-01
1.108108108108108070e+02 8.471765870227373485e-01
1.109609609609609606e+02 8.366874420324237338e-01
1.111111111111111143e+02 8.244851689065745282e-01
1.112612612612612679e+02 8.025795663884645048e-01
1.114114114114114074e+02 8.259143430057901414e-01
1.115615615615615610e+02 8.520507338377025786e-01
1.117117117117117147e+02 8.469269800892759159e-01
1.118618618618618683e+02 8.371682084099044685e-01
1.120120120120120077e+02 8.252895718618208365e-01
1.121621621621621614e+02 8.054603374253650472e-01
1.123123123123123150e+02 8.281081592109466039e-01
1.124624624624624687e+02 8.531387576653202132e-01
1.126126126126126081e+02 8.466785927678245338e-01
1.127627627627627618e+02 8.366698790908165817e-01
1.129129129129129154e+02 8.244198005876528512e-01
1.130630630630630691e+02 8.025089047088134198e-01
1.132132132132132085e+02 8.281495656404712635e-01
1.133633633633633622e+02 8.525704664060297366e-01
1.135135135135135158e+02 8.461815554430168751e-01
1.136636636636636695e+02 8.367030212925057331e-01
1.138138138138138089e+02 8.239973990283741001e-01
1.139639639639639626e+02 8.014184299518393173e-01
1.141141141141141162e+02 8.280385870378906832e-01
1.142642642642642699e+02 8.531585691772827218e-01
1.144144144144144093e+02 8.455589659104421063e-01
1.145645645645645629e+02 8.363060121831330518e-01
1.147147147147147166e+02 8.238371938694141194e-01
1.148648648648648702e+02 8.020271704267297741e-01
1.150150150150150097e+02 8.299671245326443181e-01
1.151651651651651633e+02 8.529218116409231776e-01
1.153153153153153170e+02 8.447410061716751351e-01
1.154654654654654706e+02 8.361336284117084627e-01
1.156156156156156243e+02 8.233178063687249804e-01
1.157657657657657637e+02 8.005648924681694201e-01
1.159159159159159174e+02 8.310833053665223069e-01
1.160660660660660710e+02 8.539594415922346915e-01
1.162162162162162247e+02 8.454118859508656936e-01
1.163663663663663641e+02 8.364130604098499733e-01
1.165165165165165178e+02 8.232563403429268289e-01
1.166666666666666714e+02 8.008862508977394601e-01
1.168168168168168251e+02 8.317381057060997396e-01
1.169669669669669645e+02 8.529144560020436305e-01
1.171171171171171181e+02 8.432242940631878847e-01
1.172672672672672718e+02 8.352357193070228947e-01
1.174174174174174254e+02 8.220168134291720996e-01
1.175675675675675649e+02 7.993382010718228514e-01
1.177177177177177185e+02 8.313017958028701138e-01
1.178678678678678722e+02 8.537804333547694968e-01
1.180180180180180258e+02 8.438095110038579261e-01
1.181681681681681653e+02 8.361173504999862560e-01
1.183183183183183189e+02 8.229358745557038279e-01
1.184684684684684726e+02 8.001934612145208403e-01
1.186186186186186262e+02 8.342358698587348798e-01
1.187687687687687657e+02 8.541438108417040986e-01
1.189189189189189193e+02 8.432527585305218398e-01
1.190690690690690730e+02 8.352313404052895685e-01
1.192192192192192266e+02 8.213819454772998130e-01
1.193693693693693660e+02 7.988868977268467342e-01
1.195195195195195197e+02 8.323227281941953937e-01
1.196696696696696733e+02 8.532106438514540647e-01
1.198198198198198270e+02 8.419030510892682173e-01
1.199699699699699664e+02 8.351271613599444699e-01
1.201201201201201201e+02 8.213778393040631620e-01
1.202702702702702737e+02 7.982427790153908687e-01
1.204204204204204274e+02 8.349136634068122786e-01
1.205705705705705668e+02 8.543755242663599869e-01
1.207207207207207205e+02 8.420152109303224996e-01
1.208708708708708741e+02 8.351659282725432121e-01
1.210210210210210278e+02 8.214429454228081573e-01
1.211711711711711672e+02 7.989403023371790535e-01
1.213213213213213209e+02 8.353701086863405401e-01
1.214714714714714745e+02 8.537944795076133353e-01
1.216216216216216282e+02 8.411905126305175839e-01
1.217717717717717676e+02 8.346549359350071695e-01
1.219219219219219212e+02 8.201981630694737957e-01
1.220720720720720749e+02 7.970586993887269767e-01
1.222222222222222285e+02 8.355397455931866668e-01
1.223723723723723680e+02 8.542330011274934520e-01
1.225225225225225216e+02 8.408707410510765090e-01
1.226726726726726753e+02 8.347291928590440113e-01
1.228228228228228289e+02 8.204687455517258865e-01
1.229729729729729684e+02 7.986122382157526678e-01
1.231231231231231220e+02 8.363076732021187398e-01
1.232732732732732757e+02 8.536830802294849141e-01
1.234234234234234293e+02 8.401560387286080012e-01
1.235735735735735688e+02 8.339754234338755401e-01
1.237237237237237224e+02 8.195601098313392008e-01
1.238738738738738761e+02 7.987687662599685101e-01
1.240240240240240297e+02 8.377658662640228293e-01
1.241741741741741691e+02 8.544912594798675931e-01
1.243243243243243228e+02 8.410593632878522463e-01
1.244744744744744764e+02 8.346416880419236239e-01
1.246246246246246301e+02 8.198020273622067533e-01
1.247747747747747695e+02 7.997805648818631097e-01
1.249249249249249232e+02 8.383636918516860215e-01
1.250750750750750768e+02 8.540469473200267281e-01
1.252252252252252305e+02 8.401954295293871944e-01
1.253753753753753841e+02 8.334195405496976905e-01
1.255255255255255236e+02 8.183691387934385331e-01
1.256756756756756772e+02 8.002888224776670834e-01
1.258258258258258309e+02 8.374944631931590111e-01
1.259759759759759845e+02 8.536207617343869458e-01
1.261261261261261239e+02 8.404574302339574698e-01
1.262762762762762776e+02 8.337609364637255105e-01
1.264264264264264312e+02 8.188907572541948010e-01
1.265765765765765849e+02 8.035770793209380258e-01
1.267267267267267243e+02 8.408645633212153969e-01
1.268768768768768780e+02 8.547579138220510186e-01
1.270270270270270316e+02 8.405494363188228402e-01
1.271771771771771853e+02 8.336710410022188933e-01
1.273273273273273247e+02 8.182609130069604664e-01
1.274774774774774784e+02 8.023792476522781936e-01
1.276276276276276320e+02 8.394914846446920320e-01
1.277777777777777857e+02 8.534751943457783430e-01
1.279279279279279251e+02 8.401292524861132538e-01
1.280780780780780788e+02 8.327237638854705359e-01
1.282282282282282324e+02 8.169782400094680597e-01
1.283783783783783861e+02 8.023026786248913522e-01
1.285285285285285397e+02 8.404778045695164845e-01
1.286786786786786934e+02 8.541629912140301650e-01
1.288288288288288186e+02 8.403884522039657412e-01
1.289789789789789722e+02 8.332513803946313136e-01
1.291291291291291259e+02 8.179080337355519870e-01
1.292792792792792795e+02 8.044483121696431871e-01
1.294294294294294332e+02 8.420542894227264208e-01
1.295795795795795868e+02 8.537932876448164343e-01
1.297297297297297405e+02 8.399245398602355195e-01
1.298798798798798941e+02 8.324215689271143859e-01
1.300300300300300194e+02 8.162971265630049045e-01
1.301801801801801730e+02 8.039957581861870706e-01
1.303303303303303267e+02 8.418438569645372294e-01
1.304804804804804803e+02 8.539664724044163657e-01
1.306306306306306340e+02 8.404607779734135642e-01
1.307807807807807876e+02 8.326324776057750787e-01
1.309309309309309413e+02 8.164114259404342544e-01
1.310810810810810949e+02 8.054850573600124131e-01
1.312312312312312201e+02 8.425422884760845887e-01
1.313813813813813738e+02 8.534741034686985639e-01
1.315315315315315274e+02 8.395754331454696739e-01
1.316816816816816811e+02 8.317897931378229748e-01
1.318318318318318347e+02 8.156812518595362160e-01
1.319819819819819884e+02 8.061549406393501149e-01
1.321321321321321420e+02 8.431468933550748668e-01
1.322822822822822957e+02 8.535051944745279950e-01
1.324324324324324209e+02 8.401485692166852370e-01
1.325825825825825746e+02 8.321828607025525404e-01
1.327327327327327282e+02 8.156332659412974806e-01
1.328828828828828819e+02 8.067996093201740271e-01
1.330330330330330355e+02 8.446824975866439322e-01
1.331831831831831892e+02 8.539508964544115788e-01
1.333333333333333428e+02 8.399239332260522994e-01
1.334834834834834965e+02 8.315883876554673870e-01
1.336336336336336217e+02 8.146589584056058708e-01
1.337837837837837753e+02 8.078185959681679629e-01
1.339339339339339290e+02 8.432561533460314340e-01
1.340840840840840826e+02 8.525322843000613382e-01
1.342342342342342363e+02 8.393747964369714376e-01
1.343843843843843899e+02 8.309434566330152760e-01
1.345345345345345436e+02 8.141737645957644043e-01
1.346846846846846972e+02 8.080420242806579667e-01
1.348348348348348509e+02 8.456064178867070957e-01
1.349849849849849761e+02 8.536852556659489943e-01
1.351351351351351298e+02 8.400082589529773713e-01
1.352852852852852834e+02 8.316516566213609796e-01
1.354354354354354371e+02 8.146583543285353946e-01
1.355855855855855907e+02 8.099260231927583042e-01
1.357357357357357444e+02 8.457475242987065878e-01
1.358858858858858980e+02 8.527782668611916250e-01
1.360360360360360517e+02 8.392640540713856012e-01
1.361861861861861769e+02 8.302658849487092318e-01
1.363363363363363305e+02 8.124711064937031324e-01
1.364864864864864842e+02 8.093540738390718747e-01
1.366366366366366378e+02 8.452284700789666205e-01
1.367867867867867915e+02 8.526743643980684295e-01
1.369369369369369451e+02 8.396114722144757403e-01
1.370870870870870988e+02 8.307298628193713341e-01
1.372372372372372524e+02 8.134951533361362008e-01
1.373873873873873777e+02 8.112458939539538560e-01
1.375375375375375313e+02 8.470804627855921254e-01
1.376876876876876850e+02 8.525762243415552222e-01
1.378378378378378386e+02 8.390857955641932708e-01
1.379879879879879923e+02 8.301271797873052138e-01
1.381381381381381459e+02 8.123793812399525693e-01
1.382882882882882996e+02 8.114957208442098446e-01
1.384384384384384532e+02 8.468750418435621041e-01
1.385885885885885784e+02 8.523662595115991669e-01
1.387387387387387321e+02 8.394587612140912425e-01
1.388888888888888857e+02 8.299842359220097610e-01
1.390390390390390394e+02 8.116637568516809065e-01
1.391891891891891930e+02 8.120760572935118438e-01
1.393393393393393467e+02 8.475390667293313252e-01
1.394894894894895003e+02 8.522264780262122086e-01
1.396396396396396540e+02 8.389586237978341465e-01
1.397897897897897792e+02 8.295128079593030446e-01
1.399399399399399329e+02 8.115057076158315175e-01
1.400900900900900865e+02 8.133411818148378325e-01
1.402402402402402402e+02 8.474277040063947775e-01
1.403903903903903938e+02 8.512959146574129443e-01
1.405405405405405475e+02 8.387674997472679417e-01
1.406906906906907011e+02 8.292183605840971472e-01
1.408408408408408548e+02 8.108607160108953771e-01
1.409909909909909800e+02 8.159713967424617742e-01
1.411411411411411336e+02 8.491416736108096108e-01
1.412912912912912873e+02 8.523347510365124613e-01
1.414414414414414409e+02 8.393100434067454207e-01
1.415915915915915946e+02 8.294414730073214059e-01
1.417417417417417482e+02 8.105677048724165834e-01
1.418918918918919019e+02 8.149952984259080102e-01
1.420420420420420555e+02 8.482317168426025678e-01
1.421921921921921808e+02 8.507171241539877027e-01
1.423423423423423344e+02 8.381851037567868978e-01
1.424924924924924881e+02 8.280164440039583518e-01
1.426426426426426417e+02 8.090581176877664760e-01
1.427927927927927954e+02 8.147592061285123810e-01
1.429429429429429490e+02 8.489457361345553732e-01
1.430930930930931027e+02 8.510577179657186075e-01
1.432432432432432563e+02 8.389002904542522954e-01
1.433933933933933815e+02 8.289525362704033284e-01
1.435435435435435352e+02 8.102110157335395968e-01
1.436936936936936888e+02 8.197165227392728681e-01
1.438438438438438425e+02 8.503245065681144244e-01
1.439939939939939961e+02 8.509577779216795923e-01
1.441441441441441498e+02 8.383367766871142601e-01
1.442942942942943034e+02 8.278575170840499764e-01
1.444444444444444571e+02 8.095158507653383850e-01
1.445945945945946107e+02 8.164855080889291683e-01
1.447447447447447360e+02 8.491679661352588004e-01
1.448948948948948896e+02 8.500708480050448435e-01
1.450450450450450433e+02 8.382988853641952787e-01
1.451951951951951969e+02 8.275991575620331719e-01
1.453453453453453506e+02 8.080339123187199046e-01
1.454954954954955042e+02 8.179340114446863597e-01
1.456456456456456579e+02 8.506022473048353572e-01
1.457957957957958115e+02 8.501373609653173347e-01
1.459459459459459367e+02 8.381403590436442563e-01
1.460960960960960904e+02 8.276606961259672657e-01
1.462462462462462440e+02 8.097840171715440238e-01
1.463963963963963977e+02 8.226459766308004129e-01
1.465465465465465513e+02 8.505732587173051584e-01
1.466966966966967050e+02 8.495037767968104392e-01
1.468468468468468586e+02 8.379705985903694865e-01
1.469969969969970123e+02 8.269208553784072047e-01
1.471471471471471375e+02 8.083436880187754303e-01
1.472972972972972912e+02 8.218786476153778775e-01
1.474474474474474448e+02 8.511517105096501057e-01
1.475975975975975985e+02 8.497676234712991938e-01
1.477477477477477521e+02 8.380913426122209575e-01
1.478978978978979058e+02 8.269274562496075065e-01
1.480480480480480594e+02 8.081574179116948198e-01
1.481981981981982130e+02 8.202482016005440135e-01
1.483483483483483383e+02 8.507675312251749000e-01
1.484984984984984919e+02 8.481891100918602655e-01
1.486486486486486456e+02 8.372050354692935903e-01
1.487987987987987992e+02 8.260312890170814493e-01
1.489489489489489529e+02 8.075967261681512577e-01
1.490990990990991065e+02 8.231211750632324575e-01
1.492492492492492602e+02 8.518922453525724636e-01
1.493993993993994138e+02 8.490466589450270662e-01
1.495495495495495391e+02 8.380778636533108283e-01
1.496996996996996927e+02 8.266645867161718231e-01
1.498498498498498464e+02 8.067830309486839768e-01
1.500000000000000000e+02 8.255301007551880677e-01
