0.000000000000000000e+00 1.098108631218608494e-01
1.501501501501501523e-01 2.798162915382267912e-01
3.003003003003003046e-01 4.254021718757500792e-01
4.504504504504504570e-01 4.035816899399943813e-01
6.006006006006006093e-01 3.657616458420427374e-01
7.507507507507507061e-01 4.685141669497724370e-01
9.009009009009009139e-01 5.842450835215247107e-01
1.051051051051051122e+00 6.002271833655042910e-01
1.201201201201201219e+00 5.928782870405959748e-01
1.351351351351351315e+00 6.254297681663597563e-01
1.501501501501501412e+00 6.195838869218776024e-01
1.651651651651651731e+00 6.166359149705145093e-01
1.801801801801801828e+00 6.527267099728728539e-01
1.951951951951951925e+00 6.418475963810195140e-01
2.102102102102102243e+00 5.916564734260800762e-01
2.252252252252252340e+00 5.846213166949079110e-01
2.402402402402402437e+00 5.824302489401194105e-01
2.552552552552552534e+00 5.896136745723949968e-01
2.702702702702702631e+00 6.659729235891664878e-01
2.852852852852852727e+00 7.387400422681084100e-01
3.003003003003002824e+00 7.074218548089903358e-01
3.153153153153153365e+00 6.856356146672361040e-01
3.303303303303303462e+00 7.896277730067868816e-01
3.453453453453453559e+00 8.527971586054032826e-01
3.603603603603603656e+00 8.482150124131977442e-01
3.753753753753753752e+00 8.407349385747980852e-01
3.903903903903903849e+00 8.621532928805398788e-01
4.054054054054054390e+00 8.325644367999645024e-01
4.204204204204204487e+00 8.387975843950787880e-01
4.354354354354354584e+00 8.552902898600573955e-01
4.504504504504504681e+00 8.305058385530884602e-01
4.654654654654654777e+00 7.957546341874475182e-01
4.804804804804804874e+00 7.873205427243876731e-01
4.954954954954954971e+00 7.786189445770104189e-01
5.105105105105105068e+00 7.938151372862355393e-01
5.255255255255255165e+00 8.445486854329312676e-01
5.405405405405405261e+00 8.648420644634343679e-01
5.555555555555555358e+00 8.395022833334881973e-01
5.705705705705705455e+00 8.493457137698683379e-01
5.855855855855855552e+00 9.159253936189498679e-01
6.006006006006005649e+00 9.382548003104982381e-01
6.156156156156156634e+00 9.312241548061878094e-01
6.306306306306306730e+00 9.279974440468566899e-01
6.456456456456456827e+00 9.404575047353839201e-01
6.606606606606606924e+00 9.113341539969436189e-01
6.756756756756757021e+00 9.215158235832796585e-01
6.906906906906907118e+00 9.243947177308866614e-01
7.057057057057057214e+00 9.065209048803304359e-01
7.207207207207207311e+00 8.831704172024943400e-01
7.357357357357357408e+00 8.771343708185592725e-01
7.507507507507507505e+00 8.644883581619942081e-01
7.657657657657657602e+00 8.886817203780241758e-01
7.807807807807807698e+00 9.202972424366298032e-01
7.957957957957957795e+00 9.168684179334979367e-01
8.108108108108108780e+00 8.950196665867443668e-01
8.258258258258258877e+00 9.226588457356921236e-01
8.408408408408408974e+00 9.610981690678047640e-01
8.558558558558559071e+00 9.641050573842421256e-01
8.708708708708709167e+00 9.544451481042768304e-01
8.858858858858859264e+00 9.601623622354753529e-01
9.009009009009009361e+00 9.637063517986190764e-01
9.159159159159159458e+00 9.474480299757882529e-01
9.309309309309309555e+00 9.488972971320918104e-01
9.459459459459459651e+00 9.458136182419158988e-01
9.609609609609609748e+00 9.387513872745669730e-01
9.759759759759759845e+00 9.233531063011359841e-01
9.909909909909909942e+00 9.165225505597600630e-01
1.006006006006006004e+01 9.037492236216594366e-01
1.021021021021021014e+01 9.333686535765783887e-01
1.036036036036036023e+01 9.493867918751407453e-01
1.051051051051051033e+01 9.374045380274537154e-01
1.066066066066066043e+01 9.172571158829854188e-01
1.081081081081081052e+01 9.545310433624066837e-01
1.096096096096096062e+01 9.729571659272497897e-01
1.111111111111111072e+01 9.682937140973539858e-01
1.126126126126126081e+01 9.562213603995515232e-01
1.141141141141141091e+01 9.703649694914172619e-01
1.156156156156156101e+01 9.683236550363094608e-01
1.171171171171171110e+01 9.593845590039975502e-01
1.186186186186186120e+01 9.546098755859404594e-01
1.201201201201201130e+01 9.555516210694591228e-01
1.216216216216216317e+01 9.528878507296728584e-01
1.231231231231231327e+01 9.423572903177919180e-01
1.246246246246246336e+01 9.330689053509543252e-01
1.261261261261261346e+01 9.320621981024950209e-01
1.276276276276276356e+01 9.542104491977786429e-01
1.291291291291291365e+01 9.569053786551273699e-01
1.306306306306306375e+01 9.445970268819617877e-01
1.321321321321321385e+01 9.335682640039498770e-01
1.336336336336336394e+01 9.672882978357852934e-01
1.351351351351351404e+01 9.719451451982011880e-01
1.366366366366366414e+01 9.652521357004605340e-01
1.381381381381381424e+01 9.510528117062685416e-01
1.396396396396396433e+01 9.726840311662184879e-01
1.411411411411411443e+01 9.664363747722349851e-01
1.426426426426426453e+01 9.614316909223752372e-01
1.441441441441441462e+01 9.521466756879263249e-01
1.456456456456456472e+01 9.610066586466458061e-01
1.471471471471471482e+01 9.583978051926770325e-01
1.486486486486486491e+01 9.503878140915132944e-01
1.501501501501501501e+01 9.388806509873913742e-01
1.516516516516516511e+01 9.485456239908238718e-01
1.531531531531531520e+01 9.627216492984268514e-01
1.546546546546546530e+01 9.586541099067634741e-01
1.561561561561561540e+01 9.459362364214782826e-01
1.576576576576576549e+01 9.496512101247656101e-01
1.591591591591591559e+01 9.712438992764863555e-01
1.606606606606606746e+01 9.689995152442975046e-01
1.621621621621621756e+01 9.602153065029217505e-01
1.636636636636636766e+01 9.548830109607515659e-01
1.651651651651651775e+01 9.724686948745678849e-01
1.666666666666666785e+01 9.644472448931994402e-01
1.681681681681681795e+01 9.595624920796756996e-01
1.696696696696696804e+01 9.475767124497715965e-01
1.711711711711711814e+01 9.648303786648594338e-01
1.726726726726726824e+01 9.593880687766115356e-01
1.741741741741741833e+01 9.531163689574385645e-01
1.756756756756756843e+01 9.394646116941814951e-01
1.771771771771771853e+01 9.588845183242745707e-01
1.786786786786786863e+01 9.650553361922329376e-01
1.801801801801801872e+01 9.583286869950962128e-01
1.816816816816816882e+01 9.445438325566569704e-01
1.831831831831831892e+01 9.597479556511088195e-01
1.846846846846846901e+01 9.713353174308108073e-01
1.861861861861861911e+01 9.657725138032710044e-01
1.876876876876876921e+01 9.549187570216549625e-01
1.891891891891891930e+01 9.607724209410194449e-01
1.906906906906906940e+01 9.715951029234276559e-01
1.921921921921921950e+01 9.641008297753780321e-01
1.936936936936936959e+01 9.561735027069018233e-01
1.951951951951951969e+01 9.538802733528075617e-01
1.966966966966966979e+01 9.673892381946663788e-01
1.981981981981981988e+01 9.606492501547811980e-01
1.996996996996996998e+01 9.530140243460741845e-01
2.012012012012012008e+01 9.425233264833059454e-01
2.027027027027027017e+01 9.651067724639194045e-01
2.042042042042042027e+01 9.639785050016713708e-01
2.057057057057057037e+01 9.567906399964971609e-01
2.072072072072072046e+01 9.416699397584737952e-01
2.087087087087087056e+01 9.657028401025349318e-01
2.102102102102102066e+01 9.691032581739353891e-01
2.117117117117117076e+01 9.624225313667529313e-01
2.132132132132132085e+01 9.496111729832392712e-01
2.147147147147147095e+01 9.649401072923389222e-01
2.162162162162162105e+01 9.696394156729849501e-01
2.177177177177177114e+01 9.624826064561095018e-01
2.192192192192192124e+01 9.519753451614400008e-01
2.207207207207207134e+01 9.593414064786703888e-01
2.222222222222222143e+01 9.679659875814987657e-01
2.237237237237237153e+01 9.608642978366169762e-01
2.252252252252252163e+01 9.510875523172184209e-01
2.267267267267267172e+01 9.518726228905555198e-01
2.282282282282282182e+01 9.678095624328408864e-01
2.297297297297297192e+01 9.632330106063280439e-01
2.312312312312312201e+01 9.542921615795347812e-01
2.327327327327327211e+01 9.469824908308582812e-01
2.342342342342342221e+01 9.685853998654337937e-01
2.357357357357357230e+01 9.658382604494590851e-01
2.372372372372372240e+01 9.589103142119130840e-01
2.387387387387387250e+01 9.441567581795927699e-01
2.402402402402402259e+01 9.676938595753008521e-01
2.417417417417417624e+01 9.662846850156243672e-01
2.432432432432432634e+01 9.601187228614507241e-01
2.447447447447447644e+01 9.472366519843173904e-01
2.462462462462462653e+01 9.639179138812515868e-01
2.477477477477477663e+01 9.667251679111469320e-01
2.492492492492492673e+01 9.599142980516446322e-01
2.507507507507507682e+01 9.479879389869260153e-01
2.522522522522522692e+01 9.592889985804815556e-01
2.537537537537537702e+01 9.681993069031339383e-01
2.552552552552552712e+01 9.619907163948694384e-01
2.567567567567567721e+01 9.511215406140304252e-01
2.582582582582582731e+01 9.556758656656806350e-01
2.597597597597597741e+01 9.696789114160017098e-01
2.612612612612612750e+01 9.643387522049469140e-01
2.627627627627627760e+01 9.552533855945657404e-01
2.642642642642642770e+01 9.518859501434729919e-01
2.657657657657657779e+01 9.695237636637098477e-01
2.672672672672672789e+01 9.644807456693751391e-01
2.687687687687687799e+01 9.572512541189200919e-01
2.702702702702702808e+01 9.457086382012593884e-01
2.717717717717717818e+01 9.674639257263780712e-01
2.732732732732732828e+01 9.642548373908804704e-01
2.747747747747747837e+01 9.581032395219457598e-01
2.762762762762762847e+01 9.441237566064984987e-01
2.777777777777777857e+01 9.647802276275269096e-01
2.792792792792792866e+01 9.670003414452259527e-01
2.807807807807807876e+01 9.601876120233316936e-01
2.822822822822822886e+01 9.474182208990068466e-01
2.837837837837837895e+01 9.621198287373158298e-01
2.852852852852852905e+01 9.691994686045372065e-01
2.867867867867867915e+01 9.624462267272518856e-01
2.882882882882882924e+01 9.513273458932935966e-01
2.897897897897897934e+01 9.586815712125147382e-01
2.912912912912912944e+01 9.698576260132129034e-01
2.927927927927927954e+01 9.632737966742731528e-01
2.942942942942942963e+01 9.538527181465874527e-01
2.957957957957957973e+01 9.534648149730087230e-01
2.972972972972972983e+01 9.691231315416870551e-01
2.987987987987987992e+01 9.635171192301411613e-01
3.003003003003003002e+01 9.554622987586433025e-01
3.018018018018018012e+01 9.469449138757084494e-01
3.033033033033033021e+01 9.678275524419885922e-01
3.048048048048048031e+01 9.643960682190180211e-01
3.063063063063063041e+01 9.577034945217418604e-01
3.078078078078078050e+01 9.430842426786830712e-01
3.093093093093093060e+01 9.661511825479901505e-01
3.108108108108108070e+01 9.667180509921736720e-01
3.123123123123123079e+01 9.600463719011992358e-01
3.138138138138138089e+01 9.469334497141941309e-01
3.153153153153153099e+01 9.636088700897419423e-01
3.168168168168168108e+01 9.682563943615180024e-01
3.183183183183183118e+01 9.614485365268033989e-01
3.198198198198198128e+01 9.498735369050403943e-01
3.213213213213213493e+01 9.597624378273353907e-01
3.228228228228228147e+01 9.688295509482112156e-01
3.243243243243243512e+01 9.623407265557496482e-01
3.258258258258258167e+01 9.521147958890677776e-01
3.273273273273273531e+01 9.549674915757073723e-01
3.288288288288288186e+01 9.689529007514000591e-01
3.303303303303303551e+01 9.635164647365227486e-01
3.318318318318318205e+01 9.546635576767993348e-01
3.333333333333333570e+01 9.497795686289828287e-01
3.348348348348348225e+01 9.685641276540163380e-01
3.363363363363363590e+01 9.645296183068836626e-01
3.378378378378378244e+01 9.572422263964825984e-01
3.393393393393393609e+01 9.440181508466125582e-01
3.408408408408408263e+01 9.672742709172362785e-01
3.423423423423423628e+01 9.653198528980975190e-01
3.438438438438438283e+01 9.591486350403374272e-01
3.453453453453453648e+01 9.454559032815567088e-01
3.468468468468468302e+01 9.648547130042934850e-01
3.483483483483483667e+01 9.672740688660368402e-01
3.498498498498498321e+01 9.606002560786771616e-01
3.513513513513513686e+01 9.482636005678926061e-01
3.528528528528528341e+01 9.615089314921775321e-01
3.543543543543543706e+01 9.687568660532659415e-01
3.558558558558558360e+01 9.620984996314513316e-01
3.573573573573573725e+01 9.511690831482835229e-01
3.588588588588588379e+01 9.574485572729964922e-01
3.603603603603603744e+01 9.695507089217072494e-01
3.618618618618618399e+01 9.633930704519438892e-01
3.633633633633633764e+01 9.540041778614053447e-01
3.648648648648648418e+01 9.525420904966390712e-01
3.663663663663663783e+01 9.693486036402768624e-01
3.678678678678678438e+01 9.641296006647936956e-01
3.693693693693693803e+01 9.563186400963952227e-01
3.708708708708708457e+01 9.465610762762165509e-01
3.723723723723723822e+01 9.680638615461003571e-01
3.738738738738738476e+01 9.645077875361135478e-01
3.753753753753753841e+01 9.582113074543974207e-01
3.768768768768768496e+01 9.439204941949016492e-01
3.783783783783783861e+01 9.658634517778631468e-01
3.798798798798798515e+01 9.668354487604898795e-01
3.813813813813813880e+01 9.600190484809724145e-01
3.828828828828828534e+01 9.471222213961573155e-01
3.843843843843843899e+01 9.628821291746565425e-01
3.858858858858859264e+01 9.685273801871899790e-01
3.873873873873873919e+01 9.616198503278785559e-01
3.888888888888889284e+01 9.501935219479312744e-01
3.903903903903903938e+01 9.590677182698351677e-01
3.918918918918919303e+01 9.692798348725830682e-01
3.933933933933933957e+01 9.627951097245879275e-01
3.948948948948949322e+01 9.528549107053648770e-01
3.963963963963963977e+01 9.543412212142899920e-01
3.978978978978979342e+01 9.691374428117265349e-01
3.993993993993993996e+01 9.636597996377099795e-01
4.009009009009009361e+01 9.551763672664153049e-01
4.024024024024024015e+01 9.487856663622855624e-01
4.039039039039039380e+01 9.682384455675259183e-01
4.054054054054054035e+01 9.643699345305823956e-01
4.069069069069069400e+01 9.573579112542971448e-01
4.084084084084084054e+01 9.425401203951923046e-01
4.099099099099099419e+01 9.666212377344176598e-01
4.114114114114114074e+01 9.657062465786168115e-01
4.129129129129129439e+01 9.593442921043509042e-01
4.144144144144144093e+01 9.458480769072437067e-01
4.159159159159159458e+01 9.642083555771792103e-01
4.174174174174174112e+01 9.676191412448931217e-01
4.189189189189189477e+01 9.609849684561257988e-01
4.204204204204204132e+01 9.489064729894726158e-01
4.219219219219219497e+01 9.608907257044315697e-01
4.234234234234234151e+01 9.688082887575631963e-01
4.249249249249249516e+01 9.623086791346275870e-01
4.264264264264264170e+01 9.516626696518329931e-01
4.279279279279279535e+01 9.566512329497542932e-01
4.294294294294294190e+01 9.693024904917966200e-01
4.309309309309309555e+01 9.634167362340583241e-01
4.324324324324324209e+01 9.542450928148236144e-01
4.339339339339339574e+01 9.515384870588360355e-01
4.354354354354354228e+01 9.690227672488443966e-01
4.369369369369369593e+01 9.642466406566130299e-01
4.384384384384384248e+01 9.566103197765234434e-01
4.399399399399399613e+01 9.455565125562055417e-01
4.414414414414414267e+01 9.678366821796255959e-01
4.429429429429429632e+01 9.648158042998506989e-01
4.444444444444444287e+01 9.586406855075032540e-01
4.459459459459459651e+01 9.445507275053788288e-01
4.474474474474474306e+01 9.656536741201149354e-01
4.489489489489489671e+01 9.671504244719927312e-01
4.504504504504504325e+01 9.603496790366968794e-01
4.519519519519519690e+01 9.476864067783492551e-01
4.534534534534534345e+01 9.624959558361947387e-01
4.549549549549549710e+01 9.687308008781589930e-01
4.564564564564564364e+01 9.618074674699552684e-01
4.579579579579579729e+01 9.506026510306573307e-01
4.594594594594594383e+01 9.584411621928747849e-01
4.609609609609609748e+01 9.694642241211055556e-01
4.624624624624624403e+01 9.629933131433877636e-01
4.639639639639639768e+01 9.532809665626432727e-01
4.654654654654654422e+01 9.535435381593222459e-01
4.669669669669669787e+01 9.692828655088572276e-01
4.684684684684684441e+01 9.638604487247418584e-01
4.699699699699699806e+01 9.556553624024783922e-01
4.714714714714714461e+01 9.478340098468995834e-01
4.729729729729729826e+01 9.681925945109872700e-01
4.744744744744744480e+01 9.644373784699543650e-01
4.759759759759759845e+01 9.577334390128791064e-01
4.774774774774774500e+01 9.431235383908634917e-01
4.789789789789789864e+01 9.662650015134189863e-01
4.804804804804804519e+01 9.661555861867536787e-01
4.819819819819819884e+01 9.595830139315797425e-01
4.834834834834835249e+01 9.463524183272943313e-01
4.849849849849849903e+01 9.635583970276641042e-01
4.864864864864865268e+01 9.679089115043740810e-01
4.879879879879879923e+01 9.611849849125752021e-01
4.894894894894895288e+01 9.493658443002908065e-01
4.909909909909909942e+01 9.600548709309155715e-01
4.924924924924925307e+01 9.689079568050683600e-01
4.939939939939939961e+01 9.625021466732844866e-01
4.954954954954955326e+01 9.521208049819709363e-01
4.969969969969969981e+01 9.557193902564026233e-01
4.984984984984985346e+01 9.691664006131357478e-01
5.000000000000000000e+01 9.635420460035016843e-01
5.015015015015015365e+01 9.546295651133173132e-01
5.030030030030030019e+01 9.505188062592756504e-01
5.045045045045045384e+01 9.686706804961958683e-01
5.060060060060060039e+01 9.643064474204096070e-01
5.075075075075075404e+01 9.569008430192053050e-01
5.090090090090090058e+01 9.444537435028053096e-01
5.105105105105105423e+01 9.673672059004307933e-01
5.120120120120120077e+01 9.651047694912789909e-01
5.135135135135135442e+01 9.589140975584573567e-01
5.150150150150150097e+01 9.450339230010735836e-01
5.165165165165165462e+01 9.651668339445304001e-01
5.180180180180180116e+01 9.673356393311230983e-01
5.195195195195195481e+01 9.606291505564604760e-01
5.210210210210210136e+01 9.481735226682159734e-01
5.225225225225225500e+01 9.619984046686291812e-01
5.240240240240240155e+01 9.688333149873746830e-01
5.255255255255255520e+01 9.620472105037521926e-01
5.270270270270270174e+01 9.510544249659640403e-01
5.285285285285285539e+01 9.578634341450822376e-01
5.300300300300300194e+01 9.695218351746621721e-01
5.315315315315315559e+01 9.631855651899334791e-01
5.330330330330330213e+01 9.536945496239283004e-01
5.345345345345345578e+01 9.528172038341992112e-01
5.360360360360360232e+01 9.693094909303040518e-01
5.375375375375375597e+01 9.640183257702236164e-01
5.390390390390390252e+01 9.560538747944988813e-01
5.405405405405405617e+01 9.469172906774712128e-01
5.420420420420420271e+01 9.681476320522319767e-01
5.435435435435435636e+01 9.645481593375032636e-01
5.450450450450450290e+01 9.581174325928636382e-01
5.465465465465465655e+01 9.437235071625990068e-01
5.480480480480480310e+01 9.660562794152673938e-01
5.495495495495495675e+01 9.666530473401211410e-01
5.510510510510510329e+01 9.599003541262831618e-01
5.525525525525525694e+01 9.469183941105591140e-01
5.540540540540540349e+01 9.630927448555293147e-01
5.555555555555555713e+01 9.682849998831682958e-01
5.570570570570570368e+01 9.614191364552446828e-01
5.585585585585585733e+01 9.498674625209455602e-01
5.600600600600600387e+01 9.593180808448180663e-01
5.615615615615615752e+01 9.691070235319273474e-01
5.630630630630630407e+01 9.626728317310225824e-01
5.645645645645645772e+01 9.525697948484094235e-01
5.660660660660660426e+01 9.547599979519038049e-01
5.675675675675675791e+01 9.691310859719450832e-01
5.690690690690690445e+01 9.636514809186413899e-01
5.705705705705705810e+01 9.550171684134634020e-01
5.720720720720720465e+01 9.494040262248626405e-01
5.735735735735735830e+01 9.683789059943396227e-01
5.750750750750750484e+01 9.643573588311721290e-01
5.765765765765765849e+01 9.572160683926892455e-01
5.780780780780781214e+01 9.432349421430573644e-01
5.795795795795795868e+01 9.668535775436489788e-01
5.810810810810811233e+01 9.654463917805746753e-01
5.825825825825825888e+01 9.591699428648020609e-01
5.840840840840841253e+01 9.455386547315431933e-01
5.855855855855855907e+01 9.645168077243609916e-01
5.870870870870871272e+01 9.674891614903358139e-01
5.885885885885885926e+01 9.608557407943396633e-01
5.900900900900901291e+01 9.486311334816843743e-01
5.915915915915915946e+01 9.612936262580769053e-01
5.930930930930931311e+01 9.688332942712347684e-01
5.945945945945945965e+01 9.622540137823926143e-01
5.960960960960961330e+01 9.514811904617226368e-01
5.975975975975975985e+01 9.571447264582232384e-01
5.990990990990991349e+01 9.694172235380993374e-01
6.006006006006006004e+01 9.633514498988281494e-01
6.021021021021021369e+01 9.540764741563780849e-01
6.036036036036036023e+01 9.520261689269858829e-01
6.051051051051051388e+01 9.691527011226501731e-01
6.066066066066066043e+01 9.641538898586274886e-01
6.081081081081081408e+01 9.564070798795394346e-01
6.096096096096096062e+01 9.460137368662225876e-01
6.111111111111111427e+01 9.679736559761031867e-01
6.126126126126126081e+01 9.646602066711120749e-01
6.141141141141141446e+01 9.584677282613947025e-01
6.156156156156156101e+01 9.442665140903843124e-01
6.171171171171171466e+01 9.658313208815053619e-01
6.186186186186186120e+01 9.670408917160855378e-01
6.201201201201201485e+01 9.602236115684134043e-01
6.216216216216216139e+01 9.474575496089224780e-01
6.231231231231231504e+01 9.627266142925716697e-01
6.246246246246246159e+01 9.686221915385818670e-01
6.261261261261261524e+01 9.616793804602455920e-01
6.276276276276276178e+01 9.503707703440844590e-01
6.291291291291291543e+01 9.587226619903184144e-01
6.306306306306306197e+01 9.693495080443259582e-01
6.321321321321321562e+01 9.628635740069741988e-01
6.336336336336336217e+01 9.530271695900818241e-01
6.351351351351351582e+01 9.539088482290239979e-01
6.366366366366366236e+01 9.692110446386037470e-01
6.381381381381381601e+01 9.637771909458905384e-01
6.396396396396396256e+01 9.554253525044271722e-01
6.411411411411411621e+01 9.483225563656813017e-01
6.426426426426426985e+01 9.682278952934073590e-01
6.441441441441440929e+01 9.644186468270867785e-01
6.456456456456456294e+01 9.575641351213699526e-01
6.471471471471471659e+01 9.428301532544414165e-01
6.486486486486487024e+01 9.664382770644558418e-01
6.501501501501500968e+01 9.659021347087408671e-01
6.516516516516516333e+01 9.594447847249792938e-01
6.531531531531531698e+01 9.460836437831466883e-01
6.546546546546547063e+01 9.638591243938310349e-01
6.561561561561561007e+01 9.677292250987803435e-01
6.576576576576576372e+01 9.610627515882809169e-01
6.591591591591591737e+01 9.491026355965995753e-01
6.606606606606607102e+01 9.604661020156785023e-01
6.621621621621621046e+01 9.688479992689654763e-01
6.636636636636636410e+01 9.624163596828518852e-01
6.651651651651651775e+01 9.518921758655503051e-01
6.666666666666667140e+01 9.562221737195611970e-01
6.681681681681681084e+01 9.692413110854973812e-01
6.696696696696696449e+01 9.634912259578899407e-01
6.711711711711711814e+01 9.544467539896928088e-01
6.726726726726727179e+01 9.510798883954528771e-01
6.741741741741742544e+01 9.688542008215617063e-01
6.756756756756756488e+01 9.642668082452150458e-01
6.771771771771771853e+01 9.567420789785842095e-01
6.786786786786787218e+01 9.450267989983899275e-01
6.801801801801802583e+01 9.676106468015874817e-01
6.816816816816816527e+01 9.649503104427950007e-01
6.831831831831831892e+01 9.587673040481983211e-01
6.846846846846847257e+01 9.447703911046771985e-01
6.861861861861862621e+01 9.654396238823589327e-01
6.876876876876876565e+01 9.672613407192479640e-01
6.891891891891891930e+01 9.605019632339454327e-01
6.906906906906907295e+01 9.479355392596576779e-01
6.921921921921922660e+01 9.622897292540449898e-01
6.936936936936936604e+01 9.688099492146325931e-01
6.951951951951951969e+01 9.619374800179800733e-01
6.966966966966967334e+01 9.508397643790534870e-01
6.981981981981982699e+01 9.581836275571450345e-01
6.996996996996996643e+01 9.695122900053617654e-01
7.012012012012012008e+01 9.630802984002879708e-01
7.027027027027027373e+01 9.534804503181711910e-01
7.042042042042042738e+01 9.531840863381223494e-01
7.057057057057056682e+01 9.693038122230676068e-01
7.072072072072072046e+01 9.639286766853353283e-01
7.087087087087087411e+01 9.558415395646118196e-01
7.102102102102102776e+01 9.473687192852220385e-01
7.117117117117116720e+01 9.681742188328766874e-01
7.132132132132132085e+01 9.644935916058763326e-01
7.147147147147147450e+01 9.579249301042394027e-01
7.162162162162162815e+01 9.434229314732798244e-01
7.177177177177176759e+01 9.661603165358737533e-01
7.192192192192192124e+01 9.664073101688189782e-01
7.207207207207207489e+01 9.597383027524675203e-01
7.222222222222222854e+01 9.466342494263279006e-01
7.237237237237236798e+01 9.633142140396502295e-01
7.252252252252252163e+01 9.680861392390434084e-01
7.267267267267267528e+01 9.612926104855299414e-01
7.282282282282282893e+01 9.496059247528658709e-01
7.297297297297296836e+01 9.596766546153912003e-01
7.312312312312312201e+01 9.689895540535150564e-01
7.327327327327327566e+01 9.625807190237852806e-01
7.342342342342342931e+01 9.523323385769663085e-01
7.357357357357356875e+01 9.552382991159618086e-01
7.372372372372372240e+01 9.691347458830724682e-01
7.387387387387387605e+01 9.636026531227646075e-01
7.402402402402402970e+01 9.548215466243722416e-01
7.417417417417416914e+01 9.499904884131521454e-01
7.432432432432432279e+01 9.685221094597140645e-01
7.447447447447447644e+01 9.643345132072391745e-01
7.462462462462463009e+01 9.570566526206184532e-01
7.477477477477476953e+01 9.438835828123534055e-01
7.492492492492492318e+01 9.671131883745275326e-01
7.507507507507507682e+01 9.652485812892618311e-01
7.522522522522523047e+01 9.590292844675422090e-01
7.537537537537536991e+01 9.452664648838655648e-01
7.552552552552552356e+01 9.648532599327095394e-01
7.567567567567567721e+01 9.674013377284700343e-01
7.582582582582583086e+01 9.607390469179526438e-01
7.597597597597597030e+01 9.483876895051847056e-01
7.612612612612612395e+01 9.616781730140708806e-01
7.627627627627627760e+01 9.688459374155389270e-01
7.642642642642643125e+01 9.621616074380111572e-01
7.657657657657657069e+01 9.512731906791374037e-01
7.672672672672672434e+01 9.575440598830263772e-01
7.687687687687687799e+01 9.694932676622182166e-01
7.702702702702703164e+01 9.632744337098897436e-01
7.717717717717718529e+01 9.538895637624477120e-01
7.732732732732732472e+01 9.524551806778775997e-01
7.747747747747747837e+01 9.692568690595684266e-01
7.762762762762763202e+01 9.640833974788609595e-01
7.777777777777778567e+01 9.562271876493891876e-01
7.792792792792792511e+01 9.464931830823596348e-01
7.807807807807807876e+01 9.680832301130498641e-01
7.822822822822823241e+01 9.645940784759872155e-01
7.837837837837838606e+01 9.582835504976296992e-01
7.852852852852852550e+01 9.439840600601524523e-01
7.867867867867867915e+01 9.659503974361691725e-01
7.882882882882883280e+01 9.668587194789758366e-01
7.897897897897898645e+01 9.600559743626805309e-01
7.912912912912912589e+01 9.471788992476632973e-01
7.927927927927927954e+01 9.629126515316226431e-01
7.942942942942943318e+01 9.684691748799156841e-01
7.957957957957958683e+01 9.615519755102727162e-01
7.972972972972972627e+01 9.501223178511339906e-01
7.987987987987987992e+01 9.590235273785180370e-01
8.003003003003003357e+01 9.692309629592563702e-01
8.018018018018018722e+01 9.627632072819124476e-01
8.033033033033032666e+01 9.527954704406715880e-01
8.048048048048048031e+01 9.543276623970703421e-01
8.063063063063063396e+01 9.691560602255013812e-01
8.078078078078078761e+01 9.637055537007176431e-01
8.093093093093092705e+01 9.552080432810122756e-01
8.108108108108108070e+01 9.488620046092681726e-01
8.123123123123123435e+01 9.682863954674379992e-01
8.138138138138138800e+01 9.643875037931886052e-01
8.153153153153152743e+01 9.573829676757918961e-01
8.168168168168168108e+01 9.426289826690402718e-01
8.183183183183183473e+01 9.666377009994894243e-01
8.198198198198198838e+01 9.656560960681810357e-01
8.213213213213212782e+01 9.593023665702709035e-01
8.228228228228228147e+01 9.458027193182850789e-01
8.243243243243243512e+01 9.641876171512838711e-01
8.258258258258258877e+01 9.675893522143974579e-01
8.273273273273272821e+01 9.609548262514118200e-01
8.288288288288288186e+01 9.488551020463272812e-01
8.303303303303303551e+01 9.608978206435232483e-01
8.318318318318318916e+01 9.688300557710889382e-01
8.333333333333332860e+01 9.623361314482633544e-01
8.348348348348348225e+01 9.516794548474678539e-01
8.363363363363363590e+01 9.567103531955326590e-01
8.378378378378378954e+01 9.693339909299810708e-01
8.393393393393392898e+01 9.634292659340315534e-01
8.408408408408408263e+01 9.542615669823129032e-01
8.423423423423423628e+01 9.515849615122633498e-01
8.438438438438438993e+01 9.690266396540343496e-01
8.453453453453452937e+01 9.642229927595200589e-01
8.468468468468468302e+01 9.565823695864729137e-01
8.483483483483483667e+01 9.455697472313484564e-01
8.498498498498499032e+01 9.678286259746680109e-01
8.513513513513512976e+01 9.647987361940342232e-01
8.528528528528528341e+01 9.586180013040086489e-01
8.543543543543543706e+01 9.445162000992990414e-01
8.558558558558559071e+01 9.656586755251486132e-01
8.573573573573573015e+01 9.671589784291030334e-01
8.588588588588588379e+01 9.603570020045736344e-01
8.603603603603603744e+01 9.476855486767903347e-01
8.618618618618619109e+01 9.625268592956813807e-01
8.633633633633633053e+01 9.687374109485266116e-01
8.648648648648648418e+01 9.618109056275084834e-01
8.663663663663663783e+01 9.506060125280196837e-01
8.678678678678679148e+01 9.584630666805993293e-01
8.693693693693694513e+01 9.694532346679068935e-01
8.708708708708708457e+01 9.629761624374306717e-01
8.723723723723723822e+01 9.532581057071844999e-01
8.738738738738739187e+01 9.535550688213263459e-01
8.753753753753754552e+01 9.692702684853239381e-01
8.768768768768768496e+01 9.638505487023938390e-01
8.783783783783783861e+01 9.556337441157018997e-01
8.798798798798799226e+01 9.478513631698853859e-01
8.813813813813814591e+01 9.681949897106240099e-01
8.828828828828828534e+01 9.644432886788323334e-01
8.843843843843843899e+01 9.577307644047647894e-01
8.858858858858859264e+01 9.431142768842331048e-01
8.873873873873874629e+01 9.662793424559047439e-01
8.888888888888888573e+01 9.661432478040240523e-01
8.903903903903903938e+01 9.595785235184799422e-01
8.918918918918919303e+01 9.463424521566392578e-01
8.933933933933934668e+01 9.635733782338374853e-01
8.948948948948948612e+01 9.678961959550501648e-01
8.963963963963963977e+01 9.611761600833620411e-01
8.978978978978979342e+01 9.493487374502970200e-01
8.993993993993994707e+01 9.600762653795089641e-01
9.009009009009008651e+01 9.689034393367711440e-01
9.024024024024024015e+01 9.624971436852427509e-01
9.039039039039039380e+01 9.521069411948631656e-01
9.054054054054054745e+01 9.557505144604830916e-01
9.069069069069068689e+01 9.691706286227176337e-01
9.084084084084084054e+01 9.635389939811369597e-01
9.099099099099099419e+01 9.546189580475963332e-01
9.114114114114114784e+01 9.505568922405548404e-01
9.129129129129128728e+01 9.686805449469287899e-01
9.144144144144144093e+01 9.643003657705495613e-01
9.159159159159159458e+01 9.568885459133630311e-01
9.174174174174174823e+01 9.444855619405511105e-01
9.189189189189188767e+01 9.673779365417782827e-01
9.204204204204204132e+01 9.650924631507723506e-01
9.219219219219219497e+01 9.589021022705229713e-01
9.234234234234234862e+01 9.450143768929878396e-01
9.249249249249248805e+01 9.651777586370058337e-01
9.264264264264264170e+01 9.673362239479766922e-01
9.279279279279279535e+01 9.606272305462787431e-01
9.294294294294294900e+01 9.481626840728524241e-01
9.309309309309308844e+01 9.620215961664729809e-01
9.324324324324324209e+01 9.688416163689029803e-01
9.339339339339339574e+01 9.620505446739568978e-01
9.354354354354354939e+01 9.510543190935462077e-01
9.369369369369368883e+01 9.578926744944388227e-01
9.384384384384384248e+01 9.695222030401289270e-01
9.399399399399399613e+01 9.631744861712282502e-01
9.414414414414414978e+01 9.536796984871704908e-01
9.429429429429428922e+01 9.528318930279346954e-01
9.444444444444444287e+01 9.693028574688249410e-01
9.459459459459459651e+01 9.640082796630284889e-01
9.474474474474475016e+01 9.560347499446955055e-01
9.489489489489488960e+01 9.469378595793001008e-01
9.504504504504504325e+01 9.681492386466673539e-01
9.519519519519519690e+01 9.645485777748712408e-01
9.534534534534535055e+01 9.581087535692768276e-01
9.549549549549548999e+01 9.437077455361355671e-01
9.564564564564564364e+01 9.660653232615172836e-01
9.579579579579579729e+01 9.666441566314591949e-01
9.594594594594595094e+01 9.598957911141331456e-01
9.609609609609609038e+01 9.469064116258267827e-01
9.624624624624624403e+01 9.631099987059844603e-01
9.639639639639639768e+01 9.682773709816365759e-01
9.654654654654655133e+01 9.614153794187629831e-01
9.669669669669670498e+01 9.498582538828340693e-01
9.684684684684684441e+01 9.593402995146206313e-01
9.699699699699699806e+01 9.690965585996540455e-01
9.714714714714715171e+01 9.626621525968513948e-01
9.729729729729730536e+01 9.525512355423266797e-01
9.744744744744744480e+01 9.547823219935498429e-01
9.759759759759759845e+01 9.691263762013864191e-01
9.774774774774775210e+01 9.636466061566738572e-01
9.789789789789790575e+01 9.550021676900041223e-01
9.804804804804804519e+01 9.494357948336880071e-01
9.819819819819819884e+01 9.683867955201613809e-01
9.834834834834835249e+01 9.643582449055942973e-01
9.849849849849850614e+01 9.572087633153786301e-01
9.864864864864864558e+01 9.432748828420400855e-01
9.879879879879879923e+01 9.668695052133164936e-01
9.894894894894895288e+01 9.654344005526227512e-01
9.909909909909910652e+01 9.591634568920995862e-01
9.924924924924924596e+01 9.455269190942470203e-01
9.939939939939939961e+01 9.645382459155419363e-01
9.954954954954955326e+01 9.674732726842745212e-01
9.969969969969970691e+01 9.608378277523826894e-01
9.984984984984984635e+01 9.486083979263957300e-01
1.000000000000000000e+02 9.613055376624245474e-01
1.001501501501501536e+02 9.688213724513570213e-01
1.003003003003003073e+02 9.622367590446863073e-01
1.004504504504504467e+02 9.514522805333633926e-01
1.006006006006006004e+02 9.571479542901198956e-01
1.007507507507507540e+02 9.694272125282037411e-01
1.009009009009009077e+02 9.633643696677332002e-01
1.010510510510510471e+02 9.540786121407286435e-01
1.012012012012012008e+02 9.520662628179551445e-01
1.013513513513513544e+02 9.691791213413063488e-01
1.015015015015015081e+02 9.641640823106724101e-01
1.016516516516516475e+02 9.564171032519460658e-01
1.018018018018018012e+02 9.460686746455814200e-01
1.019519519519519548e+02 9.679860323125653032e-01
1.021021021021021085e+02 9.646421119899806218e-01
1.022522522522522479e+02 9.584441366242512084e-01
1.024024024024024015e+02 9.442380037136881565e-01
1.025525525525525552e+02 9.658259255708835367e-01
1.027027027027027088e+02 9.670245751773096643e-01
1.028528528528528483e+02 9.602055341890796125e-01
1.030030030030030019e+02 9.474287682583729664e-01
1.031531531531531556e+02 9.627323210270890552e-01
1.033033033033033092e+02 9.686230262457385942e-01
1.034534534534534487e+02 9.616831834486306851e-01
1.036036036036036023e+02 9.503665854848609706e-01
1.037537537537537560e+02 9.587438715994877070e-01
1.039039039039039096e+02 9.693541218969103923e-01
1.040540540540540491e+02 9.628696521713331347e-01
1.042042042042042027e+02 9.530287414057075912e-01
1.043543543543543564e+02 9.539451402965984927e-01
1.045045045045045100e+02 9.692104756340601535e-01
1.046546546546546494e+02 9.637679468559152696e-01
1.048048048048048031e+02 9.554110596977523073e-01
1.049549549549549567e+02 9.483527415561188167e-01
1.051051051051051104e+02 9.682221091033390570e-01
1.052552552552552498e+02 9.644070292279863787e-01
1.054054054054054035e+02 9.575420343436972237e-01
1.055555555555555571e+02 9.427985871737696311e-01
1.057057057057057108e+02 9.664419479793405765e-01
1.058558558558558644e+02 9.658907541889125703e-01
1.060060060060060039e+02 9.594382382376664964e-01
1.061561561561561575e+02 9.460666504483968842e-01
1.063063063063063112e+02 9.638820641642890097e-01
1.064564564564564648e+02 9.677270334273103680e-01
1.066066066066066043e+02 9.610641241066900653e-01
1.067567567567567579e+02 9.490974849279910641e-01
1.069069069069069116e+02 9.604982403630731858e-01
1.070570570570570652e+02 9.688454394164921490e-01
1.072072072072072046e+02 9.624085226546709171e-01
1.073573573573573583e+02 9.518783136664965561e-01
1.075075075075075119e+02 9.562482153934879214e-01
1.076576576576576656e+02 9.692403274923024892e-01
1.078078078078078050e+02 9.634820631186178375e-01
1.079579579579579587e+02 9.544279563833950597e-01
1.081081081081081123e+02 9.511044162747164243e-01
1.082582582582582660e+02 9.688640415990072974e-01
1.084084084084084054e+02 9.642680675157849768e-01
1.085585585585585591e+02 9.567352119649763509e-01
1.087087087087087127e+02 9.450670896944246557e-01
1.088588588588588664e+02 9.676294625808664618e-01
1.090090090090090058e+02 9.649419130135522549e-01
1.091591591591591595e+02 9.587610078794701618e-01
1.093093093093093131e+02 9.447599143974195757e-01
1.094594594594594668e+02 9.654514733317359765e-01
1.096096096096096062e+02 9.672526415716666826e-01
1.097597597597597598e+02 9.604897742060739541e-01
1.099099099099099135e+02 9.479164382173351777e-01
1.100600600600600671e+02 9.623018401604570560e-01
1.102102102102102066e+02 9.688066593057800269e-01
1.103603603603603602e+02 9.619306556256993490e-01
1.105105105105105139e+02 9.508263978308509889e-01
1.106606606606606675e+02 9.581996209270154941e-01
1.108108108108108070e+02 9.695116765108039436e-01
1.109609609609609606e+02 9.630767915556720515e-01
1.111111111111111143e+02 9.534704512635148177e-01
1.112612612612612679e+02 9.532056910330868327e-01
1.114114114114114074e+02 9.693045927743857426e-01
1.115615615615615610e+02 9.639262567402632209e-01
1.117117117117117147e+02 9.558320512361248023e-01
1.118618618618618683e+02 9.474006440132390905e-01
1.120120120120120077e+02 9.681774543851694448e-01
1.121621621621621614e+02 9.644897874541539240e-01
1.123123123123123150e+02 9.579122230584173892e-01
1.124624624624624687e+02 9.434032712559601297e-01
1.126126126126126081e+02 9.661655576774159648e-01
1.127627627627627618e+02 9.663948555231282045e-01
1.129129129129129154e+02 9.597313051564758668e-01
1.130630630630630691e+02 9.466193232172551708e-01
1.132132132132132085e+02 9.633301007653902737e-01
1.133633633633633622e+02 9.680777442025275681e-01
1.135135135135135158e+02 9.612888872703819754e-01
1.136636636636636695e+02 9.495937006289041360e-01
1.138138138138138089e+02 9.597019715089555314e-01
1.139639639639639626e+02 9.689862953226321407e-01
1.141141141141141162e+02 9.625780692568549624e-01
1.142642642642642699e+02 9.523235393525220083e-01
1.144144144144144093e+02 9.552720930508088459e-01
1.145645645645645629e+02 9.691328163603841750e-01
1.147147147147147166e+02 9.635916604974608113e-01
1.148648648648648702e+02 9.548060166750239608e-01
1.150150150150150097e+02 9.500267085318158111e-01
1.151651651651651633e+02 9.685202910485570804e-01
1.153153153153153170e+02 9.643187785522852051e-01
1.154654654654654706e+02 9.570298509852951385e-01
1.156156156156156243e+02 9.438986188991681514e-01
1.157657657657657637e+02 9.671200306654946788e-01
1.159159159159159174e+02 9.652456320339939388e-01
1.160660660660660710e+02 9.590253237721896307e-01
1.162162162162162247e+02 9.452507461511623355e-01
1.163663663663663641e+02 9.648817690357613941e-01
1.165165165165165178e+02 9.674104719760576732e-01
1.166666666666666714e+02 9.607471573467217807e-01
1.168168168168168251e+02 9.483915041276460567e-01
1.169669669669669645e+02 9.617120080690613193e-01
1.171171171171171181e+02 9.688467087875558548e-01
1.172672672672672718e+02 9.621525617527175722e-01
1.174174174174174254e+02 9.512612483304494493e-01
1.175675675675675649e+02 9.575623166954397858e-01
1.177177177177177185e+02 9.694872718597168371e-01
1.178678678678678722e+02 9.632592570710886148e-01
1.180180180180180258e+02 9.538665132621719778e-01
1.181681681681681653e+02 9.524665544848543997e-01
1.183183183183183189e+02 9.692567727879368711e-01
1.184684684684684726e+02 9.640811054865801033e-01
1.186186186186186262e+02 9.562157455385410509e-01
1.187687687687687657e+02 9.465083888837939607e-01
1.189189189189189193e+02 9.680915599161910023e-01
1.190690690690690730e+02 9.646035752622555970e-01
1.192192192192192266e+02 9.582845052395392305e-01
1.193693693693693660e+02 9.439788814325964506e-01
1.195195195195195197e+02 9.659688715957832628e-01
1.196696696696696733e+02 9.668504672245695764e-01
1.198198198198198270e+02 9.600515709098845774e-01
1.199699699699699664e+02 9.471724770381020342e-01
1.201201201201201201e+02 9.629225336473796748e-01
1.202702702702702737e+02 9.684511563668533052e-01
1.204204204204204274e+02 9.615351465473688242e-01
1.205705705705705668e+02 9.500978462141944636e-01
1.207207207207207205e+02 9.590330438694919524e-01
1.208708708708708741e+02 9.692190870269646874e-01
1.210210210210210278e+02 9.627556096171713262e-01
1.211711711711711672e+02 9.527771726496316873e-01
1.213213213213213209e+02 9.543501250315650219e-01
1.214714714714714745e+02 9.691573840699654330e-01
1.216216216216216282e+02 9.637080077846238435e-01
1.217717717717717676e+02 9.552022594469308236e-01
1.219219219219219212e+02 9.489010351043951630e-01
1.220720720720720749e+02 9.682953427992638806e-01
1.222222222222222285e+02 9.643857543304514834e-01
1.223723723723723680e+02 9.573751345928319667e-01
1.225225225225225216e+02 9.426695093668732151e-01
1.226726726726726753e+02 9.666478934113031940e-01
1.228228228228228289e+02 9.656368215373425379e-01
1.229729729729729684e+02 9.592882314212795025e-01
1.231231231231231220e+02 9.457802079318597954e-01
1.232732732732732757e+02 9.641997082238209504e-01
1.234234234234234293e+02 9.675839678413628020e-01
1.235735735735735688e+02 9.609510856852527816e-01
1.237237237237237224e+02 9.488402997190614752e-01
1.238738738738738761e+02 9.609244473526921126e-01
1.240240240240240297e+02 9.688395215854572751e-01
1.241741741741741691e+02 9.623430805044503877e-01
1.243243243243243228e+02 9.516802850295873473e-01
1.244744744744744764e+02 9.567500702997956408e-01
1.246246246246246301e+02 9.693433909072124433e-01
1.247747747747747695e+02 9.634235420257039051e-01
1.249249249249249232e+02 9.542528501673716024e-01
1.250750750750750768e+02 9.516218169108501268e-01
1.252252252252252305e+02 9.690278293235842222e-01
1.253753753753753841e+02 9.642038558712912044e-01
1.255255255255255236e+02 9.565579392853018614e-01
1.256756756756756772e+02 9.455800634662729909e-01
1.258258258258258309e+02 9.678249481142168209e-01
1.259759759759759845e+02 9.647883607779268456e-01
1.261261261261261239e+02 9.586019919605744954e-01
1.262762762762762776e+02 9.444891350597921509e-01
1.264264264264264312e+02 9.656737255195112501e-01
1.265765765765765849e+02 9.671607953154346404e-01
1.267267267267267243e+02 9.603574233608281885e-01
1.268768768768768780e+02 9.476792908216398192e-01
1.270270270270270316e+02 9.625485703991447650e-01
1.271771771771771853e+02 9.687374708438363236e-01
1.273273273273273247e+02 9.618083351149276927e-01
1.274774774774774784e+02 9.506002708533656254e-01
1.276276276276276320e+02 9.584874664452153192e-01
1.277777777777777857e+02 9.694432997743815950e-01
1.279279279279279251e+02 9.629599822817493937e-01
1.280780780780780788e+02 9.532348272079594897e-01
1.282282282282282324e+02 9.535652919800906568e-01
1.283783783783783861e+02 9.692605937490010870e-01
1.285285285285285397e+02 9.638451343585764386e-01
1.286786786786786934e+02 9.556163948145613984e-01
1.288288288288288186e+02 9.478730769747647500e-01
1.289789789789789722e+02 9.682012583239797410e-01
1.291291291291291259e+02 9.644521509092320866e-01
1.292792792792792795e+02 9.577306284328704900e-01
1.294294294294294332e+02 9.431073578207133101e-01
1.295795795795795868e+02 9.662960511557333598e-01
1.297297297297297405e+02 9.661320291096204826e-01
1.298798798798798941e+02 9.595757557715342001e-01
1.300300300300300194e+02 9.463355625331955068e-01
1.301801801801801730e+02 9.635918050976537419e-01
1.303303303303303267e+02 9.678786542771262713e-01
1.304804804804804803e+02 9.611611296153579342e-01
1.306306306306306340e+02 9.493262680552870814e-01
1.307807807807807876e+02 9.600902977511261982e-01
1.309309309309309413e+02 9.688933486608538592e-01
1.310810810810810949e+02 9.624889107309282377e-01
1.312312312312312201e+02 9.520877335691976251e-01
1.313813813813813738e+02 9.557745704720194135e-01
1.315315315315315274e+02 9.691775313216255405e-01
1.316816816816816811e+02 9.635426967648960117e-01
1.318318318318318347e+02 9.546143876369096448e-01
1.319819819819819884e+02 9.505958965291685381e-01
1.321321321321321420e+02 9.686962270103076644e-01
1.322822822822822957e+02 9.642987439204664391e-01
1.324324324324324209e+02 9.568857103823290577e-01
1.325825825825825746e+02 9.445277673087002501e-01
1.327327327327327282e+02 9.673875751021138170e-01
1.328828828828828819e+02 9.650708248438603087e-01
1.330330330330330355e+02 9.588803125351934575e-01
1.331831831831831892e+02 9.449844059817923414e-01
1.333333333333333428e+02 9.651849959476344054e-01
1.334834834834834965e+02 9.673296716681821783e-01
1.336336336336336217e+02 9.606162875686546920e-01
1.337837837837837753e+02 9.481405284032443648e-01
1.339339339339339290e+02 9.620406723212397981e-01
1.340840840840840826e+02 9.688510940311846342e-01
1.342342342342342363e+02 9.620563668818229441e-01
1.343843843843843899e+02 9.510548065977996179e-01
1.345345345345345436e+02 9.579216202562111926e-01
1.346846846846846972e+02 9.695286078468834390e-01
1.348348348348348509e+02 9.631717936356459786e-01
1.349849849849849761e+02 9.536719948380277811e-01
1.351351351351351298e+02 9.528532444776879329e-01
1.352852852852852834e+02 9.693041401044392158e-01
1.354354354354354371e+02 9.640033044449403121e-01
1.355855855855855907e+02 9.560232457908749426e-01
1.357357357357357444e+02 9.469631962594867725e-01
1.358858858858858980e+02 9.681508937903290368e-01
1.360360360360360517e+02 9.645443411852487881e-01
1.361861861861861769e+02 9.580979285660649047e-01
1.363363363363363305e+02 9.436917649428723243e-01
1.364864864864864842e+02 9.660710349618139015e-01
1.366366366366366378e+02 9.666259542636717050e-01
1.367867867867867915e+02 9.598818781434427239e-01
1.369369369369369451e+02 9.468876526322755893e-01
1.370870870870870988e+02 9.631154296979336227e-01
1.372372372372372524e+02 9.682589976930988662e-01
1.373873873873873777e+02 9.614008399620542766e-01
1.375375375375375313e+02 9.498341509846857100e-01
1.376876876876876850e+02 9.593522388075178542e-01
1.378378378378378386e+02 9.690913165620755887e-01
1.379879879879879923e+02 9.626621544809144115e-01
1.381381381381381459e+02 9.525422606092494027e-01
1.382882882882882996e+02 9.548148003567321629e-01
1.384384384384384532e+02 9.691300634792080482e-01
1.385885885885885784e+02 9.636459268848848181e-01
1.387387387387387321e+02 9.549949700947731879e-01
1.388888888888888857e+02 9.494698503293066416e-01
1.390390390390390394e+02 9.683929756606561856e-01
1.391891891891891930e+02 9.643551506207369561e-01
1.393393393393393467e+02 9.571975897656889165e-01
1.394894894894895003e+02 9.433122182923127097e-01
1.396396396396396540e+02 9.668830012175926303e-01
1.397897897897897792e+02 9.654215571333346624e-01
1.399399399399399329e+02 9.591529431438562403e-01
1.400900900900900865e+02 9.455058702439802509e-01
1.402402402402402402e+02 9.645561213781520538e-01
1.403903903903903938e+02 9.674782867197021519e-01
1.405405405405405475e+02 9.608425686847608116e-01
1.406906906906907011e+02 9.486026410601546832e-01
1.408408408408408548e+02 9.613422163853000413e-01
1.409909909909909800e+02 9.688348451063307776e-01
1.411411411411411336e+02 9.622433650190664878e-01
1.412912912912912873e+02 9.514573635613875480e-01
1.414414414414414409e+02 9.571855044691857106e-01
1.415915915915915946e+02 9.694274218092492346e-01
1.417417417417417482e+02 9.633472461459169356e-01
1.418918918918919019e+02 9.540581334042861350e-01
1.420420420420420555e+02 9.520759734229530258e-01
1.421921921921921808e+02 9.691723458867261831e-01
1.423423423423423344e+02 9.641537740663905787e-01
1.424924924924924881e+02 9.563953385728092282e-01
1.426426426426426417e+02 9.460824545938376628e-01
1.427927927927927954e+02 9.679943148199026126e-01
1.429429429429429490e+02 9.646483795215224921e-01
1.430930930930931027e+02 9.584461240516667369e-01
1.432432432432432563e+02 9.442365428333546751e-01
1.433933933933933815e+02 9.658411828347126526e-01
1.435435435435435352e+02 9.670136223455044755e-01
1.436936936936936888e+02 9.601958438096310777e-01
1.438438438438438425e+02 9.474176446341319169e-01
1.439939939939939961e+02 9.627391440306476422e-01
1.441441441441441498e+02 9.686020430109978374e-01
1.442942942942943034e+02 9.616608816637138846e-01
1.444444444444444571e+02 9.503354844153449887e-01
1.445945945945946107e+02 9.587531174021473035e-01
1.447447447447447360e+02 9.693419302229828727e-01
1.448948948948948896e+02 9.628598553710847607e-01
1.450450450450450433e+02 9.530069420021477500e-01
1.451951951951951969e+02 9.539646613830722321e-01
1.453453453453453506e+02 9.692124975374992735e-01
1.454954954954955042e+02 9.637733564686902232e-01
1.456456456456456579e+02 9.554076020235549027e-01
1.457957957957958115e+02 9.483938004951822931e-01
1.459459459459459367e+02 9.682330710901886350e-01
1.460960960960960904e+02 9.644070223979935852e-01
1.462462462462462440e+02 9.575364634535841191e-01
1.463963963963963977e+02 9.427884856263223368e-01
1.465465465465465513e+02 9.664523099220480029e-01
1.466966966966967050e+02 9.658679058741092005e-01
1.468468468468468586e+02 9.594215011949981387e-01
1.469969969969970123e+02 9.460421827977967268e-01
1.471471471471471375e+02 9.638911729101236059e-01
1.472972972972972912e+02 9.677151502720923171e-01
1.474474474474474448e+02 9.610548819117167296e-01
1.475975975975975985e+02 9.490765639952731814e-01
1.477477477477477521e+02 9.605225883107388896e-01
1.478978978978979058e+02 9.688506159588128330e-01
1.480480480480480594e+02 9.624130369292734910e-01
1.481981981981982130e+02 9.518751090445730645e-01
1.483483483483483383e+02 9.562862317511118260e-01
1.484984984984984919e+02 9.692504194140717511e-01
1.486486486486486456e+02 9.634802005221480004e-01
1.487987987987987992e+02 9.544215547021570600e-01
1.489489489489489529e+02 9.511397890279511547e-01
1.490990990990991065e+02 9.688709616159794091e-01
1.492492492492492602e+02 9.642582901845967447e-01
1.493993993993994138e+02 9.567188352504549798e-01
1.495495495495495391e+02 9.450900792606687917e-01
1.496996996996996927e+02 9.676367952696227626e-01
1.498498498498498464e+02 9.649331310187341249e-01
1.500000000000000000e+02 9.587490740561801505e-01
