0.000000000000000000e+00 9.635796829531649843e-01
1.501501501501501523e-01 8.258733826292503633e-01
3.003003003003003046e-01 6.259436885453453225e-01
4.504504504504504570e-01 4.496944025261882527e-01
6.006006006006006093e-01 3.593104858786358990e-01
7.507507507507507061e-01 3.210927620094484736e-01
9.009009009009009139e-01 3.196229922406405577e-01
1.051051051051051122e+00 4.070964683643949478e-01
1.201201201201201219e+00 5.290731238095065514e-01
1.351351351351351315e+00 6.020755293774084915e-01
1.501501501501501412e+00 5.862504166431713459e-01
1.651651651651651731e+00 4.907847579893049872e-01
1.801801801801801828e+00 3.665310816163261376e-01
1.951951951951951925e+00 2.841509445024825165e-01
2.102102102102102243e+00 2.557052244724112855e-01
2.252252252252252340e+00 2.202116344120187419e-01
2.402402402402402437e+00 1.853057064797367648e-01
2.552552552552552534e+00 2.423673763736477471e-01
2.702702702702702631e+00 3.330923419406462416e-01
2.852852852852852727e+00 3.806785908770141114e-01
3.003003003003002824e+00 3.601105456617695877e-01
3.153153153153153365e+00 2.935374961865441223e-01
3.303303303303303462e+00 3.145773712289880453e-01
3.453453453453453559e+00 3.452472012553206571e-01
3.603603603603603656e+00 3.811716687503629020e-01
3.753753753753753752e+00 4.188419062875159415e-01
3.903903903903903849e+00 4.553858410251264699e-01
4.054054054054054390e+00 4.882897490374460414e-01
4.204204204204204487e+00 5.152606135719663971e-01
4.354354354354354584e+00 5.342304767133929655e-01
4.504504504504504681e+00 5.434471947891874599e-01
4.654654654654654777e+00 5.415846493644788096e-01
4.804804804804804874e+00 5.278264469280172788e-01
4.954954954954954971e+00 5.019035710946017081e-01
5.105105105105105068e+00 4.640844421172301559e-01
5.255255255255255165e+00 4.151279386897849810e-01
5.405405405405405261e+00 3.562065540865199109e-01
5.555555555555555358e+00 2.887503970409883713e-01
5.705705705705705455e+00 2.139472899127289329e-01
5.855855855855855552e+00 1.306354290728534984e-01
6.006006006006005649e+00 3.864834764758037481e-09
6.156156156156156634e+00 2.438619562058326981e-09
6.306306306306306730e+00 1.852118923109192380e-09
6.456456456456456827e+00 2.130136642676166425e-01
6.606606606606606924e+00 4.226035009319787372e-01
6.756756756756757021e+00 5.471578561648036132e-01
6.906906906906907118e+00 5.828605987377113440e-01
7.057057057057057214e+00 5.611991833174196920e-01
7.207207207207207311e+00 5.213436530620723097e-01
7.357357357357357408e+00 4.704799747469705640e-01
7.507507507507507505e+00 3.837899559017545759e-01
7.657657657657657602e+00 2.459362086506860501e-01
7.807807807807807698e+00 5.536867745706691534e-10
7.957957957957957795e+00 1.271577132936798915e-01
8.108108108108108780e+00 2.603715937424200266e-01
8.258258258258258877e+00 3.287247104688923449e-01
8.408408408408408974e+00 3.383747337845741665e-01
8.558558558558559071e+00 3.222324962220252664e-01
8.708708708708709167e+00 3.113135792594801110e-01
8.858858858858859264e+00 2.963831415368416988e-01
9.009009009009009361e+00 2.480731124680995714e-01
9.159159159159159458e+00 1.574749380240181296e-01
9.309309309309309555e+00 1.152144005428023025e-09
9.459459459459459651e+00 6.917968755068189257e-02
9.609609609609609748e+00 4.629144068334494627e-02
9.759759759759759845e+00 9.560944010945385263e-02
9.909909909909909942e+00 1.389258170825909133e-01
1.006006006006006004e+01 1.818183084892696089e-01
1.021021021021021014e+01 2.244481049037740095e-01
1.036036036036036023e+01 2.657445310316027820e-01
1.051051051051051033e+01 3.041973163077554831e-01
1.066066066066066043e+01 3.381691065425858067e-01
1.081081081081081052e+01 3.660506540960445365e-01
1.096096096096096062e+01 3.863359245305336698e-01
1.111111111111111072e+01 3.976679027572515568e-01
1.126126126126126081e+01 3.989021580381376109e-01
1.141141141141141091e+01 3.892025455579882776e-01
1.156156156156156101e+01 3.681378828413620630e-01
1.171171171171171110e+01 3.357331952673606179e-01
1.186186186186186120e+01 2.924701290457120684e-01
1.201201201201201130e+01 2.393643235946314729e-01
1.216216216216216317e+01 1.785899228434074948e-01
1.231231231231231327e+01 3.974224255346149014e-10
1.246246246246246336e+01 5.195361337129193697e-10
1.261261261261261346e+01 5.060889802088874675e-10
1.276276276276276356e+01 3.251437158063531507e-01
1.291291291291291365e+01 4.991404205427093510e-01
1.306306306306306375e+01 6.023367219723083643e-01
1.321321321321321385e+01 6.367478741971355216e-01
1.336336336336336394e+01 6.106902853235769424e-01
1.351351351351351404e+01 5.342582064064055336e-01
1.366366366366366414e+01 4.172425505485877761e-01
1.381381381381381424e+01 2.700149939906767993e-01
1.396396396396396433e+01 1.072230879489816241e-01
1.411411411411411443e+01 1.110917425057374211e-09
1.426426426426426453e+01 1.859814415327707693e-01
1.441441441441441462e+01 2.924374193331001348e-01
1.456456456456456472e+01 3.555923250105872402e-01
1.471471471471471482e+01 3.776719792983207480e-01
1.486486486486486491e+01 3.645683423499397335e-01
1.501501501501501501e+01 3.224034275794311899e-01
1.516516516516516511e+01 2.558841290107577993e-01
1.531531531531531520e+01 1.704490918069913041e-01
1.546546546546546530e+01 7.692403689151833257e-02
1.561561561561561540e+01 5.381032101232526010e-02
1.576576576576576549e+01 9.260296752001333231e-02
1.591591591591591559e+01 7.712305722267395747e-02
1.606606606606606746e+01 1.075573608408547099e-01
1.621621621621621756e+01 1.445811428063639992e-01
1.636636636636636766e+01 1.836632362275532615e-01
1.651651651651651775e+01 2.237236498895839865e-01
1.666666666666666785e+01 2.634159016185552704e-01
1.681681681681681795e+01 3.011609936285682965e-01
1.696696696696696804e+01 3.352474174532574791e-01
1.711711711711711814e+01 3.638974015312645416e-01
1.726726726726726824e+01 3.853525362091703710e-01
1.741741741741741833e+01 3.980009305595090807e-01
1.756756756756756843e+01 4.005218973017774520e-01
1.771771771771771853e+01 3.919984223142105595e-01
1.786786786786786863e+01 3.719610919781628500e-01
1.801801801801801872e+01 3.403725139298241498e-01
1.816816816816816882e+01 2.976123583966212016e-01
1.831831831831831892e+01 2.445995505262084924e-01
1.846846846846846901e+01 1.834541864045925730e-01
1.861861861861861911e+01 1.947878618526143805e-09
1.876876876876876921e+01 4.653786701735222987e-10
1.891891891891891930e+01 7.960240116788984872e-10
1.906906906906906940e+01 3.492916401307609719e-01
1.921921921921921950e+01 5.041214481651581369e-01
1.936936936936936959e+01 5.973681130155559238e-01
1.951951951951951969e+01 6.306122132096995125e-01
1.966966966966966979e+01 6.043533151768732958e-01
1.981981981981981988e+01 5.215372303508754026e-01
1.996996996996996998e+01 3.917108607161017275e-01
2.012012012012012008e+01 2.319607377538806525e-01
2.027027027027027017e+01 1.810287186689243983e-09
2.042042042042042027e+01 9.396998985768044688e-10
2.057057057057057037e+01 1.998773656171243529e-01
2.072072072072072046e+01 2.923692371948012347e-01
2.087087087087087056e+01 3.509692863707148391e-01
2.102102102102102066e+01 3.754760616352619818e-01
2.117117117117117076e+01 3.639178893458032138e-01
2.132132132132132085e+01 3.162878190937106759e-01
2.147147147147147095e+01 2.382928532596978177e-01
2.162162162162162105e+01 1.435487233019505648e-01
2.177177177177177114e+01 5.151218281560911855e-02
2.192192192192192124e+01 7.710071896134061686e-02
2.207207207207207134e+01 9.244306007272870551e-02
2.222222222222222143e+01 8.910413332532625408e-02
2.237237237237237153e+01 1.178019355422049858e-01
2.252252252252252163e+01 1.528749355485549133e-01
2.267267267267267172e+01 1.904533792983330864e-01
2.282282282282282182e+01 2.291995833170732688e-01
2.297297297297297192e+01 2.677067000893376680e-01
2.312312312312312201e+01 3.043306580726671262e-01
2.327327327327327211e+01 3.372348351958231460e-01
2.342342342342342221e+01 3.645097101022892749e-01
2.357357357357357230e+01 3.843373469585061319e-01
2.372372372372372240e+01 3.951500079238972618e-01
2.387387387387387250e+01 3.957351451550024657e-01
2.402402402402402259e+01 3.852732777708821055e-01
2.417417417417417624e+01 3.633366884675362507e-01
2.432432432432432634e+01 3.298949159500108586e-01
2.447447447447447644e+01 2.853707406030647209e-01
2.462462462462462653e+01 2.308540025946806407e-01
2.477477477477477663e+01 1.689282854885278684e-01
2.492492492492492673e+01 3.097020054760780773e-10
2.507507507507507682e+01 2.651979854891410472e-10
2.522522522522522692e+01 3.170803279655568074e-10
2.537537537537537702e+01 3.723418593214739558e-01
2.552552552552552712e+01 5.193862258539776455e-01
2.567567567567567721e+01 6.053197034587249892e-01
2.582582582582582731e+01 6.303296693422210106e-01
2.597597597597597741e+01 5.952083210406646785e-01
2.612612612612612750e+01 5.043289372717035812e-01
2.627627627627627760e+01 3.687793349103064000e-01
2.642642642642642770e+01 2.074310198003350147e-01
2.657657657657657779e+01 1.009304355945356062e-09
2.672672672672672789e+01 7.949068146133067910e-10
2.687687687687687799e+01 2.123125333264666292e-01
2.702702702702702808e+01 3.005983386316978256e-01
2.717717717717717818e+01 3.557578935055201175e-01
2.732732732732732828e+01 3.762274320788676629e-01
2.747747747747747837e+01 3.595106132974210666e-01
2.762762762762762847e+01 3.060942721037341885e-01
2.777777777777777857e+01 2.238596676400269048e-01
2.792792792792792866e+01 1.292550294361828056e-01
2.807807807807807876e+01 4.184296608455886912e-02
2.822822822822822886e+01 8.610723454911620167e-02
2.837837837837837895e+01 8.612709806684576419e-02
2.852852852852852905e+01 9.228091049992458161e-02
2.867867867867867915e+01 1.229973701271243752e-01
2.882882882882882924e+01 1.582508730012326947e-01
2.897897897897897934e+01 1.956929840225823669e-01
2.912912912912912944e+01 2.341764747919378997e-01
2.927927927927927954e+01 2.722705577989897874e-01
2.942942942942942963e+01 3.082293663503875014e-01
2.957957957957957973e+01 3.401420911037725259e-01
2.972972972972972983e+01 3.661173337453442200e-01
2.987987987987987992e+01 3.844351200668272295e-01
3.003003003003003002e+01 3.936368893046705009e-01
3.018018018018018012e+01 3.925671319952391269e-01
3.033033033033033021e+01 3.804057617198566832e-01
3.048048048048048031e+01 3.567196131833095807e-01
3.063063063063063041e+01 3.215291145140170004e-01
3.078078078078078050e+01 2.753869078414542537e-01
3.093093093093093060e+01 2.196063610514393527e-01
3.108108108108108070e+01 1.572299379984452850e-01
3.123123123123123079e+01 4.820027503169308789e-10
3.138138138138138089e+01 3.851343265835200569e-10
3.153153153153153099e+01 2.015295818895775359e-01
3.168168168168168108e+01 3.989349749351870922e-01
3.183183183183183118e+01 5.355097710289015156e-01
3.198198198198198128e+01 6.116192266294033786e-01
3.213213213213213493e+01 6.282936159078733596e-01
3.228228228228228147e+01 5.858747081731366935e-01
3.243243243243243512e+01 4.879738040805966515e-01
3.258258258258258167e+01 3.466126439444723317e-01
3.273273273273273531e+01 1.827926532496412793e-01
3.288288288288288186e+01 7.362874701125862586e-10
3.303303303303303551e+01 1.107871961420289070e-01
3.318318318318318205e+01 2.268451935844305045e-01
3.333333333333333570e+01 3.099258115400106983e-01
3.348348348348348225e+01 3.607444727460073497e-01
3.363363363363363590e+01 3.770027764949680504e-01
3.378378378378378244e+01 3.550067345110078376e-01
3.393393393393393609e+01 2.958197739946395455e-01
3.408408408408408263e+01 2.097425348442289728e-01
3.423423423423423628e+01 1.148071270032555158e-01
3.438438438438438283e+01 2.878521001018887956e-02
3.453453453453453648e+01 9.602811683557896383e-02
3.468468468468468302e+01 8.361475501077025863e-02
3.483483483483483667e+01 9.638662019031075945e-02
3.498498498498498321e+01 1.279166114422232714e-01
3.513513513513513686e+01 1.634021797796835762e-01
3.528528528528528341e+01 2.010460567421495093e-01
3.543543543543543706e+01 2.395934054824870041e-01
3.558558558558558360e+01 2.774593108453154433e-01
3.573573573573573725e+01 3.128319930773121316e-01
3.588588588588588379e+01 3.438443665852242703e-01
3.603603603603603744e+01 3.686984725262136831e-01
3.618618618618618399e+01 3.857391708980751899e-01
3.633633633633633764e+01 3.935122630492253748e-01
3.648648648648648418e+01 3.908417497583241973e-01
3.663663663663663783e+01 3.769282012779925917e-01
3.678678678678678438e+01 3.514339077438911052e-01
3.693693693693693803e+01 3.145206874186503021e-01
3.708708708708708457e+01 2.668744378693736485e-01
3.723723723723723822e+01 2.099560192823197724e-01
3.738738738738738476e+01 5.638419831579389217e-10
3.753753753753753841e+01 4.599277689302851468e-10
3.768768768768768496e+01 6.158486268800912397e-10
3.783783783783783861e+01 2.351295568159835481e-01
3.798798798798798515e+01 4.224751767403291391e-01
3.813813813813813880e+01 5.495231704147548468e-01
3.828828828828828534e+01 6.177304717182865446e-01
3.843843843843843899e+01 6.268135254503548470e-01
3.858858858858859264e+01 5.757144548273853690e-01
3.873873873873873919e+01 4.691037450905430894e-01
3.888888888888889284e+01 3.218326103603202371e-01
3.903903903903903938e+01 1.564740526625661987e-01
3.918918918918919303e+01 4.768900770677742226e-10
3.933933933933933957e+01 1.298277507285782728e-01
3.948948948948949322e+01 2.409300798554054879e-01
3.963963963963963977e+01 3.197799499093848530e-01
3.978978978978979342e+01 3.664568043996184743e-01
3.993993993993993996e+01 3.770974826974751726e-01
4.009009009009009361e+01 3.482582084818601764e-01
4.024024024024024015e+01 2.834079699023083765e-01
4.039039039039039380e+01 1.946516217786197489e-01
4.054054054054054035e+01 1.002656255060837553e-01
4.069069069069069400e+01 2.949759990320170375e-02
4.084084084084084054e+01 1.061008862325053259e-01
4.099099099099099419e+01 8.274439678204324744e-02
4.114114114114114074e+01 1.006937303922644800e-01
4.129129129129129439e+01 1.330615303215058054e-01
4.144144144144144093e+01 1.690406260739951427e-01
4.159159159159159458e+01 2.069810761086515183e-01
4.174174174174174112e+01 2.455048821473904963e-01
4.189189189189189477e+01 2.830081203010971214e-01
4.204204204204204132e+01 3.177466165051404667e-01
4.219219219219219497e+01 3.479190213813955213e-01
4.234234234234234151e+01 3.717331021317060169e-01
4.249249249249249516e+01 3.874937580652372260e-01
4.264264264264264170e+01 3.937267916525746814e-01
4.279279279279279535e+01 3.893115819960614177e-01
4.294294294294294190e+01 3.735738630783593250e-01
4.309309309309309555e+01 3.463091160956341397e-01
4.324324324324324209e+01 3.077596272905254171e-01
4.339339339339339574e+01 2.586468175337771624e-01
4.354354354354354228e+01 2.005549782594862329e-01
4.369369369369369593e+01 1.282666570323456054e-09
4.384384384384384248e+01 3.028039447389135969e-10
4.399399399399399613e+01 5.554835705759894449e-10
4.414414414414414267e+01 2.661545971010124134e-01
4.429429429429429632e+01 4.449438318360591227e-01
4.444444444444444287e+01 5.642718447394970971e-01
4.459459459459459651e+01 6.244969460396101457e-01
4.474474474474474306e+01 6.238764925647100057e-01
4.489489489489489671e+01 5.623641148985154548e-01
4.504504504504504325e+01 4.475568394710768283e-01
4.519519519519519690e+01 2.960467405772786442e-01
4.534534534534534345e+01 1.305873522146797638e-01
4.549549549549549710e+01 9.672169638458705842e-10
4.564564564564564364e+01 1.490725064522770704e-01
4.579579579579579729e+01 2.555774764605101557e-01
4.594594594594594383e+01 3.299667744202831599e-01
4.609609609609609748e+01 3.710309653403654484e-01
4.624624624624624403e+01 3.748051371012734445e-01
4.639639639639639768e+01 3.396723818642886639e-01
4.654654654654654422e+01 2.705802934288842887e-01
4.669669669669669787e+01 1.799791572090202463e-01
4.684684684684684441e+01 8.677756915996333309e-02
4.699699699699699806e+01 4.468390752157689466e-02
4.714714714714714461e+01 1.009906016582526322e-01
4.729729729729729826e+01 8.286262146491316094e-02
4.744744744744744480e+01 1.051771285371612963e-01
4.759759759759759845e+01 1.384680004583705437e-01
4.774774774774774500e+01 1.748846711042301161e-01
4.789789789789789864e+01 2.129412531723613444e-01
4.804804804804804519e+01 2.513134652550207404e-01
4.819819819819819884e+01 2.884646587570788845e-01
4.834834834834835249e+01 3.226605504684360026e-01
4.849849849849849903e+01 3.520415058546464415e-01
4.864864864864865268e+01 3.747492814365016578e-01
4.879879879879879923e+01 3.890884476464990804e-01
4.894894894894895288e+01 3.936732981908899753e-01
4.909909909909909942e+01 3.875152929460805029e-01
4.924924924924925307e+01 3.700426878662582131e-01
4.939939939939939961e+01 3.410866037034623321e-01
4.954954954954955326e+01 3.008900676852748202e-01
4.969969969969969981e+01 2.502285139187609420e-01
4.984984984984985346e+01 1.909396260097301623e-01
5.000000000000000000e+01 2.060669096993010498e-09
5.015015015015015365e+01 2.959939741324778964e-10
5.030030030030030019e+01 6.244803830425954262e-10
5.045045045045045384e+01 2.977301341101930010e-01
5.060060060060060039e+01 4.684270068572424228e-01
5.075075075075075404e+01 5.788683706762747239e-01
5.090090090090090058e+01 6.287175317545559139e-01
5.105105105105105423e+01 6.172300338330622971e-01
5.120120120120120077e+01 5.466291112771536342e-01
5.135135135135135442e+01 4.257452370591205404e-01
5.150150150150150097e+01 2.712131088119445477e-01
5.165165165165165462e+01 1.064999190887916947e-01
5.180180180180180116e+01 6.187844375476641895e-10
5.195195195195195481e+01 1.684069924119326045e-01
5.210210210210210136e+01 2.697486401200703821e-01
5.225225225225225500e+01 3.385180961511387032e-01
5.240240240240240155e+01 3.733332626776378338e-01
5.255255255255255520e+01 3.711875136568583144e-01
5.270270270270270174e+01 3.310891291395789970e-01
5.285285285285285539e+01 2.581099111324680617e-01
5.300300300300300194e+01 1.657469101698569314e-01
5.315315315315315559e+01 7.412122702363231619e-02
5.330330330330330213e+01 5.769817630619319959e-02
5.345345345345345578e+01 9.589115066797980480e-02
5.360360360360360232e+01 8.425674233595399631e-02
5.375375375375375597e+01 1.101075717907969848e-01
5.390390390390390252e+01 1.440345951879353492e-01
5.405405405405405617e+01 1.806669554134163469e-01
5.420420420420420271e+01 2.187735908970407928e-01
5.435435435435435636e+01 2.570729061077536848e-01
5.450450450450450290e+01 2.939639745726581044e-01
5.465465465465465655e+01 3.276021455615578115e-01
5.480480480480480310e+01 3.560619252784575361e-01
5.495495495495495675e+01 3.775163669961218993e-01
5.510510510510510329e+01 3.903769300595104075e-01
5.525525525525525694e+01 3.933686636144833049e-01
5.540540540540540349e+01 3.855583691598514773e-01
5.555555555555555713e+01 3.663760862765070847e-01
5.570570570570570368e+01 3.356583317450902437e-01
5.585585585585585733e+01 2.937182798551767338e-01
5.600600600600600387e+01 2.414994234991486577e-01
5.615615615615615752e+01 1.811770676311626194e-01
5.630630630630630407e+01 5.913931864817973739e-10
5.645645645645645772e+01 3.512823957631810997e-10
5.660660660660660426e+01 2.811440061365444843e-10
5.675675675675675791e+01 3.295308988816625373e-01
5.690690690690690445e+01 4.902458185375109800e-01
5.705705705705705810e+01 5.899449724255213523e-01
5.720720720720720465e+01 6.294675825372049172e-01
5.735735735735735830e+01 6.092001792009988925e-01
5.750750750750750484e+01 5.313739884925511303e-01
5.765765765765765849e+01 4.046421447663750004e-01
5.780780780780781214e+01 2.467338097508460504e-01
5.795795795795795868e+01 9.307238620573524502e-10
5.810810810810811233e+01 1.080294690186146249e-09
5.825825825825825888e+01 1.862260917982410668e-01
5.840840840840841253e+01 2.819439626598744808e-01
5.855855855855855907e+01 3.452679653624199929e-01
5.870870870870871272e+01 3.750983508632812491e-01
5.885885885885885926e+01 3.679702853357148529e-01
5.900900900900901291e+01 3.224829436150570827e-01
5.915915915915915946e+01 2.450147835025665299e-01
5.930930930930931311e+01 1.510960411737896913e-01
5.945945945945945965e+01 6.101153197799059902e-02
5.960960960960961330e+01 6.889808557644393205e-02
5.975975975975975985e+01 9.127164924084797681e-02
5.990990990990991349e+01 8.706206931323315357e-02
6.006006006006006004e+01 1.151694207275066467e-01
6.021021021021021369e+01 1.494734848365461555e-01
6.036036036036036023e+01 1.863556214123991417e-01
6.051051051051051388e+01 2.246483347655547358e-01
6.066066066066066043e+01 2.629351050754284991e-01
6.081081081081081408e+01 2.994793669319361640e-01
6.096096096096096062e+01 3.323948377221603301e-01
6.111111111111111427e+01 3.598171865955571702e-01
6.126126126126126081e+01 3.800202595047477705e-01
6.141141141141141446e+01 3.914813824966756894e-01
6.156156156156156101e+01 3.929319107472825645e-01
6.171171171171171466e+01 3.834258290553492765e-01
6.186186186186186120e+01 3.624261910605099946e-01
6.201201201201201485e+01 3.298756445688814654e-01
6.216216216216216139e+01 2.862369309554401164e-01
6.231231231231231504e+01 2.326171473689127023e-01
6.246246246246246159e+01 1.714723152129208894e-01
6.261261261261261524e+01 6.829934838630887936e-10
6.276276276276276178e+01 8.394056624544738013e-10
6.291291291291291543e+01 3.972825626753693076e-10
6.306306306306306197e+01 3.581066537395177773e-01
6.321321321321321562e+01 5.082372444804839073e-01
6.336336336336336217e+01 5.985248874075580483e-01
6.351351351351351582e+01 6.300490595153159790e-01
6.366366366366366236e+01 6.019506897224951025e-01
6.381381381381381601e+01 5.158539809369844242e-01
6.396396396396396256e+01 3.821439306775159528e-01
6.411411411411411621e+01 2.208516532891724726e-01
6.426426426426426985e+01 6.582030923460700996e-10
6.441441441441440929e+01 1.239006519396403466e-09
6.456456456456456294e+01 2.023137618328473275e-01
6.471471471471471659e+01 2.931339106955362372e-01
6.486486486486487024e+01 3.522058681515944922e-01
6.501501501501500968e+01 3.773386478299277091e-01
6.516516516516516333e+01 3.640681627153540822e-01
6.531531531531531698e+01 3.122439187112651116e-01
6.546546546546547063e+01 2.306957019013327059e-01
6.561561561561561007e+01 1.359784930746860687e-01
6.576576576576576372e+01 4.747516912834406216e-02
6.591591591591591737e+01 7.979597839912730417e-02
6.606606606606607102e+01 8.768687866083609006e-02
6.621621621621621046e+01 9.051026152150479231e-02
6.636636636636636410e+01 1.201033182273655020e-01
6.651651651651651775e+01 1.549113819302968265e-01
6.666666666666667140e+01 1.922009036693279604e-01
6.681681681681681084e+01 2.306741992353564252e-01
6.696696696696696449e+01 2.687951621188939266e-01
6.711711711711711814e+01 3.048271970154124988e-01
6.726726726726727179e+01 3.369607803698017601e-01
6.741741741741742544e+01 3.633985731674084230e-01
6.756756756756756488e+01 3.824213441743030129e-01
6.771771771771771853e+01 3.924738319390480012e-01
6.786786786786787218e+01 3.922814092735771307e-01
6.801801801801802583e+01 3.809681514824461157e-01
6.816816816816816527e+01 3.581295899178480457e-01
6.831831831831831892e+01 3.238397139656166712e-01
6.846846846846847257e+01 2.786417839834070542e-01
6.861861861861862621e+01 2.237177786924025580e-01
6.876876876876876565e+01 1.618152238041327129e-01
6.891891891891891930e+01 2.048592826245869325e-10
6.906906906906907295e+01 3.582265101039197619e-10
6.921921921921922660e+01 1.830608858357589686e-01
6.936936936936936604e+01 3.836181891787542320e-01
6.951951951951951969e+01 5.251551032922830986e-01
6.966966966966967334e+01 6.078639971909197692e-01
6.981981981981982699e+01 6.310924565546888187e-01
6.996996996996996643e+01 5.931191155835547901e-01
7.012012012012012008e+01 4.975178838236039014e-01
7.027027027027027373e+01 3.575421648730131574e-01
7.042042042042042738e+01 1.941944217325990985e-01
7.057057057057056682e+01 7.667948863025134811e-10
7.072072072072072046e+01 9.945516816551086547e-02
7.087087087087087411e+01 2.182989563199914107e-01
7.102102102102102776e+01 3.048449402952649323e-01
7.117117117117116720e+01 3.592897207643845903e-01
7.132132132132132085e+01 3.781953179914335772e-01
7.147147147147147450e+01 3.579393425411437346e-01
7.162162162162162815e+01 3.006124653768450505e-01
7.177177177177176759e+01 2.161633216434733218e-01
7.192192192192192124e+01 1.213758146459222309e-01
7.207207207207207489e+01 3.492314876859348854e-02
7.222222222222222854e+01 9.096404504469778052e-02
7.237237237237236798e+01 8.486327138528285130e-02
7.252252252252252163e+01 9.417106068726921464e-02
7.267267267267267528e+01 1.251725003690978000e-01
7.282282282282282893e+01 1.605930046551437007e-01
7.297297297297296836e+01 1.981901777904332695e-01
7.312312312312312201e+01 2.366461246148913178e-01
7.327327327327327566e+01 2.744721620933474049e-01
7.342342342342342931e+01 3.099975524333259957e-01
7.357357357357356875e+01 3.414217294491890820e-01
7.372372372372372240e+01 3.668956174635354950e-01
7.387387387387387605e+01 3.846494879748570406e-01
7.402402402402402970e+01 3.931468921210952705e-01
7.417417417417416914e+01 3.912157760802280615e-01
7.432432432432432279e+01 3.781157369040782923e-01
7.447447447447447644e+01 3.535394079983030791e-01
7.462462462462463009e+01 3.175912765886333977e-01
7.477477477477476953e+01 2.708258145483013468e-01
7.492492492492492318e+01 2.145433594225525376e-01
7.507507507507507682e+01 1.519485046153478680e-01
7.522522522522523047e+01 3.200876179753271520e-10
7.537537537537536991e+01 3.946608003664384332e-10
7.552552552552552356e+01 2.164152785817941849e-01
7.567567567567567721e+01 4.094658928594534508e-01
7.582582582582583086e+01 5.430411549886033917e-01
7.597597597597597030e+01 6.167332910496952092e-01
7.612612612612612395e+01 6.293115974665551837e-01
7.627627627627627760e+01 5.808128045077551871e-01
7.642642642642643125e+01 4.773155767956132611e-01
7.657657657657657069e+01 3.329712505990138349e-01
7.672672672672672434e+01 1.687615356104364694e-01
7.687687687687687799e+01 6.780183090962388208e-10
7.702702702702703164e+01 1.204210622574202610e-01
7.717717717717718529e+01 2.344884052580437084e-01
7.732732732732732472e+01 3.160182888814361823e-01
7.747747747747747837e+01 3.644805098959580381e-01
7.762762762762763202e+01 3.768065700337586699e-01
7.777777777777778567e+01 3.507818412405475095e-01
7.792792792792792511e+01 2.891341415271120874e-01
7.807807807807807876e+01 2.021331588061561768e-01
7.822822822822823241e+01 1.077221774211290783e-01
7.837837837837838606e+01 2.786027485818643942e-02
7.852852852852852550e+01 1.016756835543081716e-01
7.867867867867867915e+01 8.284343516195170898e-02
7.882882882882883280e+01 9.836374196043952411e-02
7.897897897897898645e+01 1.305492839755542644e-01
7.912912912912912589e+01 1.663653729932225989e-01
7.927927927927927954e+01 2.040736500252274543e-01
7.942942942942943318e+01 2.424639062902649578e-01
7.957957957957958683e+01 2.800720623352859762e-01
7.972972972972972627e+01 3.151644464003385271e-01
7.987987987987987992e+01 3.458448524243863953e-01
8.003003003003003357e+01 3.702200365419968664e-01
8.018018018018018722e+01 3.865710578898148841e-01
8.033033033033032666e+01 3.934786270882043580e-01
8.048048048048048031e+01 3.898816182786114526e-01
8.063063063063063396e+01 3.750906157637317606e-01
8.078078078078078761e+01 3.487989284420026093e-01
8.093093093093092705e+01 3.111234854725200005e-01
8.108108108108108070e+01 2.627110891298313766e-01
8.123123123123123435e+01 2.051078198869620284e-01
8.138138138138138800e+01 1.438635820349685329e-09
8.153153153153152743e+01 3.498408108997630161e-10
8.168168168168168108e+01 2.826903640231419918e-10
8.183183183183183473e+01 2.511119547829332443e-01
8.198198198198198838e+01 4.355053270131030163e-01
8.213213213213212782e+01 5.590645792751474108e-01
8.228228228228228147e+01 6.219453970521841013e-01
8.243243243243243512e+01 6.243133311889725867e-01
8.258258258258258877e+01 5.675132569950116501e-01
8.273273273273272821e+01 4.577460672327438584e-01
8.288288288288288186e+01 3.093036371105654658e-01
8.303303303303303551e+01 1.443249100839199828e-01
8.318318318318318916e+01 7.289328534606584301e-10
8.333333333333332860e+01 1.407035247507524012e-01
8.348348348348348225e+01 2.492746632378999572e-01
8.363363363363363590e+01 3.250984516393807811e-01
8.378378378378378954e+01 3.679290893790808092e-01
8.393393393393392898e+01 3.750720379260242821e-01
8.408408408408408263e+01 3.440139229286239830e-01
8.423423423423423628e+01 2.776384333910623670e-01
8.438438438438438993e+01 1.878818353099122873e-01
8.453453453453452937e+01 9.411142598613256305e-02
8.468468468468468302e+01 3.833177814952264811e-02
8.483483483483483667e+01 1.033243964248801022e-01
8.498498498498499032e+01 8.242376295994371938e-02
8.513513513513512976e+01 1.030779492331628383e-01
8.528528528528528341e+01 1.359503392091161722e-01
8.543543543543543706e+01 1.720039037622135281e-01
8.558558558558559071e+01 2.098735250208489111e-01
8.573573573573573015e+01 2.483179977821267648e-01
8.588588588588588379e+01 2.857418103371457407e-01
8.603603603603603744e+01 3.202980801528151344e-01
8.618618618618619109e+01 3.500730611064710174e-01
8.633633633633633053e+01 3.732506282426786282e-01
8.648648648648648418e+01 3.882181011049222752e-01
8.663663663663663783e+01 3.936210949898535927e-01
8.678678678678679148e+01 3.884047697121163489e-01
8.693693693693694513e+01 3.718728508285129020e-01
8.708708708708708457e+01 3.437616879060422792e-01
8.723723723723723822e+01 3.043043303594639704e-01
8.738738738738739187e+01 2.543155097647388785e-01
8.753753753753754552e+01 1.955868590511288807e-01
8.768768768768768496e+01 3.990357516305472009e-10
8.783783783783783861e+01 6.945657375161539039e-10
8.798798798798799226e+01 3.894222333422885533e-10
8.813813813813814591e+01 2.844099081646492833e-01
8.828828828828828534e+01 4.583044389932501850e-01
8.843843843843843899e+01 5.713129066054503102e-01
8.858858858858859264e+01 6.249541148322813600e-01
8.873873873873874629e+01 6.193764704455456682e-01
8.888888888888888573e+01 5.549252635835295600e-01
8.903903903903903938e+01 4.379453252732382618e-01
8.918918918918919303e+01 2.847171274230693161e-01
8.933933933933934668e+01 1.191572410301636048e-01
8.948948948948948612e+01 8.811593697965641006e-10
8.963963963963963977e+01 1.590519845606392924e-01
8.978978978978979342e+01 2.622485938059486155e-01
8.993993993993994707e+01 3.332524459358489621e-01
9.009009009009008651e+01 3.716748901780360659e-01
9.024024024024024015e+01 3.736524413746789564e-01
9.039039039039039380e+01 3.364210845129186889e-01
9.054054054054054745e+01 2.648094597773278935e-01
9.069069069069068689e+01 1.728226421501501964e-01
9.084084084084084054e+01 8.005383845092595152e-02
9.099099099099099419e+01 5.053785758391830807e-02
9.114114114114114784e+01 9.821891256058219721e-02
9.129129129129128728e+01 8.366127294400904635e-02
9.144144144144144093e+01 1.078164440112456407e-01
9.159159159159159458e+01 1.412214723211289158e-01
9.174174174174174823e+01 1.776614499177522621e-01
9.189189189189188767e+01 2.158164645084741651e-01
9.204204204204204132e+01 2.542790479518944879e-01
9.219219219219219497e+01 2.913564418100832443e-01
9.234234234234234862e+01 3.252219349569560602e-01
9.249249249249248805e+01 3.540475257460774516e-01
9.264264264264264170e+01 3.760856578753301038e-01
9.279279279279279535e+01 3.897320390678147839e-01
9.294294294294294900e+01 3.936069118652087973e-01
9.309309309309308844e+01 3.866624451600864099e-01
9.324324324324324209e+01 3.682848415407569687e-01
9.339339339339339574e+01 3.383480410079998668e-01
9.354354354354354939e+01 2.972157350523130792e-01
9.369369369369368883e+01 2.457991429759192048e-01
9.384384384384384248e+01 1.860681620413978388e-01
9.399399399399399613e+01 2.650676006900486004e-10
9.414414414414414978e+01 2.269585339510905206e-10
9.429429429429428922e+01 1.938774151254163175e-10
9.444444444444444287e+01 3.139117232377077737e-01
9.459459459459459651e+01 4.780739933482008874e-01
9.474474474474475016e+01 5.827406113189089742e-01
9.489489489489488960e+01 6.287951604721018217e-01
9.504504504504504325e+01 6.146390044050392687e-01
9.519519519519519690e+01 5.406416813129958365e-01
9.534534534534535055e+01 4.157274852954658817e-01
9.549549549549548999e+01 2.584798375394280479e-01
9.564564564564564364e+01 1.488619410929524395e-09
9.579579579579579729e+01 5.236157665740913616e-10
9.594594594594595094e+01 1.764826609328996321e-01
9.609609609609609038e+01 2.751162178792428969e-01
9.624624624624624403e+01 3.419986957505454228e-01
9.639639639639639768e+01 3.753435158075202893e-01
9.654654654654655133e+01 3.706211363538046144e-01
9.669669669669670498e+01 3.268144241998018895e-01
9.684684684684684441e+01 2.509559903182961849e-01
9.699699699699699806e+01 1.576885759357790073e-01
9.714714714714715171e+01 6.656245459281405485e-02
9.729729729729730536e+01 6.291245148632439166e-02
9.744744744744744480e+01 9.370211724907424877e-02
9.759759759759759845e+01 8.572782059972595958e-02
9.774774774774775210e+01 1.125126499940903302e-01
9.789789789789790575e+01 1.466299046675140216e-01
9.804804804804804519e+01 1.835323035106724565e-01
9.819819819819819884e+01 2.218520582074373915e-01
9.834834834834835249e+01 2.601420804569326006e-01
9.849849849849850614e+01 2.967644919896956779e-01
9.864864864864864558e+01 3.299593438061700357e-01
9.879879879879879923e+01 3.579079696715565806e-01
9.894894894894895288e+01 3.788181122202790019e-01
9.909909909909910652e+01 3.910498933206782435e-01
9.924924924924924596e+01 3.932597402954764454e-01
9.939939939939939961e+01 3.845141494702639662e-01
9.954954954954955326e+01 3.643358204861360528e-01
9.969969969969970691e+01 3.326893480730811481e-01
9.984984984984984635e+01 2.899674039675134707e-01
1.000000000000000000e+02 2.371237621924011107e-01
1.001501501501501536e+02 1.763867795027173335e-01
1.003003003003003073e+02 1.348888090239843969e-09
1.004504504504504467e+02 8.900976817416708233e-10
1.006006006006006004e+02 3.741487943376494491e-10
1.007507507507507540e+02 3.420683369054146605e-01
1.009009009009009077e+02 4.982715812494764585e-01
1.010510510510510471e+02 5.950786155858401871e-01
1.012012012012012008e+02 6.318083584137305087e-01
1.013513513513513544e+02 6.069103843479188853e-01
1.015015015015015081e+02 5.232492667628867444e-01
1.016516516516516475e+02 3.920977263841439187e-01
1.018018018018018012e+02 2.324465915438752583e-01
1.019519519519519548e+02 1.517320204935902055e-09
1.021021021021021085e+02 6.737089551490491998e-10
1.022522522522522479e+02 1.942748209128555559e-01
1.024024024024024015e+02 2.883039532528698379e-01
1.025525525525525552e+02 3.500274645290788467e-01
1.027027027027027088e+02 3.768910719723955749e-01
1.028528528528528483e+02 3.655011560558979467e-01
1.030030030030030019e+02 3.164768001965798105e-01
1.031531531531531556e+02 2.373641907847810761e-01
1.033033033033033092e+02 1.432989154675403942e-01
1.034534534534534487e+02 5.441917245272910597e-02
1.036036036036036023e+02 7.499040949208349294e-02
1.037537537537537560e+02 8.949238621853873588e-02
1.039039039039039096e+02 8.848656664793987103e-02
1.040540540540540491e+02 1.175228503649609346e-01
1.042042042042042027e+02 1.522845730528753494e-01
1.043543543543543564e+02 1.894466165789659984e-01
1.045045045045045100e+02 2.277578498381232219e-01
1.046546546546546494e+02 2.658465084648996002e-01
1.048048048048048031e+02 3.020923718946612047e-01
1.049549549549549567e+02 3.346762734435060893e-01
1.051051051051051104e+02 3.616987001933738566e-01
1.052552552552552498e+02 3.813439588050018259e-01
1.054054054054054035e+02 3.920408749079000721e-01
1.055555555555555571e+02 3.925714925827761825e-01
1.057057057057057108e+02 3.821115003680781719e-01
1.058558558558558644e+02 3.602290253043469170e-01
1.060060060060060039e+02 3.268884250091729782e-01
1.061561561561561575e+02 2.825068924581569663e-01
1.063063063063063112e+02 2.281789467815683037e-01
1.064564564564564648e+02 1.665420208481256381e-01
1.066066066066066043e+02 3.038754504105867477e-10
1.067567567567567579e+02 5.979661848846272447e-10
1.069069069069069116e+02 2.351528194855681766e-09
1.070570570570570652e+02 3.712495571716998843e-01
1.072072072072072046e+02 5.185780040333147767e-01
1.073573573573573583e+02 6.052799801163225579e-01
1.075075075075075119e+02 6.310954118542403402e-01
1.076576576576576656e+02 5.963168835895413800e-01
1.078078078078078050e+02 5.052254077798399301e-01
1.079579579579579587e+02 3.692333993405433890e-01
1.081081081081081123e+02 2.076400734067246623e-01
1.082582582582582660e+02 5.928838663840508799e-10
1.084084084084084054e+02 4.705283882930464156e-10
1.085585585585585591e+02 2.115163639220253577e-01
1.087087087087087127e+02 3.000501032572763793e-01
1.088588588588588664e+02 3.558399424037023140e-01
1.090090090090090058e+02 3.768417737006141688e-01
1.091591591591591595e+02 3.602184662120800351e-01
1.093093093093093131e+02 3.065065901285267680e-01
1.094594594594594668e+02 2.239023494040960904e-01
1.096096096096096062e+02 1.292136349208113655e-01
1.097597597597597598e+02 4.239702033060655656e-02
1.099099099099099135e+02 8.594521503279109464e-02
1.100600600600600671e+02 8.584726699747535772e-02
1.102102102102102066e+02 9.220910867282346157e-02
1.103603603603603602e+02 1.228012212641123174e-01
1.105105105105105139e+02 1.579141059433446515e-01
1.106606606606606675e+02 1.952235616694618092e-01
1.108108108108108070e+02 2.335869456363414975e-01
1.109609609609609606e+02 2.715790850134347512e-01
1.111111111111111143e+02 3.074585969868333102e-01
1.112612612612612679e+02 3.393150404646096963e-01
1.114114114114114074e+02 3.652540745371190001e-01
1.115615615615615610e+02 3.835519399905759075e-01
1.117117117117117147e+02 3.927481370224119583e-01
1.118618618618618683e+02 3.916877821095538503e-01
1.120120120120120077e+02 3.795519151018431070e-01
1.121621621621621614e+02 3.559069716562319741e-01
1.123123123123123150e+02 3.207703384795244084e-01
1.124624624624624687e+02 2.746911322988962456e-01
1.126126126126126081e+02 2.189828841470745913e-01
1.127627627627627618e+02 1.566996856380004632e-01
1.129129129129129154e+02 5.862696008655654736e-10
1.130630630630630691e+02 3.111093144147451833e-10
1.132132132132132085e+02 2.016705151169187749e-01
1.133633633633633622e+02 3.989378788341639837e-01
1.135135135135135158e+02 5.355558415894368096e-01
1.136636636636636695e+02 6.117972404384720564e-01
1.138138138138138089e+02 6.285149199527041430e-01
1.139639639639639626e+02 5.859814574399329068e-01
1.141141141141141162e+02 4.878833736271596666e-01
1.142642642642642699e+02 3.463690251531053588e-01
1.144144144144144093e+02 1.825508132290720731e-01
1.145645645645645629e+02 6.051656975818648280e-10
1.147147147147147166e+02 1.108930249672404195e-01
1.148648648648648702e+02 2.268177906980030079e-01
1.150150150150150097e+02 3.099406563793991598e-01
1.151651651651651633e+02 3.608664099800388270e-01
1.153153153153153170e+02 3.771577149556449293e-01
1.154654654654654706e+02 3.550779321775145991e-01
1.156156156156156243e+02 2.957369712132822959e-01
1.157657657657657637e+02 2.095445545156484346e-01
1.159159159159159174e+02 1.146674380818043792e-01
1.160660660660660710e+02 2.922028719507713604e-02
1.162162162162162247e+02 9.608979594344456421e-02
1.163663663663663641e+02 8.358061414214876250e-02
1.165165165165165178e+02 9.647831263114768630e-02
1.166666666666666714e+02 1.279834905363144149e-01
1.168168168168168251e+02 1.634290384406427710e-01
1.169669669669669645e+02 2.010304891192164212e-01
1.171171171171171181e+02 2.395391436964018628e-01
1.172672672672672718e+02 2.773731779381817808e-01
1.174174174174174254e+02 3.127196444527123309e-01
1.175675675675675649e+02 3.437080265902072718e-01
1.177177177177177185e+02 3.685381229808769588e-01
1.178678678678678722e+02 3.855556038088904791e-01
1.180180180180180258e+02 3.933091325990123455e-01
1.181681681681681653e+02 3.906249282098077646e-01
1.183183183183183189e+02 3.767031102627012573e-01
1.184684684684684726e+02 3.512034249476198577e-01
1.186186186186186262e+02 3.142854855931367930e-01
1.187687687687687657e+02 2.666358037867087583e-01
1.189189189189189193e+02 2.097198540142764522e-01
1.190690690690690730e+02 2.005449253588973419e-09
1.192192192192192266e+02 0.000000000000000000e+00
1.193693693693693660e+02 2.540967984263580005e-10
1.195195195195195197e+02 2.355079054942924854e-01
1.196696696696696733e+02 4.227392349236882008e-01
1.198198198198198270e+02 5.496699467865633348e-01
1.199699699699699664e+02 6.177674171142802928e-01
1.201201201201201201e+02 6.267671507839017719e-01
1.202702702702702737e+02 5.756126871335348616e-01
1.204204204204204274e+02 4.689438683684441500e-01
1.205705705705705668e+02 3.216085505271478184e-01
1.207207207207207205e+02 1.562336649758042928e-01
1.208708708708708741e+02 6.976278380401721345e-10
1.210210210210210278e+02 1.300414431878683386e-01
1.211711711711711672e+02 2.410413754832948785e-01
1.213213213213213209e+02 3.198256377633402758e-01
1.214714714714714745e+02 3.664774830798734895e-01
1.216216216216216282e+02 3.771149494065855201e-01
1.217717717717717676e+02 3.482439207951254501e-01
1.219219219219219212e+02 2.833141599576742276e-01
1.220720720720720749e+02 1.944895962216859620e-01
1.222222222222222285e+02 1.001111600749756692e-01
1.223723723723723680e+02 2.975400382815027514e-02
1.225225225225225216e+02 1.059732526004694836e-01
1.226726726726726753e+02 8.272493889487655960e-02
1.228228228228228289e+02 1.007564446877052683e-01
1.229729729729729684e+02 1.331183630494464920e-01
1.231231231231231220e+02 1.690844200902543171e-01
1.232732732732732757e+02 2.070146125153859429e-01
1.234234234234234293e+02 2.455310603800041069e-01
1.235735735735735688e+02 2.830259627666846245e-01
1.237237237237237224e+02 3.177512801406477960e-01
1.238738738738738761e+02 3.479050022132161857e-01
1.240240240240240297e+02 3.716974271401747854e-01
1.241741741741741691e+02 3.874366872007694584e-01
1.243243243243243228e+02 3.936499453096230505e-01
1.244744744744744764e+02 3.892153072100522082e-01
1.246246246246246301e+02 3.734565241958037740e-01
1.247747747747747695e+02 3.461689090045231287e-01
1.249249249249249232e+02 3.075973018303320150e-01
1.250750750750750768e+02 2.584672621638907097e-01
1.252252252252252305e+02 2.003676594247317255e-01
1.253753753753753841e+02 7.188359309370794529e-10
1.255255255255255236e+02 6.510135177676524988e-10
1.256756756756756772e+02 2.127988289059109394e-10
1.258258258258258309e+02 2.665316412007655567e-01
1.259759759759759845e+02 4.451730381112630752e-01
1.261261261261261239e+02 5.643656081671457603e-01
1.262762762762762776e+02 6.245037763284402299e-01
1.264264264264264312e+02 6.238366951361395962e-01
1.265765765765765849e+02 5.622652350873544869e-01
1.267267267267267243e+02 4.473671153347077434e-01
1.268768768768768780e+02 2.957844624137833667e-01
1.270270270270270316e+02 1.303151117272674797e-01
1.271771771771771853e+02 9.364258954539131443e-10
1.273273273273273247e+02 1.492378638107082212e-01
1.274774774774774784e+02 2.556825161966804760e-01
1.276276276276276320e+02 3.300388179208949002e-01
1.277777777777777857e+02 3.710902788423088294e-01
1.279279279279279251e+02 3.748256866239852991e-01
1.280780780780780788e+02 3.396059367999222922e-01
1.282282282282282324e+02 2.704286868396560961e-01
1.283783783783783861e+02 1.797974725042841559e-01
1.285285285285285397e+02 8.661532468429826437e-02
1.286786786786786934e+02 4.479085474195548811e-02
1.288288288288288186e+02 1.009096251488860868e-01
1.289789789789789722e+02 8.287121448966472403e-02
1.291291291291291259e+02 1.052285849937196621e-01
1.292792792792792795e+02 1.385209560349472957e-01
1.294294294294294332e+02 1.749404627429982095e-01
1.295795795795795868e+02 2.130008876283968622e-01
1.297297297297297405e+02 2.513730789849035752e-01
1.298798798798798941e+02 2.885176940060562023e-01
1.300300300300300194e+02 3.227016079466337173e-01
1.301801801801801730e+02 3.520684950526496437e-01
1.303303303303303267e+02 3.747624909765214229e-01
1.304804804804804803e+02 3.890877924012494105e-01
1.306306306306306340e+02 3.936565406186109950e-01
1.307807807807807876e+02 3.874786991922596902e-01
1.309309309309309413e+02 3.699836564000211214e-01
1.310810810810810949e+02 3.410058329285978740e-01
1.312312312312312201e+02 3.007912947694953432e-01
1.313813813813813738e+02 2.501165716352317103e-01
1.315315315315315274e+02 1.908197899515401141e-01
1.316816816816816811e+02 1.770313823360715837e-09
1.318318318318318347e+02 8.391290183536572098e-10
1.319819819819819884e+02 6.543634820843803676e-10
1.321321321321321420e+02 2.980424685394222895e-01
1.322822822822822957e+02 4.686125836332941108e-01
1.324324324324324209e+02 5.789796352176599381e-01
1.325825825825825746e+02 6.287866264184703846e-01
1.327327327327327282e+02 6.172215160306817605e-01
1.328828828828828819e+02 5.464876669130200870e-01
1.330330330330330355e+02 4.254764016102742241e-01
1.331831831831831892e+02 2.708782796935342851e-01
1.333333333333333428e+02 1.061698921059235773e-01
1.334834834834834965e+02 8.331848860184438547e-10
1.336336336336336217e+02 1.685928875838622054e-01
1.337837837837837753e+02 2.698929461993788137e-01
1.339339339339339290e+02 3.386375242651712414e-01
1.340840840840840826e+02 3.734048168633797848e-01
1.342342342342342363e+02 3.711636416531484683e-01
1.343843843843843899e+02 3.309653355861142399e-01
1.345345345345345436e+02 2.579307893304845778e-01
1.346846846846846972e+02 1.655552138731283818e-01
1.348348348348348509e+02 7.395151686492086596e-02
1.349849849849849761e+02 5.784889020314917807e-02
1.351351351351351298e+02 9.585686640897379818e-02
1.352852852852852834e+02 8.428807451446305998e-02
1.354354354354354371e+02 1.101596496854052032e-01
1.355855855855855907e+02 1.440962890158326293e-01
1.357357357357357444e+02 1.807367400910735999e-01
1.358858858858858980e+02 2.188453873101614267e-01
1.360360360360360517e+02 2.571402508610618476e-01
1.361861861861861769e+02 2.940236288092156203e-01
1.363363363363363305e+02 3.276540098689303959e-01
1.364864864864864842e+02 3.561060936821585643e-01
1.366366366366366378e+02 3.775504719648992147e-01
1.367867867867867915e+02 3.903961031921450719e-01
1.369369369369369451e+02 3.933680817610079039e-01
1.370870870870870988e+02 3.855360904687885615e-01
1.372372372372372524e+02 3.663336916849486702e-01
1.373873873873873777e+02 3.355989192923497511e-01
1.375375375375375313e+02 2.936438025159249787e-01
1.376876876876876850e+02 2.414101589332278974e-01
1.378378378378378386e+02 1.810752600423838621e-01
1.379879879879879923e+02 3.189512349528805255e-10
1.381381381381381459e+02 5.553569708225570649e-10
1.382882882882882996e+02 2.989615188608743978e-10
1.384384384384384532e+02 3.298594433289224193e-01
1.385885885885885784e+02 4.905060346499896529e-01
1.387387387387387321e+02 5.901392094701942703e-01
1.388888888888888857e+02 6.295444182099438901e-01
1.390390390390390394e+02 6.091080662712257121e-01
1.391891891891891930e+02 5.311301550360275625e-01
1.393393393393393467e+02 4.043165917798219322e-01
1.394894894894895003e+02 2.463873457423733926e-01
1.396396396396396540e+02 7.194733255853385647e-10
1.397897897897897792e+02 6.209711553119128034e-10
1.399399399399399329e+02 1.864666505073880043e-01
1.400900900900900865e+02 2.821327249656747638e-01
1.402402402402402402e+02 3.453864006571124579e-01
1.403903903903903938e+02 3.751134842297299543e-01
1.405405405405405475e+02 3.678869217977011052e-01
1.406906906906907011e+02 3.223418336752724156e-01
1.408408408408408548e+02 2.448445803736027104e-01
1.409909909909909800e+02 1.509186814781167396e-01
1.411411411411411336e+02 6.087279178687140385e-02
1.412912912912912873e+02 6.907381147771161911e-02
1.414414414414414409e+02 9.123669493563631161e-02
1.415915915915915946e+02 8.710126088834815872e-02
1.417417417417417482e+02 1.152367042316553986e-01
1.418918918918919019e+02 1.495507110224109371e-01
1.420420420420420555e+02 1.864347270741309182e-01
1.421921921921921808e+02 2.247242067139229027e-01
1.423423423423423344e+02 2.630068073069611878e-01
1.424924924924924881e+02 2.995475906328252669e-01
1.426426426426426417e+02 3.324585298964457536e-01
1.427927927927927954e+02 3.598718855337294520e-01
1.429429429429429490e+02 3.800598111268413959e-01
1.430930930930931027e+02 3.915011325321282598e-01
1.432432432432432563e+02 3.929306404937293329e-01
1.433933933933933815e+02 3.834050642448300628e-01
1.435435435435435352e+02 3.623874443961495051e-01
1.436936936936936888e+02 3.298185204272012783e-01
1.438438438438438425e+02 2.861597547940918917e-01
1.439939939939939961e+02 2.325200183517597829e-01
1.441441441441441498e+02 1.713619707476327636e-01
1.442942942942943034e+02 7.032788613297064457e-10
1.444444444444444571e+02 5.608498758028734381e-10
1.445945945945946107e+02 1.816475903292224181e-09
1.447447447447447360e+02 3.584878967176028386e-01
1.448948948948948896e+02 5.085215850838986640e-01
1.450450450450450433e+02 5.986622532988604695e-01
1.451951951951951969e+02 6.300146075987801408e-01
1.453453453453453506e+02 6.017840130805583998e-01
1.454954954954955042e+02 5.156221016878583807e-01
1.456456456456456579e+02 3.818825330767567361e-01
1.457957957957958115e+02 2.205789983993579617e-01
1.459459459459459367e+02 8.064048030652963343e-10
1.460960960960960904e+02 1.631588572793061145e-09
1.462462462462462440e+02 2.025390985784421005e-01
1.463963963963963977e+02 2.932760273930200556e-01
1.465465465465465513e+02 3.522535418024138609e-01
1.466966966966967050e+02 3.773115575785939146e-01
1.468468468468468586e+02 3.640006714961901424e-01
1.469969969969970123e+02 3.121411732405688921e-01
1.471471471471471375e+02 2.305514730477626895e-01
1.472972972972972912e+02 1.358220677294273426e-01
1.474474474474474448e+02 4.734089677037927463e-02
1.475975975975975985e+02 7.992947590055944629e-02
1.477477477477477521e+02 8.759623564678299668e-02
1.478978978978979058e+02 9.054520882570910034e-02
1.480480480480480594e+02 1.201675413025531658e-01
1.481981981981982130e+02 1.549781142149586344e-01
1.483483483483483383e+02 1.922660173574652631e-01
1.484984984984984919e+02 2.307384562469186051e-01
1.486486486486486456e+02 2.688585169349516635e-01
1.487987987987987992e+02 3.048857607415413340e-01
1.489489489489489529e+02 3.370075022270727083e-01
1.490990990990991065e+02 3.634264795723661234e-01
1.492492492492492602e+02 3.824264420992406488e-01
1.493993993993994138e+02 3.924554572390506202e-01
1.495495495495495391e+02 3.922400850918517645e-01
1.496996996996996927e+02 3.809031826748154881e-01
1.498498498498498464e+02 3.580386941398134848e-01
1.500000000000000000e+02 3.237210798142441392e-01
