0.000000000000000000e+00 1.059680919391063486e-01
1.501501501501501523e-01 2.747901414581423452e-01
3.003003003003003046e-01 4.072788423928511148e-01
4.504504504504504570e-01 5.554301005032536986e-01
6.006006006006006093e-01 6.129446251609607099e-01
7.507507507507507061e-01 5.824420518893458354e-01
9.009009009009009139e-01 5.531499297618942546e-01
1.051051051051051122e+00 5.315542318671006017e-01
1.201201201201201219e+00 6.520006842415431159e-01
1.351351351351351315e+00 6.833741681157076142e-01
1.501501501501501412e+00 6.315600544223211044e-01
1.651651651651651731e+00 6.128933921811919872e-01
1.801801801801801828e+00 6.494139918326873318e-01
1.951951951951951925e+00 6.814217022488421316e-01
2.102102102102102243e+00 7.025902002000531388e-01
2.252252252252252340e+00 6.579445987751876279e-01
2.402402402402402437e+00 6.702602366171929171e-01
2.552552552552552534e+00 7.310347323224718474e-01
2.702702702702702631e+00 7.475294521258819547e-01
2.852852852852852727e+00 7.143595344938596936e-01
3.003003003003002824e+00 6.787767906028437936e-01
3.153153153153153365e+00 6.546391314908167613e-01
3.303303303303303462e+00 7.654444283981973740e-01
3.453453453453453559e+00 8.478716689053602540e-01
3.603603603603603656e+00 8.743450606852940510e-01
3.753753753753753752e+00 8.753353013395025473e-01
3.903903903903903849e+00 8.878717752997372648e-01
4.054054054054054390e+00 8.954916913802178913e-01
4.204204204204204487e+00 8.982713867479692471e-01
4.354354354354354584e+00 8.689517601797893676e-01
4.504504504504504681e+00 8.147434409222631402e-01
4.654654654654654777e+00 7.752210252579101457e-01
4.804804804804804874e+00 7.674669488356649083e-01
4.954954954954954971e+00 7.575483050619528091e-01
5.105105105105105068e+00 7.384617329069076419e-01
5.255255255255255165e+00 7.251885726383627828e-01
5.405405405405405261e+00 8.009963818513841094e-01
5.555555555555555358e+00 8.703876380936512724e-01
5.705705705705705455e+00 9.228537061617323456e-01
5.855855855855855552e+00 9.285615968090370487e-01
6.006006006006005649e+00 9.158224906112847341e-01
6.156156156156156634e+00 8.975227477613072491e-01
6.306306306306306730e+00 8.915947949235856207e-01
6.456456456456456827e+00 9.386228882203817570e-01
6.606606606606606924e+00 9.257398153378105787e-01
6.756756756756757021e+00 8.742954495533239445e-01
6.906906906906907118e+00 8.627171245125565546e-01
7.057057057057057214e+00 8.680487012537192459e-01
7.207207207207207311e+00 8.635862484822488527e-01
7.357357357357357408e+00 8.574506941515688263e-01
7.507507507507507505e+00 8.807191625405971225e-01
7.657657657657657602e+00 9.031895050880459630e-01
7.807807807807807698e+00 9.236555675236730600e-01
7.957957957957957795e+00 9.196235631959760459e-01
8.108108108108108780e+00 9.004010191311565547e-01
8.258258258258258877e+00 8.744515430683241775e-01
8.408408408408408974e+00 8.685651370669171811e-01
8.558558558558559071e+00 9.358270486967207313e-01
8.708708708708709167e+00 9.614999511032854551e-01
8.858858858858859264e+00 9.447379420940977823e-01
9.009009009009009361e+00 9.392710331367940535e-01
9.159159159159159458e+00 9.402494483436764083e-01
9.309309309309309555e+00 9.326959602067440569e-01
9.459459459459459651e+00 9.287804599708696651e-01
9.609609609609609748e+00 9.387188075443753110e-01
9.759759759759759845e+00 9.284098292020147580e-01
9.909909909909909942e+00 9.115799331403492411e-01
1.006006006006006004e+01 9.040712978954704715e-01
1.021021021021021014e+01 8.913715800737961326e-01
1.036036036036036023e+01 8.698122254311103640e-01
1.051051051051051033e+01 8.677325120748204945e-01
1.066066066066066043e+01 9.238768401916063189e-01
1.081081081081081052e+01 9.541503608998234132e-01
1.096096096096096062e+01 9.575529015702284319e-01
1.111111111111111072e+01 9.534591663302616205e-01
1.126126126126126081e+01 9.447812097006353937e-01
1.141141141141141091e+01 9.280719340658366567e-01
1.156156156156156101e+01 9.286856237913537759e-01
1.171171171171171110e+01 9.595204838531852243e-01
1.186186186186186120e+01 9.528156274519855584e-01
1.201201201201201130e+01 9.233635105938509113e-01
1.216216216216216317e+01 9.177936099002615977e-01
1.231231231231231327e+01 9.113912639081580558e-01
1.246246246246246336e+01 8.955274023305378472e-01
1.261261261261261346e+01 8.965293321627797463e-01
1.276276276276276356e+01 9.343406699988994202e-01
1.291291291291291365e+01 9.511831887950755737e-01
1.306306306306306375e+01 9.498025224143320511e-01
1.321321321321321385e+01 9.435281423521917343e-01
1.336336336336336394e+01 9.305468323902025274e-01
1.351351351351351404e+01 9.095396780853198804e-01
1.366366366366366414e+01 9.143442984587115685e-01
1.381381381381381424e+01 9.574327735249470450e-01
1.396396396396396433e+01 9.651114950991567243e-01
1.411411411411411443e+01 9.436573688649098068e-01
1.426426426426426453e+01 9.407094588956496084e-01
1.441441441441441462e+01 9.345295342087520662e-01
1.456456456456456472e+01 9.194079594914196241e-01
1.471471471471471482e+01 9.228354455051237526e-01
1.486486486486486491e+01 9.496779622406087418e-01
1.501501501501501501e+01 9.526246553061337163e-01
1.516516516516516511e+01 9.389794959126365193e-01
1.531531531531531520e+01 9.332265808885148450e-01
1.546546546546546530e+01 9.211083415446937872e-01
1.561561561561561540e+01 9.004655450940231010e-01
1.576576576576576549e+01 9.088277296740734368e-01
1.591591591591591559e+01 9.503525002543826705e-01
1.606606606606606746e+01 9.626207982063187396e-01
1.621621621621621756e+01 9.493493316704039175e-01
1.636636636636636766e+01 9.463784398656501784e-01
1.651651651651651775e+01 9.371556555934662525e-01
1.666666666666666785e+01 9.193438331832265442e-01
1.681681681681681795e+01 9.279190032848417813e-01
1.696696696696696804e+01 9.571984535073799760e-01
1.711711711711711814e+01 9.569426909018723393e-01
1.726726726726726824e+01 9.365738094066481390e-01
1.741741741741741833e+01 9.336803516781223555e-01
1.756756756756756843e+01 9.233800416582095272e-01
1.771771771771771853e+01 9.043001881341405923e-01
1.786786786786786863e+01 9.149516425113830564e-01
1.801801801801801872e+01 9.503865316252573248e-01
1.816816816816816882e+01 9.594316645397296117e-01
1.831831831831831892e+01 9.465678289710784954e-01
1.846846846846846901e+01 9.430159678602210160e-01
1.861861861861861911e+01 9.316104689618810442e-01
1.876876876876876921e+01 9.117665051458424541e-01
1.891891891891891930e+01 9.256850489729675502e-01
1.906906906906906940e+01 9.585334827025490112e-01
1.921921921921921950e+01 9.607747777588181437e-01
1.936936936936936959e+01 9.399104938038200796e-01
1.951951951951951969e+01 9.388337381798459447e-01
1.966966966966966979e+01 9.289857270094280528e-01
1.981981981981981988e+01 9.104865868925751116e-01
1.996996996996996998e+01 9.236509097138868585e-01
2.012012012012012008e+01 9.538181379901103929e-01
2.027027027027027017e+01 9.581211515735943429e-01
2.042042042042042027e+01 9.420618421069371085e-01
2.057057057057057037e+01 9.395755914902500505e-01
2.072072072072072046e+01 9.275628548355340230e-01
2.087087087087087056e+01 9.070869047539250607e-01
2.102102102102102066e+01 9.243788852325685035e-01
2.117117117117117076e+01 9.568475270983382019e-01
2.132132132132132085e+01 9.606510270150546704e-01
2.147147147147147095e+01 9.424690703298886918e-01
2.162162162162162105e+01 9.411646827040623942e-01
2.177177177177177114e+01 9.304328850518444050e-01
2.192192192192192124e+01 9.112121368289387568e-01
2.207207207207207134e+01 9.289356576367119311e-01
2.222222222222222143e+01 9.571279347258075942e-01
2.237237237237237153e+01 9.579892290397710175e-01
2.252252252252252163e+01 9.397467251215053663e-01
2.267267267267267172e+01 9.374809473472160981e-01
2.282282282282282182e+01 9.256215626571909771e-01
2.297297297297297192e+01 9.052533201418377917e-01
2.312312312312312201e+01 9.253064760235134578e-01
2.327327327327327211e+01 9.557295053385970185e-01
2.342342342342342221e+01 9.592802107360324237e-01
2.357357357357357230e+01 9.437537082200267990e-01
2.372372372372372240e+01 9.412431267238779986e-01
2.387387387387387250e+01 9.293670711333359424e-01
2.402402402402402259e+01 9.091155734972168334e-01
2.417417417417417624e+01 9.310676560454335116e-01
2.432432432432432634e+01 9.590481985337913073e-01
2.447447447447447644e+01 9.588762677408192436e-01
2.462462462462462653e+01 9.404547857824032686e-01
2.477477477477477663e+01 9.381387881999808664e-01
2.492492492492492673e+01 9.263054236419695497e-01
2.507507507507507682e+01 9.060477005464500078e-01
2.522522522522522692e+01 9.291883754055337841e-01
2.537537537537537702e+01 9.565916484048488933e-01
2.552552552552552712e+01 9.578759378471489727e-01
2.567567567567567721e+01 9.422928861553500068e-01
2.582582582582582731e+01 9.391626587180529340e-01
2.597597597597597741e+01 9.266419184462642011e-01
2.612612612612612750e+01 9.057722675160079229e-01
2.627627627627627760e+01 9.314473438032222496e-01
2.642642642642642770e+01 9.589705896205893421e-01
2.657657657657657779e+01 9.590413331183229584e-01
2.672672672672672789e+01 9.426434239291222594e-01
2.687687687687687799e+01 9.396898832368905108e-01
2.702702702702702808e+01 9.273298673200460751e-01
2.717717717717717818e+01 9.066898915112616697e-01
2.732732732732732828e+01 9.328579223796729103e-01
2.747747747747747837e+01 9.580921408691732699e-01
2.762762762762762847e+01 9.571266492760089895e-01
2.777777777777777857e+01 9.411371225705835730e-01
2.792792792792792866e+01 9.377599186563869704e-01
2.807807807807807876e+01 9.249575909157565778e-01
2.822822822822822886e+01 9.038101291492758316e-01
2.837837837837837895e+01 9.331804057860683121e-01
2.852852852852852905e+01 9.588979841406043425e-01
2.867867867867867915e+01 9.579706218535266604e-01
2.882882882882882924e+01 9.425746445864914280e-01
2.897897897897897934e+01 9.389055125669185653e-01
2.912912912912912944e+01 9.259076858757483430e-01
2.927927927927927954e+01 9.047339353059327127e-01
2.942942942942942963e+01 9.345022985335105226e-01
2.957957957957957973e+01 9.589547919802132725e-01
2.972972972972972983e+01 9.571818275821163402e-01
2.987987987987987992e+01 9.421006971379199957e-01
3.003003003003003002e+01 9.383338456018691653e-01
3.018018018018018012e+01 9.251626308022823375e-01
3.033033033033033021e+01 9.037178866798769583e-01
3.048048048048048031e+01 9.358204864217823937e-01
3.063063063063063041e+01 9.593503445524683704e-01
3.078078078078078050e+01 9.568530463469566705e-01
3.093093093093093060e+01 9.419924237337350403e-01
3.108108108108108070e+01 9.377957835641217432e-01
3.123123123123123079e+01 9.243274768216345194e-01
3.138138138138138089e+01 9.027487373155873573e-01
3.153153153153153099e+01 9.364196180452835083e-01
3.168168168168168108e+01 9.596100943021501628e-01
3.183183183183183118e+01 9.567165880108438047e-01
3.198198198198198128e+01 9.420922172941017525e-01
3.213213213213213493e+01 9.378424935596110235e-01
3.228228228228228147e+01 9.242182126918058183e-01
3.243243243243243512e+01 9.024142513817672295e-01
3.258258258258258167e+01 9.374786995549283519e-01
3.273273273273273531e+01 9.595227779410067104e-01
3.288288288288288186e+01 9.561102836135734195e-01
3.303303303303303551e+01 9.424818873364751992e-01
3.318318318318318205e+01 9.377788552238811581e-01
3.333333333333333570e+01 9.238515535637177312e-01
3.348348348348348225e+01 9.018707432210031349e-01
3.363363363363363590e+01 9.386231556905153539e-01
3.378378378378378244e+01 9.602544404548164492e-01
3.393393393393393609e+01 9.560569897059906230e-01
3.408408408408408263e+01 9.419653412512993818e-01
3.423423423423423628e+01 9.371940055615209930e-01
3.438438438438438283e+01 9.230989576837075328e-01
3.453453453453453648e+01 9.009300730961862236e-01
3.468468468468468302e+01 9.394771624998579096e-01
3.483483483483483667e+01 9.598458315119959838e-01
3.498498498498498321e+01 9.550642331817087438e-01
3.513513513513513686e+01 9.419288386040511885e-01
3.528528528528528341e+01 9.368160346080542933e-01
3.543543543543543706e+01 9.225012839927922981e-01
3.558558558558558360e+01 9.001703317943744453e-01
3.573573573573573725e+01 9.400848883474645090e-01
3.588588588588588379e+01 9.605239348365001151e-01
3.603603603603603744e+01 9.555769483261270514e-01
3.618618618618618399e+01 9.427596687611203841e-01
3.633633633633633764e+01 9.373643456728906198e-01
3.648648648648648418e+01 9.227222601660459711e-01
3.663663663663663783e+01 9.001322614877922401e-01
3.678678678678678438e+01 9.414401629234814273e-01
3.693693693693693803e+01 9.602773650211362533e-01
3.708708708708708457e+01 9.542141668271744148e-01
3.723723723723723822e+01 9.416249829534802940e-01
3.738738738738738476e+01 9.361352668630017471e-01
3.753753753753753841e+01 9.214636595013662168e-01
3.768768768768768496e+01 8.988182756341601687e-01
3.783783783783783861e+01 9.422199794593819622e-01
3.798798798798798515e+01 9.608229301419479729e-01
3.813813813813813880e+01 9.544208834916826367e-01
3.828828828828828534e+01 9.421596045574575085e-01
3.843843843843843899e+01 9.362356605702012446e-01
3.858858858858859264e+01 9.211296684735134077e-01
3.873873873873873919e+01 8.981762122938794501e-01
3.888888888888889284e+01 9.424145864582771370e-01
3.903903903903903938e+01 9.603618263305496727e-01
3.918918918918919303e+01 9.537757885103067546e-01
3.933933933933933957e+01 9.424802926125087632e-01
3.948948948948949322e+01 9.364549474007711760e-01
3.963963963963963977e+01 9.212803594546707942e-01
3.978978978978979342e+01 8.982086257582405642e-01
3.993993993993993996e+01 9.444354829436910626e-01
4.009009009009009361e+01 9.612170792549570297e-01
4.024024024024024015e+01 9.533079032200321157e-01
4.039039039039039380e+01 9.416688993427425602e-01
4.054054054054054035e+01 9.353111277921740685e-01
4.069069069069069400e+01 9.198443544703297503e-01
4.084084084084084054e+01 8.967024602257169796e-01
4.099099099099099419e+01 9.440748607831285222e-01
4.114114114114114074e+01 9.605276604823462794e-01
4.129129129129129439e+01 9.527081914762949300e-01
4.144144144144144093e+01 9.419901557033554251e-01
4.159159159159159458e+01 9.354634696640813374e-01
4.174174174174174112e+01 9.198042713502849743e-01
4.189189189189189477e+01 8.987542833645884022e-01
4.204204204204204132e+01 9.455483715736939798e-01
4.219219219219219497e+01 9.612162245049009623e-01
4.234234234234234151e+01 9.526469272006254929e-01
4.249249249249249516e+01 9.423687908176590078e-01
4.264264264264264170e+01 9.354810529504612449e-01
4.279279279279279535e+01 9.195711677445744803e-01
4.294294294294294190e+01 9.004518603235222018e-01
4.309309309309309555e+01 9.460362483026752978e-01
4.324324324324324209e+01 9.609207319852842710e-01
4.339339339339339574e+01 9.516944701682491514e-01
4.354354354354354228e+01 9.415550962878976859e-01
4.369369369369369593e+01 9.345786724966200776e-01
4.384384384384384248e+01 9.184984653239166574e-01
4.399399399399399613e+01 9.020902509573127670e-01
4.414414414414414267e+01 9.470587804217318606e-01
4.429429429429429632e+01 9.610750977848179222e-01
4.444444444444444287e+01 9.512936644092380156e-01
4.459459459459459651e+01 9.417784294540555434e-01
4.474474474474474306e+01 9.344234443943938428e-01
4.489489489489489671e+01 9.181043976916544169e-01
4.504504504504504325e+01 9.030355015048506795e-01
4.519519519519519690e+01 9.471781653767493703e-01
4.534534534534534345e+01 9.611156621839802572e-01
4.549549549549549710e+01 9.511803415397022121e-01
4.564564564564564364e+01 9.422452981825263363e-01
4.579579579579579729e+01 9.346987219917713974e-01
4.594594594594594383e+01 9.181101194034214652e-01
4.609609609609609748e+01 9.055805607407524382e-01
4.624624624624624403e+01 9.486575880503422820e-01
4.639639639639639768e+01 9.610503058108946783e-01
4.654654654654654422e+01 9.499870333483071416e-01
4.669669669669669787e+01 9.412874847727461525e-01
4.684684684684684441e+01 9.335309606579242914e-01
4.699699699699699806e+01 9.168576226049540701e-01
4.714714714714714461e+01 9.064088296972876435e-01
4.729729729729729826e+01 9.488630016586288018e-01
4.744744744744744480e+01 9.612074725773653849e-01
4.759759759759759845e+01 9.499310634654020147e-01
4.774774774774774500e+01 9.416422037803590106e-01
4.789789789789789864e+01 9.335814529919337357e-01
4.804804804804804519e+01 9.165385230061396937e-01
4.819819819819819884e+01 9.078538827701917446e-01
4.834834834834835249e+01 9.493525668705470322e-01
4.849849849849849903e+01 9.608561279284626444e-01
4.864864864864865268e+01 9.492521992754605620e-01
4.879879879879879923e+01 9.419129230482053972e-01
4.894894894894895288e+01 9.336414847693979002e-01
4.909909909909909942e+01 9.165041182321816970e-01
4.924924924924925307e+01 9.099671961996848024e-01
4.939939939939939961e+01 9.506980768711104091e-01
4.954954954954955326e+01 9.613788287984187386e-01
4.969969969969969981e+01 9.486808187549166105e-01
4.984984984984985346e+01 9.411415930217205128e-01
5.000000000000000000e+01 9.326306167555469262e-01
5.015015015015015365e+01 9.152139498208273771e-01
5.030030030030030019e+01 9.108823856373928773e-01
5.045045045045045384e+01 9.505315272962631123e-01
5.060060060060060039e+01 9.605739847387481101e-01
5.075075075075075404e+01 9.477952275313541453e-01
5.090090090090090058e+01 9.412398264477377374e-01
5.105105105105105423e+01 9.325113901844390707e-01
5.120120120120120077e+01 9.149402294168184069e-01
5.135135135135135442e+01 9.123328524870678580e-01
5.150150150150150097e+01 9.516309926170292144e-01
5.165165165165165462e+01 9.613143764120403167e-01
5.180180180180180116e+01 9.479658466317438803e-01
5.195195195195195481e+01 9.417239203311389417e-01
5.210210210210210136e+01 9.326542194462458246e-01
5.225225225225225500e+01 9.147807315873180967e-01
5.240240240240240155e+01 9.140806390437071771e-01
5.255255255255255520e+01 9.519360801284465490e-01
5.270270270270270174e+01 9.605148636672679041e-01
5.285285285285285539e+01 9.464291040205330408e-01
5.300300300300300194e+01 9.407107718530515195e-01
5.315315315315315559e+01 9.315734929806295250e-01
5.330330330330330213e+01 9.136180766440381573e-01
5.345345345345345578e+01 9.154457008463267043e-01
5.360360360360360232e+01 9.529147476202827205e-01
5.375375375375375597e+01 9.609637388722517271e-01
5.390390390390390252e+01 9.463929173345210222e-01
5.405405405405405617e+01 9.409948256008273670e-01
5.420420420420420271e+01 9.314384870368072056e-01
5.435435435435435636e+01 9.131606935695261162e-01
5.450450450450450290e+01 9.161299415953622072e-01
5.465465465465465655e+01 9.526385263261113456e-01
5.480480480480480310e+01 9.604615608029092311e-01
5.495495495495495675e+01 9.457623452868035852e-01
5.510510510510510329e+01 9.412951354594008002e-01
5.525525525525525694e+01 9.316210781326723644e-01
5.540540540540540349e+01 9.131805218154144255e-01
5.555555555555555713e+01 9.186734205420075128e-01
5.570570570570570368e+01 9.542522128191425201e-01
5.585585585585585733e+01 9.606614156361592549e-01
5.600600600600600387e+01 9.448052055388304060e-01
5.615615615615615752e+01 9.403742912830075351e-01
5.630630630630630407e+01 9.304118748126507521e-01
5.645645645645645772e+01 9.118024847877670425e-01
5.660660660660660426e+01 9.189623209506772028e-01
5.675675675675675791e+01 9.538014372226956139e-01
5.690690690690690445e+01 9.602029369354151411e-01
5.705705705705705810e+01 9.442832108364540566e-01
5.720720720720720465e+01 9.406064543468877215e-01
5.735735735735735830e+01 9.304312439699505832e-01
5.750750750750750484e+01 9.115369317760294576e-01
5.765765765765765849e+01 9.206620051202699662e-01
5.780780780780781214e+01 9.547664531349410177e-01
5.795795795795795868e+01 9.603124385066379443e-01
5.810810810810811233e+01 9.438844380587925187e-01
5.825825825825825888e+01 9.408418052925219266e-01
5.840840840840841253e+01 9.303816007240326424e-01
5.855855855855855907e+01 9.113538630126725160e-01
5.870870870870871272e+01 9.220550673413768772e-01
5.885885885885885926e+01 9.552021009081290703e-01
5.900900900900901291e+01 9.600718308202387252e-01
5.915915915915915946e+01 9.428117738886070409e-01
5.930930930930931311e+01 9.400123106849866961e-01
5.945945945945945965e+01 9.293888730274258991e-01
5.960960960960961330e+01 9.101109601134957927e-01
5.975975975975975985e+01 9.232968251604131149e-01
5.990990990990991349e+01 9.555394979135221067e-01
6.006006006006006004e+01 9.596603997807110487e-01
6.021021021021021369e+01 9.421212934383070836e-01
6.036036036036036023e+01 9.400615870493220783e-01
6.051051051051051388e+01 9.291578372217517146e-01
6.066066066066066043e+01 9.097343194177738290e-01
6.081081081081081408e+01 9.240573906904976376e-01
6.096096096096096062e+01 9.559515618732619124e-01
6.111111111111111427e+01 9.599676381855440921e-01
6.126126126126126081e+01 9.420905547434277327e-01
6.141141141141141446e+01 9.404812540724417635e-01
6.156156156156156101e+01 9.293047250340898957e-01
6.171171171171171466e+01 9.095730148773448764e-01
6.186186186186186120e+01 9.260480208707924099e-01
6.201201201201201485e+01 9.564568618345170581e-01
6.216216216216216139e+01 9.591470332978744295e-01
6.231231231231231504e+01 9.412507225367022778e-01
6.246246246246246159e+01 9.394097963321003109e-01
6.261261261261261524e+01 9.281210418173326815e-01
6.276276276276276178e+01 9.083492389598440964e-01
6.291291291291291543e+01 9.268019595428645951e-01
6.306306306306306197e+01 9.569707526899742245e-01
6.321321321321321562e+01 9.594548329562756495e-01
6.336336336336336217e+01 9.418059085593468716e-01
6.351351351351351582e+01 9.396678124550618127e-01
6.366366366366366236e+01 9.279950891316973705e-01
6.381381381381381601e+01 9.078588052363567584e-01
6.396396396396396256e+01 9.276478745296136141e-01
6.411411411411411621e+01 9.567781697759455417e-01
6.426426426426426985e+01 9.588069390569494699e-01
6.441441441441440929e+01 9.422290962058882391e-01
6.456456456456456294e+01 9.398528945900502807e-01
6.471471471471471659e+01 9.280586058876040267e-01
6.486486486486487024e+01 9.078350256600925539e-01
6.501501501501500968e+01 9.297125628033419131e-01
6.516516516516516333e+01 9.580903874997303005e-01
6.531531531531531698e+01 9.589735209555299011e-01
6.546546546546547063e+01 9.415722140123207184e-01
6.561561561561561007e+01 9.389665983208118627e-01
6.576576576576576372e+01 9.268808223273329316e-01
6.591591591591591737e+01 9.064240917755483906e-01
6.606606606606607102e+01 9.299632321967434834e-01
6.621621621621621046e+01 9.574084645200047206e-01
6.636636636636636410e+01 9.581267680810852116e-01
6.651651651651651775e+01 9.418606512388468799e-01
6.666666666666667140e+01 9.390209541857177378e-01
6.681681681681681084e+01 9.267629196378619483e-01
6.696696696696696449e+01 9.061136590827093551e-01
6.711711711711711814e+01 9.314511110195271559e-01
6.726726726726727179e+01 9.584932441425247918e-01
6.741741741741742544e+01 9.585600269228951031e-01
6.756756756756756488e+01 9.425069738479552317e-01
6.771771771771771853e+01 9.393124428904141565e-01
6.786786786786787218e+01 9.267151825201238591e-01
6.801801801801802583e+01 9.058543781930070704e-01
6.816816816816816527e+01 9.324966389796298660e-01
6.831831831831831892e+01 9.583101829951383710e-01
6.846846846846847257e+01 9.576185694734009601e-01
6.861861861861862621e+01 9.416064564446406937e-01
6.876876876876876565e+01 9.383434881493866175e-01
6.891891891891891930e+01 9.256672959793307287e-01
6.906906906906907295e+01 9.046490568462013382e-01
6.921921921921922660e+01 9.338123604103173436e-01
6.936936936936936604e+01 9.590132217853207797e-01
6.951951951951951969e+01 9.576463464681848059e-01
6.966966966966967334e+01 9.420854306913388765e-01
6.981981981981982699e+01 9.383863868510733397e-01
6.996996996996996643e+01 9.253446513769683079e-01
7.012012012012012008e+01 9.041173929472144932e-01
7.027027027027027373e+01 9.340160960393522060e-01
7.042042042042042738e+01 9.587556070538261199e-01
7.057057057057056682e+01 9.573736268364241297e-01
7.072072072072072046e+01 9.425424341912851389e-01
7.087087087087087411e+01 9.387190766415798304e-01
7.102102102102102776e+01 9.255085268277217780e-01
7.117117117117116720e+01 9.040430601185609483e-01
7.132132132132132085e+01 9.362416856828794653e-01
7.147147147147147450e+01 9.596031630792607459e-01
7.162162162162162815e+01 9.567931334132188104e-01
7.177177177177176759e+01 9.417352286493467783e-01
7.192192192192192124e+01 9.376098410176832987e-01
7.207207207207207489e+01 9.241999677139476344e-01
7.222222222222222854e+01 9.026655086980051035e-01
7.237237237237236798e+01 9.362690951976838649e-01
7.252252252252252163e+01 9.593963175008137778e-01
7.267267267267267528e+01 9.566185442975186914e-01
7.282282282282282893e+01 9.421519407306868654e-01
7.297297297297296836e+01 9.378127737053467694e-01
7.312312312312312201e+01 9.241061410602805504e-01
7.327327327327327566e+01 9.022298935299352118e-01
7.342342342342342931e+01 9.375210277840939632e-01
7.357357357357356875e+01 9.596755776380094805e-01
7.372372372372372240e+01 9.562323738054977484e-01
7.387387387387387605e+01 9.425555363808247877e-01
7.402402402402402970e+01 9.379011327572620571e-01
7.417417417417416914e+01 9.240223066251529449e-01
7.432432432432432279e+01 9.020880718265164022e-01
7.447447447447447644e+01 9.387562702985879914e-01
7.462462462462463009e+01 9.602070229261447931e-01
7.477477477477476953e+01 9.559102481852649325e-01
7.492492492492492318e+01 9.418274789341087860e-01
7.507507507507507682e+01 9.370208597665771189e-01
7.522522522522523047e+01 9.228886774261558790e-01
7.537537537537536991e+01 9.006819880411699453e-01
7.552552552552552356e+01 9.393747734741800803e-01
7.567567567567567721e+01 9.598525688464628614e-01
7.582582582582583086e+01 9.551664947757018131e-01
7.597597597597597030e+01 9.420726849318813434e-01
7.612612612612612395e+01 9.369566278961901640e-01
7.627627627627627760e+01 9.226439896452313105e-01
7.642642642642643125e+01 9.003215402233948339e-01
7.657657657657657069e+01 9.402403056866742714e-01
7.672672672672672434e+01 9.605569003710239251e-01
7.687687687687687799e+01 9.554905153940389528e-01
7.702702702702703164e+01 9.426449898177952091e-01
7.717717717717718529e+01 9.372547774359814010e-01
7.732732732732732472e+01 9.226126991780595477e-01
7.747747747747747837e+01 9.000177349614933986e-01
7.762762762762763202e+01 9.413760329125145931e-01
7.777777777777778567e+01 9.602277405681867162e-01
7.792792792792792511e+01 9.542221688164932436e-01
7.807807807807807876e+01 9.416974184398332337e-01
7.822822822822823241e+01 9.361724761818939200e-01
7.837837837837838606e+01 9.214714627037596806e-01
7.852852852852852550e+01 8.988039545621954174e-01
7.867867867867867915e+01 9.423066361922910472e-01
7.882882882882883280e+01 9.608901560020268739e-01
7.897897897897898645e+01 9.544169090663107147e-01
7.912912912912912589e+01 9.421336392445049945e-01
7.927927927927927954e+01 9.362304277489238435e-01
7.942942942942943318e+01 9.211419469970048013e-01
7.957957957957958683e+01 8.982022043632271746e-01
7.972972972972972627e+01 9.424337690200748074e-01
7.987987987987987992e+01 9.603190615673282693e-01
8.003003003003003357e+01 9.537259675084410748e-01
8.018018018018018722e+01 9.424618445268815314e-01
8.033033033033032666e+01 9.364049941975715052e-01
8.048048048048048031e+01 9.212025542919864973e-01
8.063063063063063396e+01 8.981073632688458819e-01
8.078078078078078761e+01 9.444430698009649294e-01
8.093093093093092705e+01 9.612561067574654228e-01
8.108108108108108070e+01 9.533475619037240500e-01
8.123123123123123435e+01 9.417187710185999094e-01
8.138138138138138800e+01 9.353651745747557644e-01
8.153153153153152743e+01 9.199026077481156083e-01
8.168168168168168108e+01 8.968412436691038936e-01
8.183183183183183473e+01 9.441406557112661524e-01
8.198198198198198838e+01 9.605166187859404126e-01
8.213213213213212782e+01 9.526453848716510686e-01
8.228228228228228147e+01 9.419417558307441318e-01
8.243243243243243512e+01 9.354026876837717719e-01
8.258258258258258877e+01 9.197321668830804597e-01
8.273273273273272821e+01 8.987557938759256349e-01
8.288288288288288186e+01 9.455426667878839009e-01
8.303303303303303551e+01 9.612222328626882639e-01
8.318318318318318916e+01 9.526634676692201653e-01
8.333333333333332860e+01 9.424031152353714580e-01
8.348348348348348225e+01 9.355039194466858721e-01
8.363363363363363590e+01 9.195834468743792067e-01
8.378378378378378954e+01 9.005393145262142740e-01
8.393393393393392898e+01 9.460876147253172164e-01
8.408408408408408263e+01 9.609251780201802928e-01
8.423423423423423628e+01 9.516553595809427168e-01
8.438438438438438993e+01 9.415328738039667744e-01
8.453453453453452937e+01 9.345532289495571687e-01
8.468468468468468302e+01 9.184705024009611751e-01
8.483483483483483667e+01 9.021424509583381157e-01
8.498498498498499032e+01 9.470770669031226552e-01
8.513513513513512976e+01 9.610758826447793890e-01
8.528528528528528341e+01 9.512858811238645851e-01
8.543543543543543706e+01 9.417853001787733769e-01
8.558558558558559071e+01 9.344146247454294674e-01
8.573573573573573015e+01 9.180813400163336802e-01
8.588588588588588379e+01 9.030840199265764978e-01
8.603603603603603744e+01 9.472035619602535705e-01
8.618618618618619109e+01 9.611184376405336183e-01
8.633633633633633053e+01 9.511605427050063843e-01
8.648648648648648418e+01 9.422437555744879178e-01
8.663663663663663783e+01 9.346955856235559246e-01
8.678678678678679148e+01 9.181057631326768886e-01
8.693693693693694513e+01 9.056572137622970198e-01
8.708708708708708457e+01 9.486916092625582442e-01
8.723723723723723822e+01 9.610493223127721807e-01
8.738738738738739187e+01 9.499633549583674785e-01
8.753753753753754552e+01 9.412733745395517326e-01
8.768768768768768496e+01 9.335041830167364330e-01
8.783783783783783861e+01 9.168194955156470094e-01
8.798798798798799226e+01 9.064373449414701023e-01
8.813813813813814591e+01 9.488662792633816290e-01
8.828828828828828534e+01 9.611987718214013432e-01
8.843843843843843899e+01 9.499159147443588802e-01
8.858858858858859264e+01 9.416486556758112414e-01
8.873873873873874629e+01 9.335812293788550154e-01
8.888888888888888573e+01 9.165318400650592778e-01
8.903903903903903938e+01 9.079264332583356634e-01
8.918918918918919303e+01 9.493949559201376731e-01
8.933933933933934668e+01 9.608623538780201034e-01
8.948948948948948612e+01 9.492268713442825190e-01
8.963963963963963977e+01 9.418868274008219688e-01
8.978978978978979342e+01 9.336138408440539660e-01
8.993993993993994707e+01 9.164758288524591512e-01
9.009009009009008651e+01 9.100060069749025260e-01
9.024024024024024015e+01 9.506868378207917747e-01
9.039039039039039380e+01 9.613481932975627142e-01
9.054054054054054745e+01 9.486538889430703447e-01
9.069069069069068689e+01 9.411349676850098156e-01
9.084084084084084054e+01 9.326076069045031725e-01
9.099099099099099419e+01 9.151746656403390023e-01
9.114114114114114784e+01 9.109203444784822468e-01
9.129129129129128728e+01 9.505654403399175223e-01
9.144144144144144093e+01 9.605888689855304197e-01
9.159159159159159458e+01 9.477832898907956327e-01
9.174174174174174823e+01 9.412462229701891170e-01
9.189189189189188767e+01 9.325144290946442149e-01
9.204204204204204132e+01 9.149422569741170186e-01
9.219219219219219497e+01 9.124000303181588611e-01
9.234234234234234862e+01 9.516516593092301246e-01
9.249249249249248805e+01 9.613021135320433119e-01
9.264264264264264170e+01 9.479299071855920023e-01
9.279279279279279535e+01 9.417028995046000661e-01
9.294294294294294900e+01 9.326226341246925955e-01
9.309309309309308844e+01 9.147378515105999419e-01
9.324324324324324209e+01 9.141077609035920259e-01
9.339339339339339574e+01 9.519482514621250280e-01
9.354354354354354939e+01 9.605170188099314554e-01
9.369369369369368883e+01 9.464240919014287323e-01
9.384384384384384248e+01 9.407263114486912325e-01
9.399399399399399613e+01 9.315808928624157437e-01
9.414414414414414978e+01 9.136205930609829773e-01
9.429429429429428922e+01 9.155138264142870241e-01
9.444444444444444287e+01 9.529475926847275069e-01
9.459459459459459651e+01 9.609645962797336294e-01
9.474474474474475016e+01 9.463616560280166956e-01
9.489489489489488960e+01 9.409760353350221651e-01
9.504504504504504325e+01 9.314153175770655269e-01
9.519519519519519690e+01 9.131319669552808715e-01
9.534534534534535055e+01 9.161598413688025744e-01
9.549549549549548999e+01 9.526352437066373247e-01
9.564564564564564364e+01 9.604426202175980753e-01
9.579579579579579729e+01 9.457448690439245187e-01
9.594594594594595094e+01 9.412977586945180386e-01
9.609609609609609038e+01 9.316110419519059160e-01
9.624624624624624403e+01 9.131605528664953342e-01
9.639639639639639768e+01 9.187194221349475054e-01
9.654654654654655133e+01 9.542864032864659674e-01
9.669669669669670498e+01 9.606743076557775485e-01
9.684684684684684441e+01 9.447871228223297946e-01
9.699699699699699806e+01 9.403739208533026250e-01
9.714714714714715171e+01 9.304065286857658990e-01
9.729729729729730536e+01 9.117923164438895833e-01
9.744744744744744480e+01 9.190177676753626956e-01
9.759759759759759845e+01 9.538121733060316298e-01
9.774774774774775210e+01 9.601824998814021406e-01
9.789789789789790575e+01 9.442461922881869585e-01
9.804804804804804519e+01 9.405878373021104855e-01
9.819819819819819884e+01 9.304055974727193368e-01
9.834834834834835249e+01 9.115051283740860377e-01
9.849849849849850614e+01 9.206999721511884838e-01
9.864864864864864558e+01 9.547846828959924981e-01
9.879879879879879923e+01 9.603184634331055625e-01
9.894894894894895288e+01 9.438794440451782064e-01
9.909909909909910652e+01 9.408480568817203515e-01
9.924924924924924596e+01 9.303769751031837343e-01
9.939939939939939961e+01 9.113398657748953413e-01
9.954954954954955326e+01 9.220961172846184883e-01
9.969969969969970691e+01 9.552132855069076500e-01
9.984984984984984635e+01 9.600601568988393897e-01
1.000000000000000000e+02 9.427801915621292217e-01
1.001501501501501536e+02 9.400069151080567842e-01
1.003003003003003073e+02 9.293788825086565231e-01
1.004504504504504467e+02 9.100965910834489803e-01
1.006006006006006004e+02 9.233538773332964356e-01
1.007507507507507540e+02 9.555652790821406173e-01
1.009009009009009077e+02 9.596567492845516911e-01
1.010510510510510471e+02 9.420965377527688034e-01
1.012012012012012008e+02 9.400507121947134781e-01
1.013513513513513544e+02 9.291347427983491780e-01
1.015015015015015081e+02 9.097012569913852653e-01
1.016516516516516475e+02 9.240857060487335239e-01
1.018018018018018012e+02 9.559565370435380016e-01
1.019519519519519548e+02 9.599597276950457836e-01
1.021021021021021085e+02 9.420963670799599177e-01
1.022522522522522479e+02 9.404812966689917175e-01
1.024024024024024015e+02 9.292998083508252627e-01
1.025525525525525552e+02 9.095632103325970164e-01
1.027027027027027088e+02 9.261056030140265571e-01
1.028528528528528483e+02 9.564816467061520999e-01
1.030030030030030019e+02 9.591412959458813781e-01
1.031531531531531556e+02 9.412514923019402735e-01
1.033033033033033092e+02 9.393989061190788359e-01
1.034534534534534487e+02 9.280996683294915339e-01
1.036036036036036023e+02 9.083201755732186466e-01
1.037537537537537560e+02 9.268313075465356432e-01
1.039039039039039096e+02 9.569744176013483816e-01
1.040540540540540491e+02 9.594448778153128465e-01
1.042042042042042027e+02 9.418095096893955853e-01
1.043543543543543564e+02 9.396649673462882379e-01
1.045045045045045100e+02 9.279854299097978210e-01
1.046546546546546494e+02 9.078418346382118864e-01
1.048048048048048031e+02 9.277012581494079591e-01
1.049549549549549567e+02 9.567983787594921408e-01
1.051051051051051104e+02 9.587975196963000046e-01
1.052552552552552498e+02 9.422166057556875529e-01
1.054054054054054035e+02 9.398352207833349237e-01
1.055555555555555571e+02 9.280365568774933127e-01
1.057057057057057108e+02 9.078104396042843138e-01
1.058558558558558644e+02 9.297360005361640090e-01
1.060060060060060039e+02 9.580828443442477305e-01
1.061561561561561575e+02 9.589544187027553290e-01
1.063063063063063112e+02 9.415743690004925170e-01
1.064564564564564648e+02 9.389569619470397033e-01
1.066066066066066043e+02 9.268587464460728009e-01
1.067567567567567579e+02 9.063896961496793470e-01
1.069069069069069116e+02 9.300061258632605909e-01
1.070570570570570652e+02 9.574267299036961498e-01
1.072072072072072046e+02 9.581188790393758703e-01
1.073573573573573583e+02 9.418692040596727821e-01
1.075075075075075119e+02 9.390185259546187657e-01
1.076576576576576656e+02 9.267521392297800586e-01
1.078078078078078050e+02 9.060972885127817067e-01
1.079579579579579587e+02 9.314932989994737511e-01
1.081081081081081123e+02 9.585124999119046807e-01
1.082582582582582660e+02 9.585549536469527565e-01
1.084084084084084054e+02 9.424990025227787394e-01
1.085585585585585591e+02 9.392998417508415798e-01
1.087087087087087127e+02 9.266969556218763726e-01
1.088588588588588664e+02 9.058306148537508262e-01
1.090090090090090058e+02 9.325303297174276640e-01
1.091591591591591595e+02 9.583076855627771229e-01
1.093093093093093131e+02 9.575979610364416805e-01
1.094594594594594668e+02 9.416113001146124706e-01
1.096096096096096062e+02 9.383351936141129945e-01
1.097597597597597598e+02 9.256484842263773549e-01
1.099099099099099135e+02 9.046222072938637782e-01
1.100600600600600671e+02 9.338486420370620822e-01
1.102102102102102066e+02 9.590340903600541589e-01
1.103603603603603602e+02 9.576483829643577250e-01
1.105105105105105139e+02 9.420894560096667592e-01
1.106606606606606675e+02 9.383855164843767360e-01
1.108108108108108070e+02 9.253380031977869180e-01
1.109609609609609606e+02 9.041058700582103036e-01
1.111111111111111143e+02 9.340542614952650480e-01
1.112612612612612679e+02 9.587510955157604320e-01
1.114114114114114074e+02 9.573442640857630082e-01
1.115615615615615610e+02 9.425341297312250788e-01
1.117117117117117147e+02 9.386997706623179116e-01
1.118618618618618683e+02 9.254798786300233449e-01
1.120120120120120077e+02 9.040060741064989136e-01
1.121621621621621614e+02 9.362712544056221997e-01
1.123123123123123150e+02 9.596215323373259443e-01
1.124624624624624687e+02 9.567962701130559022e-01
1.126126126126126081e+02 9.417477499993356371e-01
1.127627627627627618e+02 9.376135708658658308e-01
1.129129129129129154e+02 9.241951575333042790e-01
1.130630630630630691e+02 9.026543504997159850e-01
1.132132132132132085e+02 9.363082437146701409e-01
1.133633633633633622e+02 9.593982155335593065e-01
1.135135135135135158e+02 9.565935877215988592e-01
1.136636636636636695e+02 9.421412311187510324e-01
1.138138138138138089e+02 9.377952222320335984e-01
1.139639639639639626e+02 9.240826610222192539e-01
1.141141141141141162e+02 9.022004500575149244e-01
1.142642642642642699e+02 9.375603065306700179e-01
1.144144144144144093e+02 9.596908019220169450e-01
1.145645645645645629e+02 9.562279993312436943e-01
1.147147147147147166e+02 9.425614985980738103e-01
1.148648648648648702e+02 9.378951938738921967e-01
1.150150150150150097e+02 9.240055939022725484e-01
1.151651651651651633e+02 9.020637244218409068e-01
1.153153153153153170e+02 9.387782233523334074e-01
1.154654654654654706e+02 9.602066958960513432e-01
1.156156156156156243e+02 9.558956828127379568e-01
1.157657657657657637e+02 9.418317551233675866e-01
1.159159159159159174e+02 9.370191942086417702e-01
1.160660660660660710e+02 9.228813539028446478e-01
1.162162162162162247e+02 9.006688594966608674e-01
1.163663663663663641e+02 9.394217612153710206e-01
1.165165165165165178e+02 9.598674998977634321e-01
1.166666666666666714e+02 9.551522361465746291e-01
1.168168168168168251e+02 9.420703359583390002e-01
1.169669669669669645e+02 9.369420815257478719e-01
1.171171171171171181e+02 9.226189894965887150e-01
1.172672672672672718e+02 9.002891472528623540e-01
1.174174174174174254e+02 9.402587480684455601e-01
1.175675675675675649e+02 9.605582320567861432e-01
1.177177177177177185e+02 9.554787884508506579e-01
1.178678678678678722e+02 9.426519735041775094e-01
1.180180180180180258e+02 9.372541251082352476e-01
1.181681681681681653e+02 9.226043475524215998e-01
1.183183183183183189e+02 9.000019075426609616e-01
1.184684684684684726e+02 9.414285516018142674e-01
1.186186186186186262e+02 9.602419139500406597e-01
1.187687687687687657e+02 9.542035537923526656e-01
1.189189189189189193e+02 9.416828323442167914e-01
1.190690690690690730e+02 9.361511405828103483e-01
1.192192192192192266e+02 9.214450339313462468e-01
1.193693693693693660e+02 8.987746585821332346e-01
1.195195195195195197e+02 9.423148426784196952e-01
1.196696696696696733e+02 9.608804340660673793e-01
1.198198198198198270e+02 9.544043058273343760e-01
1.199699699699699664e+02 9.421469868454186436e-01
1.201201201201201201e+02 9.362279553649613950e-01
1.202702702702702737e+02 9.211239387764519337e-01
1.204204204204204274e+02 8.981703088405121882e-01
1.205705705705705668e+02 9.424797825856329192e-01
1.207207207207207205e+02 9.603381062621322295e-01
1.208708708708708741e+02 9.537112405307236473e-01
1.210210210210210278e+02 9.424600723264412450e-01
1.211711711711711672e+02 9.363998971247430303e-01
1.213213213213213209e+02 9.211961207380994221e-01
1.214714714714714745e+02 8.981011807653218604e-01
1.216216216216216282e+02 9.444706463098211380e-01
1.217717717717717676e+02 9.612528547711045590e-01
1.219219219219219212e+02 9.533237276438533137e-01
1.220720720720720749e+02 9.417081521991665927e-01
1.222222222222222285e+02 9.353423549093369260e-01
1.223723723723723680e+02 9.198669462541475550e-01
1.225225225225225216e+02 8.968873105131015544e-01
1.226726726726726753e+02 9.441633576714083542e-01
1.228228228228228289e+02 9.605181425758825275e-01
1.229729729729729684e+02 9.526324732670643503e-01
1.231231231231231220e+02 9.419484674497510257e-01
1.232732732732732757e+02 9.354024957676414509e-01
1.234234234234234293e+02 9.197274975261178209e-01
1.235735735735735688e+02 8.988297399779536789e-01
1.237237237237237224e+02 9.455798234891602538e-01
1.238738738738738761e+02 9.612299054727452274e-01
1.240240240240240297e+02 9.526446549266851527e-01
1.241741741741741691e+02 9.423941790271339602e-01
1.243243243243243228e+02 9.354852739010081075e-01
1.244744744744744764e+02 9.195546683825155387e-01
1.246246246246246301e+02 9.005931214025496567e-01
1.247747747747747695e+02 9.461045118173313506e-01
1.249249249249249232e+02 9.609135383575230227e-01
1.250750750750750768e+02 9.516298714272950487e-01
1.252252252252252305e+02 9.415311786641569203e-01
1.253753753753753841e+02 9.345420910341285525e-01
1.255255255255255236e+02 9.184517289990938860e-01
1.256756756756756772e+02 9.022299460918380420e-01
1.258258258258258309e+02 9.471236773675880682e-01
1.259759759759759845e+02 9.610855132023672365e-01
1.261261261261261239e+02 9.512618791880493863e-01
1.262762762762762776e+02 9.417689460082314667e-01
1.264264264264264312e+02 9.343890269252147496e-01
1.265765765765765849e+02 9.180467449855623796e-01
1.267267267267267243e+02 9.031199608522207933e-01
1.268768768768768780e+02 9.472045037899043951e-01
1.270270270270270316e+02 9.611010208569554791e-01
1.271771771771771853e+02 9.511397445304635712e-01
1.273273273273273247e+02 9.422449423370692356e-01
1.274774774774774784e+02 9.346885219220384400e-01
1.276276276276276320e+02 9.180913459677546573e-01
1.277777777777777857e+02 9.057231527792058978e-01
1.279279279279279251e+02 9.487313098901494213e-01
1.280780780780780788e+02 9.610576801606007802e-01
1.282282282282282324e+02 9.499419493173688611e-01
1.283783783783783861e+02 9.412629844171598315e-01
1.285285285285285397e+02 9.334848794499751579e-01
1.286786786786786934e+02 9.167925221672278413e-01
1.288288288288288186e+02 9.064711412296446724e-01
1.289789789789789722e+02 9.488703539555917166e-01
1.291291291291291259e+02 9.611859150355922532e-01
1.292792792792792795e+02 9.498942549356671483e-01
1.294294294294294332e+02 9.416485557184786082e-01
1.295795795795795868e+02 9.335725232683820263e-01
1.297297297297297405e+02 9.165149480570355944e-01
1.298798798798798941e+02 9.079845825875891840e-01
1.300300300300300194e+02 9.494328208090653254e-01
1.301801801801801730e+02 9.608736407740210428e-01
1.303303303303303267e+02 9.492107856279321521e-01
1.304804804804804803e+02 9.418896658509278152e-01
1.306306306306306340e+02 9.336054409812091226e-01
1.307807807807807876e+02 9.164589398190644554e-01
1.309309309309309413e+02 9.100507797861827619e-01
1.310810810810810949e+02 9.507045821521310502e-01
1.312312312312312201e+02 9.613488608476533637e-01
1.313813813813813738e+02 9.486356368291029018e-01
1.315315315315315274e+02 9.411353637398668370e-01
1.316816816816816811e+02 9.326027375803361830e-01
1.318318318318318347e+02 9.151640578814501659e-01
1.319819819819819884e+02 9.109890440768337871e-01
1.321321321321321420e+02 9.505964990317484764e-01
1.322822822822822957e+02 9.605873252383780869e-01
1.324324324324324209e+02 9.477603546439462567e-01
1.325825825825825746e+02 9.412391591662501167e-01
1.327327327327327282e+02 9.324969773503606341e-01
1.328828828828828819e+02 9.149169439356296119e-01
1.330330330330330355e+02 9.124390358359314446e-01
1.331831831831831892e+02 9.516629251107132648e-01
1.333333333333333428e+02 9.612992978793326593e-01
1.334834834834834965e+02 9.479144284816537480e-01
1.336336336336336217e+02 9.417052002899560792e-01
1.337837837837837753e+02 9.326165522016476306e-01
1.339339339339339290e+02 9.147230657824093614e-01
1.340840840840840826e+02 9.141680723695346789e-01
1.342342342342342363e+02 9.519761944064329962e-01
1.343843843843843899e+02 9.605115515937856507e-01
1.345345345345345436e+02 9.463945138736952201e-01
1.346846846846846972e+02 9.407160127979411479e-01
1.348348348348348509e+02 9.315630912370307382e-01
1.349849849849849761e+02 9.135975405385022841e-01
1.351351351351351298e+02 9.155501220051635025e-01
1.352852852852852834e+02 9.529607386235788846e-01
1.354354354354354371e+02 9.609639245644491234e-01
1.355855855855855907e+02 9.463474047069551087e-01
1.357357357357357444e+02 9.409796616220135190e-01
1.358858858858858980e+02 9.314062395944974204e-01
1.360360360360360517e+02 9.131107173182785308e-01
1.361861861861861769e+02 9.162056723974825179e-01
1.363363363363363305e+02 9.526609333552228387e-01
1.364864864864864842e+02 9.604432120127536221e-01
1.366366366366366378e+02 9.457192807076968410e-01
1.367867867867867915e+02 9.412955432164737957e-01
1.369369369369369451e+02 9.316054929190680234e-01
1.370870870870870988e+02 9.131536547795445768e-01
1.372372372372372524e+02 9.187761948605951412e-01
1.373873873873873777e+02 9.543073813790047266e-01
1.375375375375375313e+02 9.606704401993189091e-01
1.376876876876876850e+02 9.447639727213559269e-01
1.378378378378378386e+02 9.403639189829375855e-01
1.379879879879879923e+02 9.303845292725498872e-01
1.381381381381381459e+02 9.117590116534149969e-01
1.382882882882882996e+02 9.190492520343981342e-01
1.384384384384384532e+02 9.538185127357855508e-01
1.385885885885885784e+02 9.601740328688362913e-01
1.387387387387387321e+02 9.442267320894284222e-01
1.388888888888888857e+02 9.405935081849666757e-01
1.390390390390390394e+02 9.304043506626272775e-01
1.391891891891891930e+02 9.114988183600316596e-01
1.393393393393393467e+02 9.207575049567727765e-01
1.394894894894895003e+02 9.548155574459822326e-01
1.396396396396396540e+02 9.603202013845186791e-01
1.397897897897897792e+02 9.438532865114361847e-01
1.399399399399399329e+02 9.408383590585086553e-01
1.400900900900900865e+02 9.303578229246325382e-01
1.402402402402402402e+02 9.113124303266569859e-01
1.403903903903903938e+02 9.221329070251788051e-01
1.405405405405405475e+02 9.552157452793427206e-01
1.406906906906907011e+02 9.600428147555297720e-01
1.408408408408408548e+02 9.427504570786451321e-01
1.409909909909909800e+02 9.399999318393260639e-01
1.411411411411411336e+02 9.293642051865359521e-01
1.412912912912912873e+02 9.100750886445337917e-01
1.414414414414414409e+02 9.234008518960067358e-01
1.415915915915915946e+02 9.555916617380370015e-01
1.417417417417417482e+02 9.596612117934196773e-01
1.418918918918919019e+02 9.420803658045882045e-01
1.420420420420420555e+02 9.400486117475440606e-01
1.421921921921921808e+02 9.291241586829411814e-01
1.423423423423423344e+02 9.096842939272122841e-01
1.424924924924924881e+02 9.241257467048749064e-01
1.426426426426426417e+02 9.559604264553932529e-01
1.427927927927927954e+02 9.599425041173810236e-01
1.429429429429429490e+02 9.420959329324989362e-01
1.430930930930931027e+02 9.404721196560336116e-01
1.432432432432432563e+02 9.292824643310464428e-01
1.433933933933933815e+02 9.095376691781241751e-01
1.435435435435435352e+02 9.261513812976946980e-01
1.436936936936936888e+02 9.565057643042419455e-01
1.438438438438438425e+02 9.591426254370954974e-01
1.439939939939939961e+02 9.412589129636637075e-01
1.441441441441441498e+02 9.393970859099676218e-01
1.442942942942943034e+02 9.280896356010615023e-01
1.444444444444444571e+02 9.083046728571667616e-01
1.445945945945946107e+02 9.268700812269743405e-01
1.447447447447447360e+02 9.569802562632755416e-01
1.448948948948948896e+02 9.594302017862627041e-01
1.450450450450450433e+02 9.418035088766895102e-01
1.451951951951951969e+02 9.396532132584092256e-01
1.453453453453453506e+02 9.279673848247931289e-01
1.454954954954955042e+02 9.078168044807980452e-01
1.456456456456456579e+02 9.277462927552124761e-01
1.457957957957958115e+02 9.568130769656241208e-01
1.459459459459459367e+02 9.587890272210637388e-01
1.460960960960960904e+02 9.422229689468581970e-01
1.462462462462462440e+02 9.398294623260380343e-01
1.463963963963963977e+02 9.280204631865571763e-01
1.465465465465465513e+02 9.077869937262281752e-01
1.466966966966967050e+02 9.297702123800738461e-01
1.468468468468468586e+02 9.580936486488591530e-01
1.469969969969970123e+02 9.589475214679374915e-01
1.471471471471471375e+02 9.415773194669678769e-01
1.472972972972972912e+02 9.389531369659318560e-01
1.474474474474474448e+02 9.268474570318208094e-01
1.475975975975975985e+02 9.063707390603402692e-01
1.477477477477477521e+02 9.300550511665636177e-01
1.478978978978979058e+02 9.574410794382557377e-01
1.480480480480480594e+02 9.581050107759372381e-01
1.481981981981982130e+02 9.418669118068548896e-01
1.483483483483483383e+02 9.390063943510064126e-01
1.484984984984984919e+02 9.267324190364553127e-01
1.486486486486486456e+02 9.060723614861994069e-01
1.487987987987987992e+02 9.315241672550652607e-01
1.489489489489489529e+02 9.585228258984954675e-01
1.490990990990991065e+02 9.585509343515125069e-01
1.492492492492492602e+02 9.425075472595785264e-01
1.493993993993994138e+02 9.392988261294037411e-01
1.495495495495495391e+02 9.266855132719220567e-01
1.496996996996996927e+02 9.058094008313558598e-01
1.498498498498498464e+02 9.325811734411336706e-01
1.500000000000000000e+02 9.583191149790419860e-01
