0.000000000000000000e+00 1.609683294971102629e-01
1.501501501501501523e-01 3.611313140576742353e-01
3.003003003003003046e-01 4.765072833862991075e-01
4.504504504504504570e-01 6.074160213966668387e-01
6.006006006006006093e-01 7.437533897984458520e-01
7.507507507507507061e-01 8.359102258231585481e-01
9.009009009009009139e-01 8.515444693066011039e-01
1.051051051051051122e+00 8.592791856311384757e-01
1.201201201201201219e+00 8.677805264147270270e-01
1.351351351351351315e+00 8.768697837933806527e-01
1.501501501501501412e+00 8.861904470391159805e-01
1.651651651651651731e+00 8.912256261550813852e-01
1.801801801801801828e+00 8.455289294687277080e-01
1.951951951951951925e+00 7.708604928245031962e-01
2.102102102102102243e+00 7.157769404240955646e-01
2.252252252252252340e+00 7.067325266042251419e-01
2.402402402402402437e+00 7.184937621480703696e-01
2.552552552552552534e+00 6.959693460419908995e-01
2.702702702702702631e+00 6.690552886280656253e-01
2.852852852852852727e+00 6.394564634508399514e-01
3.003003003003002824e+00 6.090777498582854443e-01
3.153153153153153365e+00 5.872293285803469320e-01
3.303303303303303462e+00 6.775357634589181943e-01
3.453453453453453559e+00 7.830743290147962332e-01
3.603603603603603656e+00 8.569789519880339768e-01
3.753753753753753752e+00 8.588914777259067934e-01
3.903903903903903849e+00 7.961550013119789160e-01
4.054054054054054390e+00 8.039228669445136477e-01
4.204204204204204487e+00 8.233868878082427623e-01
4.354354354354354584e+00 8.370959847969291490e-01
4.504504504504504681e+00 8.445191591708288703e-01
4.654654654654654777e+00 8.455450757426187236e-01
4.804804804804804874e+00 8.382888896884486130e-01
4.954954954954954971e+00 8.379916617879190621e-01
5.105105105105105068e+00 8.537320241405660370e-01
5.255255255255255165e+00 8.748253312555095418e-01
5.405405405405405261e+00 8.851215970481375317e-01
5.555555555555555358e+00 8.813522957420211190e-01
5.705705705705705455e+00 8.701953168053360166e-01
5.855855855855855552e+00 8.543843839593455725e-01
6.006006006006005649e+00 8.347599731308209536e-01
6.156156156156156634e+00 8.122950913672062345e-01
6.306306306306306730e+00 8.017356806061960439e-01
6.456456456456456827e+00 8.622684538792182440e-01
6.606606606606606924e+00 9.053948503124373826e-01
6.756756756756757021e+00 9.058106550526601186e-01
6.906906906906907118e+00 8.612651337285105457e-01
7.057057057057057214e+00 8.014922085843766419e-01
7.207207207207207311e+00 8.025237765258229627e-01
7.357357357357357408e+00 8.009589908673020453e-01
7.507507507507507505e+00 7.921945029949929440e-01
7.657657657657657602e+00 7.767825026427357393e-01
7.807807807807807698e+00 7.556738945572106791e-01
7.957957957957957795e+00 7.781660788276053564e-01
8.108108108108108780e+00 8.296320221738013867e-01
8.258258258258258877e+00 8.829086539688641988e-01
8.408408408408408974e+00 9.054134295307283420e-01
8.558558558558559071e+00 8.798103650156513522e-01
8.708708708708709167e+00 8.547977236478865315e-01
8.858858858858859264e+00 8.569561048885352417e-01
9.009009009009009361e+00 8.521284090437213354e-01
9.159159159159159458e+00 8.406048447992813255e-01
9.309309309309309555e+00 8.230492733425824881e-01
9.459459459459459651e+00 8.167325270822785033e-01
9.609609609609609748e+00 8.551687341627135508e-01
9.759759759759759845e+00 8.827692693373698773e-01
9.909909909909909942e+00 8.874872308281360755e-01
1.006006006006006004e+01 8.641394565266694583e-01
1.021021021021021014e+01 8.297943172041443161e-01
1.036036036036036023e+01 8.268266637277115194e-01
1.051051051051051033e+01 8.168247872675183929e-01
1.066066066066066043e+01 8.003413095217122297e-01
1.081081081081081052e+01 7.782624330946782409e-01
1.096096096096096062e+01 7.516889352813319602e-01
1.111111111111111072e+01 7.851833593157221403e-01
1.126126126126126081e+01 8.403650279892129760e-01
1.141141141141141091e+01 8.851594545260231817e-01
1.156156156156156101e+01 8.809806560388891983e-01
1.171171171171171110e+01 8.345598411033479103e-01
1.186186186186186120e+01 8.103161701842165332e-01
1.201201201201201130e+01 8.094104586642428822e-01
1.216216216216216317e+01 8.010748776236195079e-01
1.231231231231231327e+01 7.871856102141535638e-01
1.246246246246246336e+01 7.669151678021087770e-01
1.261261261261261346e+01 7.649840473988032130e-01
1.276276276276276356e+01 8.135427140019404479e-01
1.291291291291291365e+01 8.581828877492962970e-01
1.306306306306306375e+01 8.740953397802692093e-01
1.321321321321321385e+01 8.551805667777244713e-01
1.336336336336336394e+01 8.224163583768235863e-01
1.351351351351351404e+01 8.214901035748193303e-01
1.366366366366366414e+01 8.120983495884739334e-01
1.381381381381381424e+01 7.981184270481350707e-01
1.396396396396396433e+01 7.778864410319255018e-01
1.411411411411411443e+01 7.525598280505240156e-01
1.426426426426426453e+01 7.968326813400115061e-01
1.441441441441441462e+01 8.447552941165226148e-01
1.456456456456456472e+01 8.737281396395205624e-01
1.471471471471471482e+01 8.634628053012423088e-01
1.486486486486486491e+01 8.256292555114176368e-01
1.501501501501501501e+01 8.077564986899392618e-01
1.516516516516516511e+01 8.038467365396786413e-01
1.531531531531531520e+01 7.925321569356268414e-01
1.546546546546546530e+01 7.744151120141377076e-01
1.561561561561561540e+01 7.505194741568493866e-01
1.576576576576576549e+01 7.545985733822255792e-01
1.591591591591591559e+01 8.050659606099869192e-01
1.606606606606606746e+01 8.534941738657890742e-01
1.621621621621621756e+01 8.714339264995626388e-01
1.636636636636636766e+01 8.418160327551041933e-01
1.651651651651651775e+01 8.045874611457848324e-01
1.666666666666666785e+01 8.052760241885622561e-01
1.681681681681681795e+01 7.983599528282439017e-01
1.696696696696696804e+01 7.841447440401689839e-01
1.711711711711711814e+01 7.634978076825787996e-01
1.726726726726726824e+01 7.380748656030543531e-01
1.741741741741741833e+01 7.862266891170316407e-01
1.756756756756756843e+01 8.343781709509954236e-01
1.771771771771771853e+01 8.651536091736542478e-01
1.786786786786786863e+01 8.550381063484903121e-01
1.801801801801801872e+01 8.200372677304375024e-01
1.816816816816816882e+01 8.081750396351895516e-01
1.831831831831831892e+01 8.032008786499297281e-01
1.846846846846846901e+01 7.909006324773775187e-01
1.861861861861861911e+01 7.718815766005322487e-01
1.876876876876876921e+01 7.473414003860853194e-01
1.891891891891891930e+01 7.591218890765485394e-01
1.906906906906906940e+01 8.107673005070182848e-01
1.921921921921921950e+01 8.544499216251786322e-01
1.936936936936936959e+01 8.646316794357910007e-01
1.951951951951951969e+01 8.325497428273078704e-01
1.966966966966966979e+01 8.026632314072402741e-01
1.981981981981981988e+01 8.018194466579721125e-01
1.996996996996996998e+01 7.933694468152013846e-01
2.012012012012012008e+01 7.777164774490845645e-01
2.027027027027027017e+01 7.558513805785528339e-01
2.042042042042042027e+01 7.295426964353867172e-01
2.057057057057057037e+01 7.838242489125977208e-01
2.072072072072072046e+01 8.329335621053530758e-01
2.087087087087087056e+01 8.646788254440805899e-01
2.102102102102102066e+01 8.517031603202757095e-01
2.117117117117117076e+01 8.126978772617301505e-01
2.132132132132132085e+01 8.048317756339820050e-01
2.147147147147147095e+01 7.997521428356387796e-01
2.162162162162162105e+01 7.872818160049028791e-01
2.177177177177177114e+01 7.681361557894482717e-01
2.192192192192192124e+01 7.438128580437776138e-01
2.207207207207207134e+01 7.625756902687763628e-01
2.222222222222222143e+01 8.139409814746101368e-01
2.237237237237237153e+01 8.560971943639138493e-01
2.252252252252252163e+01 8.619895749069578228e-01
2.267267267267267172e+01 8.296474842704291142e-01
2.282282282282282182e+01 8.043368601479569113e-01
2.297297297297297192e+01 8.023962912185098606e-01
2.312312312312312201e+01 7.929229776815511777e-01
2.327327327327327211e+01 7.763413631934763526e-01
2.342342342342342221e+01 7.537029439387352703e-01
2.357357357357357230e+01 7.333343240795164863e-01
2.372372372372372240e+01 7.881785736374006257e-01
2.387387387387387250e+01 8.364934275283101295e-01
2.402402402402402259e+01 8.635110929673341928e-01
2.417417417417417624e+01 8.464863096021653099e-01
2.432432432432432634e+01 8.071994179186005036e-01
2.447447447447447644e+01 8.030101649460189561e-01
2.462462462462462653e+01 7.972695227458426181e-01
2.477477477477477663e+01 7.841096136598241229e-01
2.492492492492492673e+01 7.643497106873101687e-01
2.507507507507507682e+01 7.396397206010950631e-01
2.522522522522522692e+01 7.643488317992451764e-01
2.537537537537537702e+01 8.146349643916003247e-01
2.552552552552552712e+01 8.559112724372915926e-01
2.567567567567567721e+01 8.604265590320181456e-01
2.582582582582582731e+01 8.260586255116311172e-01
2.597597597597597741e+01 8.041028036258043299e-01
2.612612612612612750e+01 8.016598876402817320e-01
2.627627627627627760e+01 7.916986826648974018e-01
2.642642642642642770e+01 7.747357617787672401e-01
2.657657657657657779e+01 7.519848949831697826e-01
2.672672672672672789e+01 7.388825720091085625e-01
2.687687687687687799e+01 7.928744249041601577e-01
2.702702702702702808e+01 8.414369982963136874e-01
2.717717717717717818e+01 8.652674880020703174e-01
2.732732732732732828e+01 8.437237202088226917e-01
2.747747747747747837e+01 8.053452580720551479e-01
2.762762762762762847e+01 8.031011632183551185e-01
2.777777777777777857e+01 7.966155485581432050e-01
2.792792792792792866e+01 7.827861971946366015e-01
2.807807807807807876e+01 7.624276816096527964e-01
2.822822822822822886e+01 7.371889785207399459e-01
2.837837837837837895e+01 7.678857225672830467e-01
2.852852852852852905e+01 8.186606402712824915e-01
2.867867867867867915e+01 8.573358797272897514e-01
2.882882882882882924e+01 8.574551858237990931e-01
2.897897897897897934e+01 8.222937951077256002e-01
2.912912912912912944e+01 8.035667502837930964e-01
2.927927927927927954e+01 8.006411146412548696e-01
2.942942942942942963e+01 7.901670121862757190e-01
2.957957957957957973e+01 7.726975989435264092e-01
2.972972972972972983e+01 7.495712642506930923e-01
2.987987987987987992e+01 7.422081056675127186e-01
3.003003003003003002e+01 7.958395792531800517e-01
3.018018018018018012e+01 8.424529058927407998e-01
3.033033033033033021e+01 8.639224079375280585e-01
3.048048048048048031e+01 8.406490269625366274e-01
3.063063063063063041e+01 8.026227624181729858e-01
3.078078078078078050e+01 8.030976314218636336e-01
3.093093093093093060e+01 7.959749590476647985e-01
3.108108108108108070e+01 7.815731715677798341e-01
3.123123123123123079e+01 7.608171648702826140e-01
3.138138138138138089e+01 7.354290587135073887e-01
3.153153153153153099e+01 7.725393428040846500e-01
3.168168168168168108e+01 8.231793352193473856e-01
3.183183183183183118e+01 8.610432539255257200e-01
3.198198198198198128e+01 8.567687012188405227e-01
3.213213213213213493e+01 8.200300040253111211e-01
3.228228228228228147e+01 8.035090151992463348e-01
3.243243243243243512e+01 7.999620522058303873e-01
3.258258258258258167e+01 7.889257813106141937e-01
3.273273273273273531e+01 7.709779169482595673e-01
3.288288288288288186e+01 7.474508175419604106e-01
3.303303303303303551e+01 7.467943595477516405e-01
3.318318318318318205e+01 7.999592907745407544e-01
3.333333333333333570e+01 8.460152297389210707e-01
3.348348348348348225e+01 8.630999465209451271e-01
3.363363363363363590e+01 8.373884424760790202e-01
3.378378378378378244e+01 8.027565138393097932e-01
3.393393393393393609e+01 8.027150702264126414e-01
3.408408408408408263e+01 7.950683872216481873e-01
3.423423423423423628e+01 7.801394127215989238e-01
3.438438438438438283e+01 7.589154862501558130e-01
3.453453453453453648e+01 7.332384714701905004e-01
3.468468468468468302e+01 7.763156056858514509e-01
3.483483483483483667e+01 8.255464470759671380e-01
3.498498498498498321e+01 8.603246413965736084e-01
3.513513513513513686e+01 8.538053826013262126e-01
3.528528528528528341e+01 8.163934151909483239e-01
3.543543543543543706e+01 8.036497070200547821e-01
3.558558558558558360e+01 7.994577270685544468e-01
3.573573573573573725e+01 7.877901657653226808e-01
3.588588588588588379e+01 7.693159463795048447e-01
3.603603603603603744e+01 7.454793798577220576e-01
3.618618618618618399e+01 7.516776403859801725e-01
3.633633633633633764e+01 8.036451273588339772e-01
3.648648648648648418e+01 8.495888376260050112e-01
3.663663663663663783e+01 8.642129183659779113e-01
3.678678678678678438e+01 8.348290953370164358e-01
3.693693693693693803e+01 8.029166578031797785e-01
3.708708708708708457e+01 8.022792844626094322e-01
3.723723723723723822e+01 7.940719061093920450e-01
3.738738738738738476e+01 7.786728751061562370e-01
3.753753753753753841e+01 7.570983815728254962e-01
3.768768768768768496e+01 7.311622819797929385e-01
3.783783783783783861e+01 7.803764913818963533e-01
3.798798798798798515e+01 8.303445462978621405e-01
3.813813813813813880e+01 8.624832367960999502e-01
3.828828828828828534e+01 8.513431249009015822e-01
3.843843843843843899e+01 8.138575383064869939e-01
3.858858858858859264e+01 8.036082796824531860e-01
3.873873873873873919e+01 7.988724830403970412e-01
3.888888888888889284e+01 7.866744497903803701e-01
3.903903903903903938e+01 7.676952049060533634e-01
3.918918918918919303e+01 7.434507327933332910e-01
3.933933933933933957e+01 7.554183016315995092e-01
3.948948948948949322e+01 8.072254435694838914e-01
3.963963963963963977e+01 8.504423162568250927e-01
3.978978978978979342e+01 8.614730484078608752e-01
3.993993993993993996e+01 8.310536135874534436e-01
4.009009009009009361e+01 8.032009242258496551e-01
4.024024024024024015e+01 8.019587143483726255e-01
4.039039039039039380e+01 7.931279235811430350e-01
4.054054054054054035e+01 7.771429660009935292e-01
4.069069069069069400e+01 7.551349990502855825e-01
4.084084084084084054e+01 7.290724329628531786e-01
4.099099099099099419e+01 7.841620735675065568e-01
4.114114114114114074e+01 8.332811689580237324e-01
4.129129129129129439e+01 8.639581747314137861e-01
4.144144144144144093e+01 8.495547897875502796e-01
4.159159159159159458e+01 8.112662402270620632e-01
4.174174174174174112e+01 8.034555598282212552e-01
4.189189189189189477e+01 7.981247193123027772e-01
4.204204204204204132e+01 7.853997633931302236e-01
4.219219219219219497e+01 7.660266992306979938e-01
4.234234234234234151e+01 7.415392627216021992e-01
4.249249249249249516e+01 7.601907243081046373e-01
4.264264264264264170e+01 8.118617560729474159e-01
4.279279279279279535e+01 8.547515117440046550e-01
4.294294294294294190e+01 8.612823995954624889e-01
4.309309309309309555e+01 8.287051529501123781e-01
4.324324324324324209e+01 8.033747717951987832e-01
4.339339339339339574e+01 8.015696016406579361e-01
4.354354354354354228e+01 7.922057067360008809e-01
4.369369369369369593e+01 7.757222669950779581e-01
4.384384384384384248e+01 7.532730992981171436e-01
4.399399399399399613e+01 7.331419968053846103e-01
4.414414414414414267e+01 7.881369168054732643e-01
4.429429429429429632e+01 8.360520677315913529e-01
4.444444444444444287e+01 8.626238968840347354e-01
4.459459459459459651e+01 8.458956116879526865e-01
4.474474474474474306e+01 8.075358787573940766e-01
4.489489489489489671e+01 8.033442426938631753e-01
4.504504504504504325e+01 7.974163994427281299e-01
4.519519519519519690e+01 7.840904676576461174e-01
4.534534534534534345e+01 7.641913456638473878e-01
4.549549549549549710e+01 7.393821921934894403e-01
4.564564564564564364e+01 7.642100597802784501e-01
4.579579579579579729e+01 8.147060383148507778e-01
4.594594594594594383e+01 8.560491717388288846e-01
4.609609609609609748e+01 8.602191185434632237e-01
4.624624624624624403e+01 8.254883226317126788e-01
4.639639639639639768e+01 8.035027686803900560e-01
4.654654654654654422e+01 8.010859250990665092e-01
4.669669669669669787e+01 7.911381909905377263e-01
4.684684684684684441e+01 7.741805498526066476e-01
4.699699699699699806e+01 7.514383713529239062e-01
4.714714714714714461e+01 7.383311704647871343e-01
4.729729729729729826e+01 7.922579549231277829e-01
4.744744744744744480e+01 8.408858582995020203e-01
4.759759759759759845e+01 8.649918253495559872e-01
4.774774774774774500e+01 8.437251150299546198e-01
4.789789789789789864e+01 8.053771052984642909e-01
4.804804804804804519e+01 8.031505670400459485e-01
4.819819819819819884e+01 7.966717308296097366e-01
4.834834834834835249e+01 7.828498667700657387e-01
4.849849849849849903e+01 7.625173046479800654e-01
4.864864864864865268e+01 7.373511711741252972e-01
4.879879879879879923e+01 7.681559261406922801e-01
4.894894894894895288e+01 8.189012979066130349e-01
4.909909909909909942e+01 8.573556518182879893e-01
4.924924924924925307e+01 8.572502595718823892e-01
4.939939939939939961e+01 8.222137070237167666e-01
4.954954954954955326e+01 8.035963235742278332e-01
4.969969969969969981e+01 8.006083313376359811e-01
4.984984984984985346e+01 7.900759056325823426e-01
5.000000000000000000e+01 7.725510981654685194e-01
5.015015015015015365e+01 7.493644334513042127e-01
5.030030030030030019e+01 7.420195345429995148e-01
5.045045045045045384e+01 7.956657119392429589e-01
5.060060060060060039e+01 8.423830963726881560e-01
5.075075075075075404e+01 8.639157801252255187e-01
5.090090090090090058e+01 8.405492509622929376e-01
5.105105105105105423e+01 8.024156772317581066e-01
5.120120120120120077e+01 8.029233447267810631e-01
5.135135135135135442e+01 7.958283360192430766e-01
5.150150150150150097e+01 7.814495088925698107e-01
5.165165165165165462e+01 7.607203583462434082e-01
5.180180180180180116e+01 7.353707593927003572e-01
5.195195195195195481e+01 7.725007107507740889e-01
5.210210210210210136e+01 8.230860945927530592e-01
5.225225225225225500e+01 8.609218205968371951e-01
5.240240240240240155e+01 8.567167860497209020e-01
5.255255255255255520e+01 8.200717539613173734e-01
5.270270270270270174e+01 8.036127047713752525e-01
5.285285285285285539e+01 8.000436526735641429e-01
5.300300300300300194e+01 7.889885446822813009e-01
5.315315315315315559e+01 7.710271155382262265e-01
5.330330330330330213e+01 7.474963908604588259e-01
5.345345345345345578e+01 7.468954330847689116e-01
5.360360360360360232e+01 8.000870676040742202e-01
5.375375375375375597e+01 8.461319215136383631e-01
5.390390390390390252e+01 8.631145491233089828e-01
5.405405405405405617e+01 8.373107801718131515e-01
5.420420420420420271e+01 8.027138637902911933e-01
5.435435435435435636e+01 8.026640632508664774e-01
5.450450450450450290e+01 7.950091094567126593e-01
5.465465465465465655e+01 7.800719477310962269e-01
5.480480480480480310e+01 7.588370712422896069e-01
5.495495495495495675e+01 7.331430056016936536e-01
5.510510510510510329e+01 7.762426781627408401e-01
5.525525525525525694e+01 8.254870262520712654e-01
5.540540540540540349e+01 8.602955492960854267e-01
5.555555555555555713e+01 8.538019696931838931e-01
5.570570570570570368e+01 8.163587567181563864e-01
5.585585585585585733e+01 8.036344888859424662e-01
5.600600600600600387e+01 7.994512989202280373e-01
5.615615615615615752e+01 7.877913743659537005e-01
5.630630630630630407e+01 7.693252882826316918e-01
5.645645645645645772e+01 7.455021128127202745e-01
5.660660660660660426e+01 7.517428080750081509e-01
5.675675675675675791e+01 8.036998596701485642e-01
5.690690690690690445e+01 8.495985307254366736e-01
5.705705705705705810e+01 8.641887187133973081e-01
5.720720720720720465e+01 8.348175880102020052e-01
5.735735735735735830e+01 8.029584834753663580e-01
5.750750750750750484e+01 8.023069286314865600e-01
5.765765765765765849e+01 7.940864127474593914e-01
5.780780780780781214e+01 7.786756784499206940e-01
5.795795795795795868e+01 7.570896345896805935e-01
5.810810810810811233e+01 7.311417095874567229e-01
5.825825825825825888e+01 7.804016634325366963e-01
5.840840840840841253e+01 8.303889983622595450e-01
5.855855855855855907e+01 8.625271780915054753e-01
5.870870870870871272e+01 8.513338053719172738e-01
5.885885885885885926e+01 8.138193069342020136e-01
5.900900900900901291e+01 8.035781066519955829e-01
5.915915915915915946e+01 7.988427974486909111e-01
5.930930930930931311e+01 7.866446420684714003e-01
5.945945945945945965e+01 7.676649603396393795e-01
5.960960960960961330e+01 7.434199765149923644e-01
5.975975975975975985e+01 7.554204368753090204e-01
5.990990990990991349e+01 8.072252539298293561e-01
6.006006006006006004e+01 8.504323957546925383e-01
6.021021021021021369e+01 8.614511667657137606e-01
6.036036036036036023e+01 8.310395092536916328e-01
6.051051051051051388e+01 8.032101295650341255e-01
6.066066066066066043e+01 8.019646123624163403e-01
6.081081081081081408e+01 7.931305187398600687e-01
6.096096096096096062e+01 7.771425299690576383e-01
6.111111111111111427e+01 7.551334911322762355e-01
6.126126126126126081e+01 7.291130488079484717e-01
6.141141141141141446e+01 7.842083032459759018e-01
6.156156156156156101e+01 8.333087337869214961e-01
6.171171171171171466e+01 8.639504676317365517e-01
6.186186186186186120e+01 8.495229204165399839e-01
6.201201201201201485e+01 8.112424510191611482e-01
6.216216216216216139e+01 8.034538318196429163e-01
6.231231231231231504e+01 7.981155692979958749e-01
6.246246246246246159e+01 7.853835587691759823e-01
6.261261261261261524e+01 7.660041249859236290e-01
6.276276276276276178e+01 7.415108553533688029e-01
6.291291291291291543e+01 7.601975975486412462e-01
6.306306306306306197e+01 8.118683941111939362e-01
6.321321321321321562e+01 8.547713873690733211e-01
6.336336336336336217e+01 8.612918213888358654e-01
6.351351351351351582e+01 8.286885222315114596e-01
6.366366366366366236e+01 8.033620228234399363e-01
6.381381381381381601e+01 8.015566592716825145e-01
6.396396396396396256e+01 7.921924712285520753e-01
6.411411411411411621e+01 7.757089820061969787e-01
6.426426426426426985e+01 7.532607157696775690e-01
6.441441441441440929e+01 7.331714491736416317e-01
6.456456456456456294e+01 7.881607414326072814e-01
6.471471471471471659e+01 8.360734965800940000e-01
6.486486486486487024e+01 8.626196077800096784e-01
6.501501501501500968e+01 8.458763006629377301e-01
6.516516516516516333e+01 8.075264090959204388e-01
6.531531531531531698e+01 8.033524955163060532e-01
6.546546546546547063e+01 7.974194510380739898e-01
6.561561561561561007e+01 7.840886072739050583e-01
6.576576576576576372e+01 7.641852181870971705e-01
6.591591591591591737e+01 7.393734408299915684e-01
6.606606606606607102e+01 7.642456882250888706e-01
6.621621621621621046e+01 8.147376902650469432e-01
6.636636636636636410e+01 8.560539880798265777e-01
6.651651651651651775e+01 8.601931336768727787e-01
6.666666666666667140e+01 8.254523193566303263e-01
6.681681681681681084e+01 8.034884031715597841e-01
6.696696696696696449e+01 8.010668028406315866e-01
6.711711711711711814e+01 7.911138462795288540e-01
6.726726726726727179e+01 7.741507916157781555e-01
6.741741741741742544e+01 7.514033798809348630e-01
6.756756756756756488e+01 7.383273877037290767e-01
6.771771771771771853e+01 7.922488243784404638e-01
6.786786786786787218e+01 8.408849554202424414e-01
6.801801801801802583e+01 8.649994597691109677e-01
6.816816816816816527e+01 8.437181165152900508e-01
6.831831831831831892e+01 8.053621928913257122e-01
6.846846846846847257e+01 8.031499387669358558e-01
6.861861861861862621e+01 7.966694413584918255e-01
6.876876876876876565e+01 7.828462985739910174e-01
6.891891891891891930e+01 7.625139253027295450e-01
6.906906906906907295e+01 7.373505736546933642e-01
6.921921921921922660e+01 7.681934801175488436e-01
6.936936936936936604e+01 8.189388594261599597e-01
6.951951951951951969e+01 8.573749190795426633e-01
6.966966966966967334e+01 8.572323991416438416e-01
6.981981981981982699e+01 8.221993608196430658e-01
6.996996996996996643e+01 8.035953663219767007e-01
7.012012012012012008e+01 8.006015757095085172e-01
7.027027027027027373e+01 7.900635591734477270e-01
7.042042042042042738e+01 7.725333557742032342e-01
7.057057057057056682e+01 7.493417329952355432e-01
7.072072072072072046e+01 7.420336288746752773e-01
7.087087087087087411e+01 7.956816096685547235e-01
7.102102102102102776e+01 8.423890006853961276e-01
7.117117117117116720e+01 8.638977016500017925e-01
7.132132132132132085e+01 8.405191465191994560e-01
7.147147147147147450e+01 8.024030642675004099e-01
7.162162162162162815e+01 8.029083330613902003e-01
7.177177177177176759e+01 7.958103789629679126e-01
7.192192192192192124e+01 7.814281534402239826e-01
7.207207207207207489e+01 7.606959990450157250e-01
7.222222222222222854e+01 7.353447224544855665e-01
7.237237237237236798e+01 7.725090011528710221e-01
7.252252252252252163e+01 8.230870111089834129e-01
7.267267267267267528e+01 8.609196227996072093e-01
7.282282282282282893e+01 8.567071726805491894e-01
7.297297297297296836e+01 8.200545565309271812e-01
7.312312312312312201e+01 8.036067646577250700e-01
7.327327327327327566e+01 8.000335189098244371e-01
7.342342342342342931e+01 7.889741383809593112e-01
7.357357357357356875e+01 7.710090752936967773e-01
7.372372372372372240e+01 7.474764825314802463e-01
7.387387387387387605e+01 7.469189062391009548e-01
7.402402402402402970e+01 8.001071322002220043e-01
7.417417417417416914e+01 8.461556462043824389e-01
7.432432432432432279e+01 8.631144147414641088e-01
7.447447447447447644e+01 8.372868222509891600e-01
7.462462462462463009e+01 8.027039297276772345e-01
7.477477477477476953e+01 8.026492460854237621e-01
7.492492492492492318e+01 7.949892126095935430e-01
7.507507507507507682e+01 7.800468074981338207e-01
7.522522522522523047e+01 7.588071127371808222e-01
7.537537537537536991e+01 7.331097439112573833e-01
7.552552552552552356e+01 7.762464797280549389e-01
7.567567567567567721e+01 8.254916806373635563e-01
7.582582582582583086e+01 8.602792869536961540e-01
7.597597597597597030e+01 8.537682587544913604e-01
7.612612612612612395e+01 8.163264074003393489e-01
7.627627627627627760e+01 8.036227406466038836e-01
7.642642642642643125e+01 7.994352285342821718e-01
7.657657657657657069e+01 7.877705136062819191e-01
7.672672672672672434e+01 7.693001254189159033e-01
7.687687687687687799e+01 7.454754927592769365e-01
7.702702702702703164e+01 7.517491942625850188e-01
7.717717717717718529e+01 8.037049289022650811e-01
7.732732732732732472e+01 8.495916841379869133e-01
7.747747747747747837e+01 8.641698651235010242e-01
7.762762762762763202e+01 8.347873542755824827e-01
7.777777777777778567e+01 8.029579403254564207e-01
7.792792792792792511e+01 8.023014106002507306e-01
7.807807807807807876e+01 7.940759672825140614e-01
7.822822822822823241e+01 7.786610854969812090e-01
7.837837837837838606e+01 7.570732501208617959e-01
7.852852852852852550e+01 7.311265978986385417e-01
7.867867867867867915e+01 7.804250590979774360e-01
7.882882882882883280e+01 8.304157098800788450e-01
7.897897897897898645e+01 8.625434769466869822e-01
7.912912912912912589e+01 8.513172901613652588e-01
7.927927927927927954e+01 8.138022883713655897e-01
7.942942942942943318e+01 8.035834387543779878e-01
7.957957957957958683e+01 7.988440840533777010e-01
7.972972972972972627e+01 7.866428253730921583e-01
7.987987987987987992e+01 7.676612681583181441e-01
8.003003003003003357e+01 7.434158880357810695e-01
8.018018018018018722e+01 7.554543836650992050e-01
8.033033033033032666e+01 8.072610819711837360e-01
8.048048048048048031e+01 8.504544040228533275e-01
8.063063063063063396e+01 8.614391146154579681e-01
8.078078078078078761e+01 8.310208553795809250e-01
8.093093093093092705e+01 8.032103682880087359e-01
8.108108108108108070e+01 8.019627524406884866e-01
8.123123123123123435e+01 7.931267354055755447e-01
8.138138138138138800e+01 7.771367930968628990e-01
8.153153153153152743e+01 7.551252892703146369e-01
8.168168168168168108e+01 7.291295861436063452e-01
8.183183183183183473e+01 7.842245734785464606e-01
8.198198198198198838e+01 8.333147718359673606e-01
8.213213213213212782e+01 8.639478741120916183e-01
8.228228228228228147e+01 8.495184519552683167e-01
8.243243243243243512e+01 8.112307875452451356e-01
8.258258258258258877e+01 8.034627446939865969e-01
8.273273273273272821e+01 7.981228593035087915e-01
8.288288288288288186e+01 7.853894605542987017e-01
8.303303303303303551e+01 7.660091896714354975e-01
8.318318318318318916e+01 7.415155660942380766e-01
8.333333333333332860e+01 7.602453716597791233e-01
8.348348348348348225e+01 8.119059490020825720e-01
8.363363363363363590e+01 8.548031749078232044e-01
8.378378378378378954e+01 8.612997061374340069e-01
8.393393393393392898e+01 8.286791413292308173e-01
8.408408408408408263e+01 8.033684347827128036e-01
8.423423423423423628e+01 8.015581570435358350e-01
8.438438438438438993e+01 7.921894280240854291e-01
8.453453453453452937e+01 7.757019267161914255e-01
8.468468468468468302e+01 7.532497526291372925e-01
8.483483483483483667e+01 7.331982530258500663e-01
8.498498498498499032e+01 7.881848417683631203e-01
8.513513513513512976e+01 8.361051641457692973e-01
8.528528528528528341e+01 8.626317130358625018e-01
8.543543543543543706e+01 8.458626203194243853e-01
8.558558558558559071e+01 8.075063406292757318e-01
8.573573573573573015e+01 8.033476341903851292e-01
8.588588588588588379e+01 7.974127729982900536e-01
8.603603603603603744e+01 7.840798751246710330e-01
8.618618618618619109e+01 7.641741301120404950e-01
8.633633633633633053e+01 7.393600692904129801e-01
8.648648648648648418e+01 7.642712473309500876e-01
8.663663663663663783e+01 8.147557353072005792e-01
8.678678678678679148e+01 8.560490279770015531e-01
8.693693693693694513e+01 8.601707363774514503e-01
8.708708708708708457e+01 8.254276667604441009e-01
8.723723723723723822e+01 8.034907472526426897e-01
8.738738738738739187e+01 8.010642676845007859e-01
8.753753753753754552e+01 7.911062538781554743e-01
8.768768768768768496e+01 7.741384841255528615e-01
8.783783783783783861e+01 7.513877549439386128e-01
8.798798798798799226e+01 7.383531772651400482e-01
8.813813813813814591e+01 7.922720773590766763e-01
8.828828828828828534e+01 8.409064173676218390e-01
8.843843843843843899e+01 8.650081916756591216e-01
8.858858858858859264e+01 8.436992509515113259e-01
8.873873873873874629e+01 8.053433361207679164e-01
8.888888888888888573e+01 8.031419713339674749e-01
8.903903903903903938e+01 7.966571985643033926e-01
8.918918918918919303e+01 7.828301212036965495e-01
8.933933933933934668e+01 7.624945797630326982e-01
8.948948948948948612e+01 7.373289721978643074e-01
8.963963963963963977e+01 7.682091082593835996e-01
8.978978978978979342e+01 8.189614561459861442e-01
8.993993993993994707e+01 8.573933013065682118e-01
9.009009009009008651e+01 8.572222056231769693e-01
9.024024024024024015e+01 8.221837296310943177e-01
9.039039039039039380e+01 8.035992328175622923e-01
9.054054054054054745e+01 8.006021685361950357e-01
9.069069069069068689e+01 7.900611996061943643e-01
9.084084084084084054e+01 7.725286014559642478e-01
9.099099099099099419e+01 7.493360060033854575e-01
9.114114114114114784e+01 7.420616932632391194e-01
9.129129129129128728e+01 7.957116540336293120e-01
9.144144144144144093e+01 8.424011024507503942e-01
9.159159159159159458e+01 8.638793608251283951e-01
9.174174174174174823e+01 8.404926540865333973e-01
9.189189189189188767e+01 8.023942218618137501e-01
9.204204204204204132e+01 8.028962991223765888e-01
9.219219219219219497e+01 7.957948291695643439e-01
9.234234234234234862e+01 7.814087403678460220e-01
9.249249249249248805e+01 7.606723160164270414e-01
9.264264264264264170e+01 7.353167444176074152e-01
9.279279279279279535e+01 7.725154496681683192e-01
9.294294294294294900e+01 8.230883442304067765e-01
9.309309309309308844e+01 8.609217754132942879e-01
9.324324324324324209e+01 8.567026302362180656e-01
9.339339339339339574e+01 8.200374458350011553e-01
9.354354354354354939e+01 8.036030794408404176e-01
9.369369369369368883e+01 8.000269240976636276e-01
9.384384384384384248e+01 7.889645746859540454e-01
9.399399399399399613e+01 7.709969607894745502e-01
9.414414414414414978e+01 7.474631200334849179e-01
9.429429429429428922e+01 7.469475424858407209e-01
9.444444444444444287e+01 8.001308167201384158e-01
9.459459459459459651e+01 8.461823427170394041e-01
9.474474474474475016e+01 8.631184902075390575e-01
9.489489489489488960e+01 8.372686871294250377e-01
9.504504504504504325e+01 8.027077254535965878e-01
9.519519519519519690e+01 8.026477490225861766e-01
9.534534534534535055e+01 7.949826425667290142e-01
9.549549549549548999e+01 7.800356076812543504e-01
9.564564564564564364e+01 7.587922803086765144e-01
9.579579579579579729e+01 7.330931066863867196e-01
9.594594594594595094e+01 7.762640638376180346e-01
9.609609609609609038e+01 8.255093960596386893e-01
9.624624624624624403e+01 8.602737537671876211e-01
9.639639639639639768e+01 8.537414013668376267e-01
9.654654654654655133e+01 8.163003834152704474e-01
9.669669669669670498e+01 8.036102883567546318e-01
9.684684684684684441e+01 7.994201607979493085e-01
9.699699699699699806e+01 7.877524788484517870e-01
9.714714714714715171e+01 7.692790998097260857e-01
9.729729729729730536e+01 7.454522786035910897e-01
9.744744744744744480e+01 7.517598233937284880e-01
9.759759759759759845e+01 8.037093576429442665e-01
9.774774774774775210e+01 8.495859820147699804e-01
9.789789789789790575e+01 8.641575566731796165e-01
9.804804804804804519e+01 8.347672257483050862e-01
9.819819819819819884e+01 8.029579127187482790e-01
9.834834834834835249e+01 8.022976004495880886e-01
9.849849849849850614e+01 7.940682447757346774e-01
9.864864864864864558e+01 7.786499958818032807e-01
9.879879879879879923e+01 7.570604615382759972e-01
9.894894894894895288e+01 7.311141718163852721e-01
9.909909909909910652e+01 7.804485318085597756e-01
9.924924924924924596e+01 8.304425902307973617e-01
9.939939939939939961e+01 8.625619426559911762e-01
9.954954954954955326e+01 8.513057324077560883e-01
9.969969969969970691e+01 8.137901994183779353e-01
9.984984984984984635e+01 8.035708986794467545e-01
1.000000000000000000e+02 7.988271932693822297e-01
1.001501501501501536e+02 7.866215551890971547e-01
1.003003003003003073e+02 7.676356048050454461e-01
1.004504504504504467e+02 7.433859028709397521e-01
1.006006006006006004e+02 7.554582063931684077e-01
1.007507507507507540e+02 8.072695514671140993e-01
1.009009009009009077e+02 8.504569924927444236e-01
1.010510510510510471e+02 8.614189639284393074e-01
1.012012012012012008e+02 8.309955659783687665e-01
1.013513513513513544e+02 8.032090348373692734e-01
1.015015015015015081e+02 8.019577189697200126e-01
1.016516516516516475e+02 7.931176434433995226e-01
1.018018018018018012e+02 7.771236210518475129e-01
1.019519519519519548e+02 7.551098853473133810e-01
1.021021021021021085e+02 7.291471086855836337e-01
1.022522522522522479e+02 7.842459179445326889e-01
1.024024024024024015e+02 8.333206752897457381e-01
1.025525525525525552e+02 8.639307054716712786e-01
1.027027027027027088e+02 8.494881104234351943e-01
1.028528528528528483e+02 8.112051890326644754e-01
1.030030030030030019e+02 8.034563432759663781e-01
1.031531531531531556e+02 7.981111799359265069e-01
1.033033033033033092e+02 7.853727945514805686e-01
1.034534534534534487e+02 7.659887190282202996e-01
1.036036036036036023e+02 7.414935284625934209e-01
1.037537537537537560e+02 7.602633240667918679e-01
1.039039039039039096e+02 8.119210871625301973e-01
1.040540540540540491e+02 8.548213672432117827e-01
1.042042042042042027e+02 8.613003763722842931e-01
1.043543543543543564e+02 8.286607268131402915e-01
1.045045045045045100e+02 8.033651383158408876e-01
1.046546546546546494e+02 8.015520095906738529e-01
1.048048048048048031e+02 7.921808551799056630e-01
1.049549549549549567e+02 7.756916600079947210e-01
1.051051051051051104e+02 7.532386582207917236e-01
1.052552552552552498e+02 7.332287420493850405e-01
1.054054054054054035e+02 7.882109162971798755e-01
1.055555555555555571e+02 8.361325023348786800e-01
1.057057057057057108e+02 8.626341015326284278e-01
1.058558558558558644e+02 8.458432110337491538e-01
1.060060060060060039e+02 8.074904194541395741e-01
1.061561561561561575e+02 8.033515400949970964e-01
1.063063063063063112e+02 7.974127981941168120e-01
1.064564564564564648e+02 7.840761793657774481e-01
1.066066066066066043e+02 7.641671283775953727e-01
1.067567567567567579e+02 7.393508393561709635e-01
1.069069069069069116e+02 7.642923730541583138e-01
1.070570570570570652e+02 8.147736379532387607e-01
1.072072072072072046e+02 8.560484285800433746e-01
1.073573573573573583e+02 8.601543060906576832e-01
1.075075075075075119e+02 8.254056604257185015e-01
1.076576576576576656e+02 8.034913811196604527e-01
1.078078078078078050e+02 8.010621671029095614e-01
1.079579579579579587e+02 7.911014142299238605e-01
1.081081081081081123e+02 7.741313222833531293e-01
1.082582582582582660e+02 7.513791714605855265e-01
1.084084084084084054e+02 7.383848388365452653e-01
1.085585585585585591e+02 7.922957083611396056e-01
1.087087087087087127e+02 8.409262186521276883e-01
1.088588588588588664e+02 8.650188317135713012e-01
1.090090090090090058e+02 8.436893518142849491e-01
1.091591591591591595e+02 8.053337024518162357e-01
1.093093093093093131e+02 8.031470573787884426e-01
1.094594594594594668e+02 7.966587698448966970e-01
1.096096096096096062e+02 7.828289172084312852e-01
1.097597597597597598e+02 7.624916342965812888e-01
1.099099099099099135e+02 7.373250912973955407e-01
1.100600600600600671e+02 7.682432270004444508e-01
1.102102102102102066e+02 8.189998351130850507e-01
1.103603603603603602e+02 8.574226649916618648e-01
1.105105105105105139e+02 8.572174050163570147e-01
1.106606606606606675e+02 8.221731875334262751e-01
1.108108108108108070e+02 8.036003765159863699e-01
1.109609609609609606e+02 8.006003670171452091e-01
1.111111111111111143e+02 7.900566812763563096e-01
1.112612612612612679e+02 7.725213591109626465e-01
1.114114114114114074e+02 7.493255835999043102e-01
1.115615615615615610e+02 7.420854678556620954e-01
1.117117117117117147e+02 7.957339513149918053e-01
1.118618618618618683e+02 8.424108187654564261e-01
1.120120120120120077e+02 8.638666831793367917e-01
1.121621621621621614e+02 8.404744068666515355e-01
1.123123123123123150e+02 8.024159097162799625e-01
1.124624624624624687e+02 8.029144356070723187e-01
1.126126126126126081e+02 7.958096640416165712e-01
1.127627627627627618e+02 7.814210240608631119e-01
1.129129129129129154e+02 7.606838770690654838e-01
1.130630630630630691e+02 7.353302775072243502e-01
1.132132132132132085e+02 7.725677235757421046e-01
1.133633633633633622e+02 8.231272961641485919e-01
1.135135135135135158e+02 8.609417140613205843e-01
1.136636636636636695e+02 8.566978235038980038e-01
1.138138138138138089e+02 8.200230092758801215e-01
1.139639639639639626e+02 8.036073664693814678e-01
1.141141141141141162e+02 8.000280055706189275e-01
1.142642642642642699e+02 7.889632549126160965e-01
1.144144144144144093e+02 7.709939971749404375e-01
1.145645645645645629e+02 7.474575729094855570e-01
1.147147147147147166e+02 7.469863000633747419e-01
1.148648648648648702e+02 8.001575651602115258e-01
1.150150150150150097e+02 8.462204470164539361e-01
1.151651651651651633e+02 8.631448631820944906e-01
1.153153153153153170e+02 8.372735878771578877e-01
1.154654654654654706e+02 8.027190964632061609e-01
1.156156156156156243e+02 8.026587398698558085e-01
1.157657657657657637e+02 7.949936886001173209e-01
1.159159159159159174e+02 7.800469840599024707e-01
1.160660660660660710e+02 7.588035003007617130e-01
1.162162162162162247e+02 7.331029289486692413e-01
1.163663663663663641e+02 7.763108904016610134e-01
1.165165165165165178e+02 8.255494412292108120e-01
1.166666666666666714e+02 8.602822368622857763e-01
1.168168168168168251e+02 8.537266003160871586e-01
1.169669669669669645e+02 8.162869732975873704e-01
1.171171171171171181e+02 8.036134621855948179e-01
1.172672672672672718e+02 7.994190941986725196e-01
1.174174174174174254e+02 7.877469465214788080e-01
1.175675675675675649e+02 7.692685514728184737e-01
1.177177177177177185e+02 7.454358099631067658e-01
1.178678678678678722e+02 7.517743247058213951e-01
1.180180180180180258e+02 8.037202766344376803e-01
1.181681681681681653e+02 8.495935716031353113e-01
1.183183183183183189e+02 8.641602403351279493e-01
1.184684684684684726e+02 8.347548148606331875e-01
1.186186186186186262e+02 8.029499838281729529e-01
1.187687687687687657e+02 8.022880792925944915e-01
1.189189189189189193e+02 7.940566904088189881e-01
1.190690690690690730e+02 7.786362590541314743e-01
1.192192192192192266e+02 7.570448498564493756e-01
1.193693693693693660e+02 7.310970552199977934e-01
1.195195195195195197e+02 7.804597773562591545e-01
1.196696696696696733e+02 8.304576779399470698e-01
1.198198198198198270e+02 8.625759148470039106e-01
1.199699699699699664e+02 8.512997289656121236e-01
1.201201201201201201e+02 8.137835668748594209e-01
1.202702702702702737e+02 8.035769405028210244e-01
1.204204204204204274e+02 7.988291763031385440e-01
1.205705705705705668e+02 7.866199428341952293e-01
1.207207207207207205e+02 7.676314678638823663e-01
1.208708708708708741e+02 7.433815805731167625e-01
1.210210210210210278e+02 7.554959896055329915e-01
1.211711711711711672e+02 8.073103247233714974e-01
1.213213213213213209e+02 8.504778580393375087e-01
1.214714714714714745e+02 8.613965726713072035e-01
1.216216216216216282e+02 8.309643087439756437e-01
1.217717717717717676e+02 8.032020625031423000e-01
1.219219219219219212e+02 8.019457378569054828e-01
1.220720720720720749e+02 7.931005848273492420e-01
1.222222222222222285e+02 7.771014658696047128e-01
1.223723723723723680e+02 7.550828643794750272e-01
1.225225225225225216e+02 7.291480468087158107e-01
1.226726726726726753e+02 7.842487513784398567e-01
1.228228228228228289e+02 8.333170925783649485e-01
1.229729729729729684e+02 8.639202823520369945e-01
1.231231231231231220e+02 8.494724701820537405e-01
1.232732732732732757e+02 8.111808125307569117e-01
1.234234234234234293e+02 8.034543990861215956e-01
1.235735735735735688e+02 7.981074894014142940e-01
1.237237237237237224e+02 7.853674566668764623e-01
1.238738738738738761e+02 7.659827787191852977e-01
1.240240240240240297e+02 7.414889492587715125e-01
1.241741741741741691e+02 7.603054964665825199e-01
1.243243243243243228e+02 8.119538335401044193e-01
1.244744744744744764e+02 8.548451840888418030e-01
1.246246246246246301e+02 8.612979028045492091e-01
1.247747747747747695e+02 8.286434625384011543e-01
1.249249249249249232e+02 8.033686639065532598e-01
1.250750750750750768e+02 8.015492671813346792e-01
1.252252252252252305e+02 7.921722036669716083e-01
1.253753753753753841e+02 7.756777354673406455e-01
1.255255255255255236e+02 7.532200603239400660e-01
1.256756756756756772e+02 7.332467104466643404e-01
1.258258258258258309e+02 7.882283182469985716e-01
1.259759759759759845e+02 8.361594651315487070e-01
1.261261261261261239e+02 8.626425237178649841e-01
1.262762762762762776e+02 8.458247978660902167e-01
1.264264264264264312e+02 8.074661022607130256e-01
1.265765765765765849e+02 8.033329592241033046e-01
1.267267267267267243e+02 7.973925770044738570e-01
1.268768768768768780e+02 7.840536360094045865e-01
1.270270270270270316e+02 7.641414296417003982e-01
1.271771771771771853e+02 7.393216424593075375e-01
1.273273273273273247e+02 7.642946665763711289e-01
1.274774774774774784e+02 8.147704593325858502e-01
1.276276276276276320e+02 8.560297820836824112e-01
1.277777777777777857e+02 8.601293928743252160e-01
1.279279279279279251e+02 8.253816781347482756e-01
1.280780780780780788e+02 8.034945139746545451e-01
1.282282282282282324e+02 8.010604041199099745e-01
1.283783783783783861e+02 7.910944499642496019e-01
1.285285285285285397e+02 7.741197557817930397e-01
1.286786786786786934e+02 7.513659678084911864e-01
1.288288288288288186e+02 7.384095153663083888e-01
1.289789789789789722e+02 7.923217425384516677e-01
1.291291291291291259e+02 8.409457838789464734e-01
1.292792792792792795e+02 8.650203743512764332e-01
1.294294294294294332e+02 8.436625784801282668e-01
1.295795795795795868e+02 8.053158894804235413e-01
1.297297297297297405e+02 8.031317277121794440e-01
1.298798798798798941e+02 7.966380756611244340e-01
1.300300300300300194e+02 7.828032737308292521e-01
1.301801801801801730e+02 7.624617680217088411e-01
1.303303303303303267e+02 7.372917835333505643e-01
1.304804804804804803e+02 7.682468793487374770e-01
1.306306306306306340e+02 8.190121277566941860e-01
1.307807807807807876e+02 8.574351001422734209e-01
1.309309309309309413e+02 8.572044387838170243e-01
1.310810810810810949e+02 8.221538803821205610e-01
1.312312312312312201e+02 8.035955301131844086e-01
1.313813813813813738e+02 8.005928946311086092e-01
1.315315315315315274e+02 7.900465575861969070e-01
1.316816816816816811e+02 7.725089743868948089e-01
1.318318318318318347e+02 7.493128690338555220e-01
1.319819819819819884e+02 7.421074051116910431e-01
1.321321321321321420e+02 7.957585440348263761e-01
1.322822822822822957e+02 8.424159942081986818e-01
1.324324324324324209e+02 8.638405380756914997e-01
1.325825825825825746e+02 8.404426369078072945e-01
1.327327327327327282e+02 8.024084777085265241e-01
1.328828828828828819e+02 8.029022641243267477e-01
1.330330330330330355e+02 7.957923352319500321e-01
1.331831831831831892e+02 7.813982512884446452e-01
1.333333333333333428e+02 7.606559198121639609e-01
1.334834834834834965e+02 7.352983809552172678e-01
1.336336336336336217e+02 7.725715060514078969e-01
1.337837837837837753e+02 8.231280907932670976e-01
1.339339339339339290e+02 8.609426155222799082e-01
1.340840840840840826e+02 8.566885566602604474e-01
1.342342342342342363e+02 8.200012572618758933e-01
1.343843843843843899e+02 8.036072200405863786e-01
1.345345345345345436e+02 8.000241687847537975e-01
1.346846846846846972e+02 7.889558770245045372e-01
1.348348348348348509e+02 7.709842530623082224e-01
1.349849849849849761e+02 7.474481336650345975e-01
1.351351351351351298e+02 7.470236855556575684e-01
1.352852852852852834e+02 8.001892282063790551e-01
1.354354354354354371e+02 8.462508067278190493e-01
1.355855855855855907e+02 8.631458474012395632e-01
1.357357357357357444e+02 8.372495206196486350e-01
1.358858858858858980e+02 8.027188776879002896e-01
1.360360360360360517e+02 8.026531321149765752e-01
1.361861861861861769e+02 7.949829886018843217e-01
1.363363363363363305e+02 7.800316810643207477e-01
1.364864864864864842e+02 7.587843378310547005e-01
1.366366366366366378e+02 7.330810649614710739e-01
1.367867867867867915e+02 7.763262971072514285e-01
1.369369369369369451e+02 8.255663580101969545e-01
1.370870870870870988e+02 8.602786887487914314e-01
1.372372372372372524e+02 8.537031880246412907e-01
1.373873873873873777e+02 8.162621360911507251e-01
1.375375375375375313e+02 8.036244011430209166e-01
1.376876876876876850e+02 7.994271597787914185e-01
1.378378378378378386e+02 7.877525226821321391e-01
1.379879879879879923e+02 7.692727000883470279e-01
1.381381381381381459e+02 7.454408027311341112e-01
1.382882882882882996e+02 7.518194241660156596e-01
1.384384384384384532e+02 8.037574642978401185e-01
1.385885885885885784e+02 8.496106384129573641e-01
1.387387387387387321e+02 8.641539613548948617e-01
1.388888888888888857e+02 8.347340419673747736e-01
1.390390390390390394e+02 8.029717483744377438e-01
1.391891891891891930e+02 8.023052592488902901e-01
1.393393393393393467e+02 7.940702094056099059e-01
1.394894894894895003e+02 7.786476316391076624e-01
1.396396396396396540e+02 7.570555230868916130e-01
1.397897897897897792e+02 7.311077304090672913e-01
1.399399399399399329e+02 7.805140699457231435e-01
1.400900900900900865e+02 8.305130976969712364e-01
1.402402402402402402e+02 8.626172747392935047e-01
1.403903903903903938e+02 8.513021227591702766e-01
1.405405405405405475e+02 8.137756538228601011e-01
1.406906906906907011e+02 8.035848901796805999e-01
1.408408408408408548e+02 7.988358584097476900e-01
1.409909909909909800e+02 7.866263550225957024e-01
1.411411411411411336e+02 7.676374182717352612e-01
1.412912912912912873e+02 7.433840550159676042e-01
1.414414414414414409e+02 7.555279986712796214e-01
1.415915915915915946e+02 8.073403930838330966e-01
1.417417417417417482e+02 8.505064760517447864e-01
1.418918918918919019e+02 8.614091185981188614e-01
1.420420420420420555e+02 8.309745424632364319e-01
1.421921921921921808e+02 8.032174593617278369e-01
1.423423423423423344e+02 8.019617735074063836e-01
1.424924924924924881e+02 7.931174989973337475e-01
1.426426426426426417e+02 7.771190693939523664e-01
1.427927927927927954e+02 7.550999047000486186e-01
1.429429429429429490e+02 7.291972673840563246e-01
1.430930930930931027e+02 7.842948602266783809e-01
1.432432432432432563e+02 8.333443612487306806e-01
1.433933933933933815e+02 8.639234014479992840e-01
1.435435435435435352e+02 8.494654240960195501e-01
1.436936936936936888e+02 8.111711025131169706e-01
1.438438438438438425e+02 8.034631703114646362e-01
1.439939939939939961e+02 7.981118288169861685e-01
1.441441441441441498e+02 7.853675844292615782e-01
1.442942942942943034e+02 7.659788554827983154e-01
1.444444444444444571e+02 7.414805865330036383e-01
1.445945945945946107e+02 7.603274331373712780e-01
1.447447447447447360e+02 8.119721893744575869e-01
1.448948948948948896e+02 8.548736482814822679e-01
1.450450450450450433e+02 8.613180384815894985e-01
1.451951951951951969e+02 8.286428108837877726e-01
1.453453453453453506e+02 8.033718555920429383e-01
1.454954954954955042e+02 8.015518522446046790e-01
1.456456456456456579e+02 7.921745144064503696e-01
1.457957957957958115e+02 7.756801619148180338e-01
1.459459459459459367e+02 7.532227105714454085e-01
1.460960960960960904e+02 7.332911476950472185e-01
1.462462462462462440e+02 7.882651606327085725e-01
1.463963963963963977e+02 8.361937846598763713e-01
1.465465465465465513e+02 8.626491035306120825e-01
1.466966966966967050e+02 8.458099737742267310e-01
1.468468468468468586e+02 8.074560442039701025e-01
1.469969969969970123e+02 8.033485966865964167e-01
1.471471471471471375e+02 7.974039495032820835e-01
1.472972972972972912e+02 7.840613444538377941e-01
1.474474474474474448e+02 7.641464309182480763e-01
1.475975975975975985e+02 7.393255038193947692e-01
1.477477477477477521e+02 7.643337800955164463e-01
1.478978978978979058e+02 8.148054752020688074e-01
1.480480480480480594e+02 8.560412391138798593e-01
1.481981981981982130e+02 8.601167835797340899e-01
1.483483483483483383e+02 8.253613256967345935e-01
1.484984984984984919e+02 8.034955934767801233e-01
1.486486486486486456e+02 8.010594045312124933e-01
1.487987987987987992e+02 7.910915487014323899e-01
1.489489489489489529e+02 7.741151882961276876e-01
1.490990990990991065e+02 7.513591770809047166e-01
1.492492492492492602e+02 7.384384369648915314e-01
1.493993993993994138e+02 7.923387137753864495e-01
1.495495495495495391e+02 8.409630238719486561e-01
1.496996996996996927e+02 8.650386148979870571e-01
1.498498498498498464e+02 8.436664815306270659e-01
1.500000000000000000e+02 8.053113587000679807e-01
