0.000000000000000000e+00 5.843785128807222895e-01
1.501501501501501523e-01 6.621471148133254436e-01
3.003003003003003046e-01 6.084608930605734933e-01
4.504504504504504570e-01 5.386062786366072608e-01
6.006006006006006093e-01 5.229574462652154532e-01
7.507507507507507061e-01 4.967143890675634332e-01
9.009009009009009139e-01 4.683267343040155573e-01
1.051051051051051122e+00 4.402546235382114870e-01
1.201201201201201219e+00 5.585576722601969246e-01
1.351351351351351315e+00 6.626782677578110237e-01
1.501501501501501412e+00 6.726396892486948831e-01
1.651651651651651731e+00 6.541040874903707447e-01
1.801801801801801828e+00 6.599529504237656719e-01
1.951951951951951925e+00 6.622723976597943985e-01
2.102102102102102243e+00 6.589464161247743368e-01
2.252252252252252340e+00 6.454587523062743637e-01
2.402402402402402437e+00 6.835232305797140917e-01
2.552552552552552534e+00 7.368715018931923932e-01
2.702702702702702631e+00 7.491454792381521122e-01
2.852852852852852727e+00 7.424449667126089558e-01
3.003003003003002824e+00 7.323880834199214540e-01
3.153153153153153365e+00 7.238455405709011137e-01
3.303303303303303462e+00 7.694672953638789226e-01
3.453453453453453559e+00 7.762631405173732180e-01
3.603603603603603656e+00 7.578084435973977406e-01
3.753753753753753752e+00 7.449364689328503708e-01
3.903903903903903849e+00 7.284752093596097433e-01
4.054054054054054390e+00 7.081550981122636257e-01
4.204204204204204487e+00 6.909624446415595367e-01
4.354354354354354584e+00 7.617448777178648101e-01
4.504504504504504681e+00 8.185803121252415160e-01
4.654654654654654777e+00 8.142506868953498511e-01
4.804804804804804874e+00 7.986853398470502574e-01
4.954954954954954971e+00 7.932602839693138064e-01
5.105105105105105068e+00 7.835686703072491932e-01
5.255255255255255165e+00 7.713072455986293985e-01
5.405405405405405261e+00 7.950669507637280198e-01
5.555555555555555358e+00 8.369689159342703633e-01
5.705705705705705455e+00 8.542708933582485731e-01
5.855855855855855552e+00 8.485383599449533021e-01
6.006006006006005649e+00 8.398254861200143973e-01
6.156156156156156634e+00 8.267459773068459583e-01
6.306306306306306730e+00 8.174516308473390724e-01
6.456456456456456827e+00 8.564870689517368740e-01
6.606606606606606924e+00 8.779771529913042993e-01
6.756756756756757021e+00 8.680841112340087484e-01
6.906906906906907118e+00 8.549230259991001946e-01
7.057057057057057214e+00 8.415745024390323126e-01
7.207207207207207311e+00 8.237725081749919243e-01
7.357357357357357408e+00 8.110885841514521299e-01
7.507507507507507505e+00 8.653255494308358386e-01
7.657657657657657602e+00 9.060580961985837956e-01
7.807807807807807698e+00 8.952868160219131788e-01
7.957957957957957795e+00 8.812245766380631951e-01
8.108108108108108780e+00 8.720616641586234064e-01
8.258258258258258877e+00 8.581499535560773717e-01
8.408408408408408974e+00 8.461517707827534984e-01
8.558558558558559071e+00 8.822090048089779035e-01
8.708708708708709167e+00 9.190545832373046009e-01
8.858858858858859264e+00 9.191580807114794194e-01
9.009009009009009361e+00 9.085766409734724602e-01
9.159159159159159458e+00 8.985277181949239411e-01
9.309309309309309555e+00 8.837224049981869944e-01
9.459459459459459651e+00 8.744772287995513649e-01
9.609609609609609748e+00 9.143173689280078564e-01
9.759759759759759845e+00 9.404964135570424988e-01
9.909909909909909942e+00 9.290602620197357941e-01
1.006006006006006004e+01 9.160190128966999579e-01
1.021021021021021014e+01 9.035819203430022206e-01
1.036036036036036023e+01 8.863094900673534893e-01
1.051051051051051033e+01 8.770013496440736134e-01
1.066066066066066043e+01 9.244440818369593638e-01
1.081081081081081052e+01 9.572245992132384362e-01
1.096096096096096062e+01 9.428585407098065696e-01
1.111111111111111072e+01 9.299014236900704500e-01
1.126126126126126081e+01 9.190789933354092112e-01
1.141141141141141091e+01 9.032797019831457774e-01
1.156156156156156101e+01 8.936421763152953002e-01
1.171171171171171110e+01 9.351739139134409573e-01
1.186186186186186120e+01 9.671771213242903453e-01
1.201201201201201130e+01 9.569090645739123380e-01
1.216216216216216317e+01 9.455062902222767240e-01
1.231231231231231327e+01 9.343863896297501803e-01
1.246246246246246336e+01 9.182774493474195054e-01
1.261261261261261346e+01 9.110783007565760316e-01
1.276276276276276356e+01 9.520195988774873275e-01
1.291291291291291365e+01 9.785378676452302082e-01
1.306306306306306375e+01 9.635324593168909102e-01
1.321321321321321385e+01 9.515472771105283334e-01
1.336336336336336394e+01 9.392671332707496212e-01
1.351351351351351404e+01 9.219152052165057176e-01
1.366366366366366414e+01 9.156092148644148221e-01
1.381381381381381424e+01 9.612717370978961506e-01
1.396396396396396433e+01 9.887081573943675705e-01
1.411411411411411443e+01 9.708997826687090216e-01
1.426426426426426453e+01 9.592618505618267788e-01
1.441441441441441462e+01 9.474059433485340076e-01
1.456456456456456472e+01 9.304786136071082625e-01
1.471471471471471482e+01 9.244311008228254245e-01
1.486486486486486491e+01 9.677009287050827302e-01
1.501501501501501501e+01 9.994932762136351512e-01
1.516516516516516511e+01 9.821567293295645484e-01
1.531531531531531520e+01 9.712658207677901112e-01
1.546546546546546530e+01 9.589225860619441377e-01
1.561561561561561540e+01 9.412444092828394782e-01
1.576576576576576549e+01 9.350491385149579671e-01
1.591591591591591559e+01 9.815880380669985694e-01
1.606606606606606746e+01 1.008130550392594138e+00
1.621621621621621756e+01 9.890603680203085002e-01
1.636636636636636766e+01 9.777971545323955738e-01
1.651651651651651775e+01 9.649284557304347310e-01
1.666666666666666785e+01 9.469386607967081870e-01
1.681681681681681795e+01 9.427891872290981023e-01
1.696696696696696804e+01 9.892986420268742309e-01
1.711711711711711814e+01 1.015416893839208967e+00
1.726726726726726824e+01 9.933513734774526149e-01
1.741741741741741833e+01 9.835199585144592804e-01
1.756756756756756843e+01 9.708145536788801433e-01
1.771771771771771853e+01 9.528492314011693942e-01
1.786786786786786863e+01 9.500946553336580003e-01
1.801801801801801872e+01 9.958928761628617066e-01
1.816816816816816882e+01 1.020859487507014496e+00
1.831831831831831892e+01 9.990704095967040121e-01
1.846846846846846901e+01 9.900123299831532497e-01
1.861861861861861911e+01 9.772893892536459459e-01
1.876876876876876921e+01 9.593807234572564457e-01
1.891891891891891930e+01 9.578551511491497639e-01
1.906906906906906940e+01 1.002939478310927335e+00
1.921921921921921950e+01 1.025780353862553840e+00
1.936936936936936959e+01 1.002391667904891648e+00
1.951951951951951969e+01 9.936843671471190520e-01
1.966966966966966979e+01 9.805626027025443614e-01
1.981981981981981988e+01 9.621719107004333971e-01
1.996996996996996998e+01 9.624247897268100038e-01
2.012012012012012008e+01 1.008085009628497453e+00
2.027027027027027017e+01 1.029473332829434762e+00
2.042042042042042027e+01 1.004471166257004056e+00
2.057057057057057037e+01 9.965875267938465454e-01
2.072072072072072046e+01 9.833880668309267215e-01
2.087087087087087056e+01 9.649573916531822837e-01
2.102102102102102066e+01 9.663988769880031970e-01
2.117117117117117076e+01 1.012532143548692032e+00
2.132132132132132085e+01 1.033177944527477132e+00
2.147147147147147095e+01 1.008359139528675286e+00
2.162162162162162105e+01 1.000529811404536451e+00
2.177177177177177114e+01 9.872665919960368353e-01
2.192192192192192124e+01 9.687231580953954424e-01
2.207207207207207134e+01 9.715260314495105520e-01
2.222222222222222143e+01 1.016597925947657188e+00
2.237237237237237153e+01 1.035868911904093359e+00
2.252252252252252163e+01 1.010846304896712233e+00
2.267267267267267172e+01 1.002714208624680303e+00
2.282282282282282182e+01 9.892401958577392573e-01
2.297297297297297192e+01 9.704801152578387269e-01
2.312312312312312201e+01 9.748603987237565160e-01
2.327327327327327211e+01 1.020693144867643731e+00
2.342342342342342221e+01 1.037880719308414967e+00
2.357357357357357230e+01 1.012569541975328002e+00
2.372372372372372240e+01 1.004285149787769615e+00
2.387387387387387250e+01 9.905600764010432657e-01
2.402402402402402259e+01 9.715743173828773616e-01
2.417417417417417624e+01 9.777749027799222947e-01
2.432432432432432634e+01 1.023319407708679352e+00
2.447447447447447644e+01 1.040149077179928216e+00
2.462462462462462653e+01 1.014946078478110136e+00
2.477477477477477663e+01 1.006637394206584935e+00
2.492492492492492673e+01 9.929527867636830374e-01
2.507507507507507682e+01 9.739401890073627888e-01
2.522522522522522692e+01 9.812469853451316615e-01
2.537537537537537702e+01 1.026808566169649328e+00
2.552552552552552712e+01 1.041820595223097445e+00
2.567567567567567721e+01 1.016572403470895170e+00
2.582582582582582731e+01 1.008031464460268811e+00
2.597597597597597741e+01 9.940562641334688143e-01
2.612612612612612750e+01 9.748272445411666487e-01
2.627627627627627760e+01 9.838220020368863006e-01
2.642642642642642770e+01 1.028831397872045361e+00
2.657657657657657779e+01 1.042627069181457644e+00
2.672672672672672789e+01 1.017343649218200419e+00
2.687687687687687799e+01 1.008652802607121979e+00
2.702702702702702808e+01 9.945501572113867317e-01
2.717717717717717818e+01 9.750979319748325214e-01
2.732732732732732828e+01 9.861303539535022367e-01
2.747747747747747837e+01 1.031643421750625178e+00
2.762762762762762847e+01 1.043997060764026097e+00
2.777777777777777857e+01 1.018983566010474018e+00
2.792792792792792866e+01 1.010184812509895558e+00
2.807807807807807876e+01 9.959693700465195310e-01
2.822822822822822886e+01 9.765000875829037419e-01
2.837837837837837895e+01 9.886153460658648751e-01
2.852852852852852905e+01 1.033436668299090755e+00
2.867867867867867915e+01 1.044926822631454533e+00
2.882882882882882924e+01 1.019882181640017649e+00
2.897897897897897934e+01 1.010978961282119837e+00
2.912912912912912944e+01 9.966320985303802615e-01
2.927927927927927954e+01 9.769283922263498621e-01
2.942942942942942963e+01 9.909393400669727070e-01
2.957957957957957973e+01 1.035413475254684412e+00
2.972972972972972983e+01 1.045027582206392136e+00
2.987987987987987992e+01 1.020205963527284654e+00
3.003003003003003002e+01 1.011014153632598500e+00
3.018018018018018012e+01 9.964294884908058147e-01
3.033033033033033021e+01 9.765865414842469505e-01
3.048048048048048031e+01 9.924739888061265836e-01
3.063063063063063041e+01 1.037251238129037079e+00
3.078078078078078050e+01 1.045742517858575305e+00
3.093093093093093060e+01 1.021262890663947820e+00
3.108108108108108070e+01 1.012101307147093454e+00
3.123123123123123079e+01 9.974656907668908445e-01
3.138138138138138089e+01 9.774839885534332140e-01
3.153153153153153099e+01 9.948489818944135088e-01
3.168168168168168108e+01 1.038719322762485131e+00
3.183183183183183118e+01 1.046294230664013725e+00
3.198198198198198128e+01 1.021811084465004571e+00
3.213213213213213493e+01 1.012412577964603599e+00
3.228228228228228147e+01 9.976345996873499100e-01
3.243243243243243512e+01 9.775750492685520987e-01
3.258258258258258167e+01 9.964186411141200406e-01
3.273273273273273531e+01 1.040138166592760038e+00
3.288288288288288186e+01 1.045714984674677606e+00
3.303303303303303551e+01 1.021764372109442265e+00
3.318318318318318205e+01 1.012212161572445757e+00
3.333333333333333570e+01 9.971813929517412411e-01
3.348348348348348225e+01 9.768335518285610197e-01
3.363363363363363590e+01 9.982024260985096209e-01
3.378378378378378244e+01 1.041468469407202058e+00
3.393393393393393609e+01 1.046249136063606811e+00
3.408408408408408263e+01 1.022512528519985864e+00
3.423423423423423628e+01 1.012866514126296691e+00
3.438438438438438283e+01 9.978388696311443207e-01
3.453453453453453648e+01 9.775014891702873410e-01
3.468468468468468302e+01 9.998830787454404678e-01
3.483483483483483667e+01 1.042980303340455661e+00
3.498498498498498321e+01 1.046234349151925036e+00
3.513513513513513686e+01 1.022817453181910530e+00
3.528528528528528341e+01 1.013031796904696469e+00
3.543543543543543706e+01 9.977738828058416720e-01
3.558558558558558360e+01 9.772306809196553701e-01
3.573573573573573725e+01 1.001570299878038250e+00
3.588588588588588379e+01 1.043483881317009088e+00
3.603603603603603744e+01 1.045577278428049262e+00
3.618618618618618399e+01 1.022498247990957232e+00
3.633633633633633764e+01 1.012498162629384302e+00
3.648648648648648418e+01 9.971093410492116726e-01
3.663663663663663783e+01 9.763901707874966807e-01
3.678678678678678438e+01 1.002987752178610803e+00
3.693693693693693803e+01 1.045191508169992956e+00
3.708708708708708457e+01 1.045585091868524108e+00
3.723723723723723822e+01 1.023121479150230106e+00
3.738738738738738476e+01 1.013051624555146191e+00
3.753753753753753841e+01 9.975262817909671398e-01
3.768768768768768496e+01 9.767381633766266669e-01
3.783783783783783861e+01 1.004552522160090389e+00
3.798798798798798515e+01 1.045740635116809925e+00
3.813813813813813880e+01 1.045508121312038075e+00
3.828828828828828534e+01 1.023177719952645504e+00
3.843843843843843899e+01 1.012986521042611443e+00
3.858858858858859264e+01 9.973828484524132065e-01
3.873873873873873919e+01 9.764341241883131017e-01
3.888888888888889284e+01 1.006257825289867736e+00
3.903903903903903938e+01 1.046680006338751578e+00
3.918918918918919303e+01 1.044529056630181474e+00
3.933933933933933957e+01 1.022811313298584324e+00
3.948948948948949322e+01 1.012348936234640506e+00
3.963963963963963977e+01 9.964684690483028850e-01
3.978978978978979342e+01 9.753479569335331556e-01
3.993993993993993996e+01 1.007313012318265644e+00
4.009009009009009361e+01 1.047552315733901951e+00
4.024024024024024015e+01 1.044285405640794417e+00
4.039039039039039380e+01 1.023195516854150000e+00
4.054054054054054035e+01 1.012749309025297695e+00
4.069069069069069400e+01 9.968624791272246988e-01
4.084084084084084054e+01 9.756607505756357268e-01
4.099099099099099419e+01 1.009174359416714850e+00
4.114114114114114074e+01 1.048456766069110202e+00
4.129129129129129439e+01 1.044223975481921585e+00
4.144144144144144093e+01 1.023249029928492204e+00
4.159159159159159458e+01 1.012570471347615575e+00
4.174174174174174112e+01 9.965010352201681965e-01
4.189189189189189477e+01 9.759564532334569220e-01
4.204204204204204132e+01 1.010197059309920542e+00
4.219219219219219497e+01 1.048743376817551143e+00
4.234234234234234151e+01 1.042751949824590740e+00
4.249249249249249516e+01 1.022677036566925990e+00
4.264264264264264170e+01 1.011861760211247407e+00
4.279279279279279535e+01 9.955920584699877729e-01
4.294294294294294190e+01 9.758314003954986493e-01
4.309309309309309555e+01 1.011901087493956908e+00
4.324324324324324209e+01 1.049692050975275626e+00
4.339339339339339574e+01 1.042753507087350817e+00
4.354354354354354228e+01 1.023072828735099193e+00
4.369369369369369593e+01 1.012130849567158153e+00
4.384384384384384248e+01 9.958185387454118187e-01
4.399399399399399613e+01 9.770416642834647281e-01
4.414414414414414267e+01 1.012962456259402622e+00
4.429429429429429632e+01 1.050381491003631318e+00
4.444444444444444287e+01 1.042071722634405839e+00
4.459459459459459651e+01 1.022985887218899492e+00
4.474474474474474306e+01 1.011952524892612004e+00
4.489489489489489671e+01 9.954556901892960274e-01
4.504504504504504325e+01 9.770536308921446977e-01
4.519519519519519690e+01 1.014611671861078035e+00
4.534534534534534345e+01 1.050385572601234552e+00
4.549549549549549710e+01 1.041023447986733741e+00
4.564564564564564364e+01 1.022373960270108295e+00
4.579579579579579729e+01 1.011075655067642298e+00
4.594594594594594383e+01 9.944209367533115573e-01
4.609609609609609748e+01 9.774847910059668576e-01
4.624624624624624403e+01 1.015667415098644000e+00
4.639639639639639768e+01 1.051441606352439884e+00
4.654654654654654422e+01 1.040301071025154567e+00
4.669669669669669787e+01 1.022714281396250424e+00
4.684684684684684441e+01 1.011395623144169864e+00
4.699699699699699806e+01 9.946192426357662875e-01
4.714714714714714461e+01 9.781855608271039504e-01
4.729729729729729826e+01 1.017125856532321571e+00
4.744744744744744480e+01 1.051620579860945259e+00
4.759759759759759845e+01 1.040096563018676923e+00
4.774774774774774500e+01 1.022552032267224131e+00
4.789789789789789864e+01 1.011070325264887604e+00
4.804804804804804519e+01 9.942238603771499372e-01
4.819819819819819884e+01 9.788931545374432996e-01
4.834834834834835249e+01 1.018417213950986167e+00
4.849849849849849903e+01 1.051904091005548159e+00
4.864864864864865268e+01 1.038465600093727792e+00
4.879879879879879923e+01 1.021951139127971864e+00
4.894894894894895288e+01 1.010240930153397221e+00
4.909909909909909942e+01 9.931011740248275599e-01
4.924924924924925307e+01 9.789149245332056104e-01
4.939939939939939961e+01 1.019592802110308671e+00
4.954954954954955326e+01 1.052369719461347053e+00
4.969969969969969981e+01 1.037975142104386128e+00
4.984984984984985346e+01 1.022172742154042302e+00
5.000000000000000000e+01 1.010443226105822490e+00
5.015015015015015365e+01 9.933291994058369712e-01
5.030030030030030019e+01 9.801095517520866940e-01
5.045045045045045384e+01 1.021100157326857882e+00
5.060060060060060039e+01 1.052916812471083263e+00
5.075075075075075404e+01 1.037542533885893237e+00
5.090090090090090058e+01 1.022068643878494276e+00
5.105105105105105423e+01 1.010133597064201805e+00
5.120120120120120077e+01 9.927995893500020097e-01
5.135135135135135442e+01 9.805904593826999527e-01
5.150150150150150097e+01 1.021976809782063400e+00
5.165165165165165462e+01 1.052607866012994942e+00
5.180180180180180116e+01 1.035807387947073055e+00
5.195195195195195481e+01 1.021317953579773175e+00
5.210210210210210136e+01 1.009235679302441735e+00
5.225225225225225500e+01 9.917504686175389050e-01
5.240240240240240155e+01 9.809282053572166982e-01
5.255255255255255520e+01 1.023667627366804389e+00
5.270270270270270174e+01 1.053307282915514342e+00
5.285285285285285539e+01 1.035450256062775187e+00
5.300300300300300194e+01 1.021637415418456651e+00
5.315315315315315559e+01 1.009427292822884237e+00
5.330330330330330213e+01 9.918484430572749311e-01
5.345345345345345578e+01 9.820980615043328754e-01
5.360360360360360232e+01 1.024438885413518241e+00
5.375375375375375597e+01 1.053485037596894935e+00
5.390390390390390252e+01 1.034531506714417626e+00
5.405405405405405617e+01 1.021400545952635630e+00
5.420420420420420271e+01 1.009114188401574408e+00
5.435435435435435636e+01 9.914047823862006670e-01
5.450450450450450290e+01 9.827005501219359118e-01
5.465465465465465655e+01 1.026054492926079975e+00
5.480480480480480310e+01 1.053192197436229050e+00
5.495495495495495675e+01 1.033352055790306201e+00
5.510510510510510329e+01 1.020694959244949906e+00
5.525525525525525694e+01 1.008118198412583544e+00
5.540540540540540349e+01 9.902043329963116092e-01
5.555555555555555713e+01 9.831960268716021245e-01
5.570570570570570368e+01 1.026861306650379557e+00
5.585585585585585733e+01 1.053725097430344704e+00
5.600600600600600387e+01 1.032138549540619454e+00
5.615615615615615752e+01 1.020950525071398163e+00
5.630630630630630407e+01 1.008393407139972053e+00
5.645645645645645772e+01 9.904015529194420964e-01
5.660660660660660426e+01 9.843213187055894764e-01
5.675675675675675791e+01 1.028416616580315912e+00
5.690690690690690445e+01 1.053771888355723441e+00
5.705705705705705810e+01 1.032061330429506096e+00
5.720720720720720465e+01 1.020721407371760980e+00
5.735735735735735830e+01 1.007950781041797583e+00
5.750750750750750484e+01 9.898543593544602004e-01
5.765765765765765849e+01 9.851532374715277207e-01
5.780780780780781214e+01 1.029196473055868921e+00
5.795795795795795868e+01 1.053435539433537294e+00
5.810810810810811233e+01 1.029929962284291900e+00
5.825825825825825888e+01 1.019977159898239005e+00
5.840840840840841253e+01 1.007032902192136259e+00
5.855855855855855907e+01 9.886662566460658885e-01
5.870870870870871272e+01 9.856523025263608240e-01
5.885885885885885926e+01 1.030607849495996486e+00
5.900900900900901291e+01 1.053714112088003363e+00
5.915915915915915946e+01 1.029505531784946859e+00
5.930930930930931311e+01 1.020206161034501902e+00
5.945945945945945965e+01 1.007195736868606417e+00
5.960960960960961330e+01 9.888541491062174948e-01
5.975975975975975985e+01 9.869069146319744412e-01
5.990990990990991349e+01 1.031667078782509739e+00
6.006006006006006004e+01 1.053846068327878971e+00
6.021021021021021369e+01 1.028668376259953998e+00
6.036036036036036023e+01 1.020008817365317455e+00
6.051051051051051388e+01 1.006835420741123199e+00
6.066066066066066043e+01 9.882601902076239009e-01
6.081081081081081408e+01 9.878176433757436259e-01
6.096096096096096062e+01 1.032579835094043830e+00
6.111111111111111427e+01 1.053201033434416400e+00
6.126126126126126081e+01 1.027102255232769101e+00
6.141141141141141446e+01 1.019170275294749795e+00
6.156156156156156101e+01 1.005811653273924078e+00
6.171171171171171466e+01 9.871119511346753139e-01
6.186186186186186120e+01 9.883962078488718328e-01
6.201201201201201485e+01 1.033993416389780817e+00
6.216216216216216139e+01 1.053522300407636614e+00
6.231231231231231504e+01 1.027392757049776728e+00
6.246246246246246159e+01 1.019468054765491960e+00
6.261261261261261524e+01 1.006014286197720375e+00
6.276276276276276178e+01 9.871872220001480791e-01
6.291291291291291543e+01 9.897360793022315084e-01
6.306306306306306197e+01 1.034703375359128597e+00
6.321321321321321562e+01 1.053451853862324095e+00
6.336336336336336217e+01 1.027272049143756139e+00
6.351351351351351582e+01 1.019147972060937546e+00
6.366366366366366236e+01 1.005599719207305620e+00
6.381381381381381601e+01 9.866867493485368401e-01
6.396396396396396256e+01 9.906576777218433216e-01
6.411411411411411621e+01 1.036010049144444833e+00
6.426426426426426985e+01 1.052741880460537516e+00
6.441441441441440929e+01 1.026724278435295012e+00
6.456456456456456294e+01 1.018402972391658334e+00
6.471471471471471659e+01 1.004570307949174346e+00
6.486486486486487024e+01 9.854050241082200623e-01
6.501501501501500968e+01 9.914334307117464995e-01
6.516516516516516333e+01 1.036730004692917095e+00
6.531531531531531698e+01 1.052929213677298526e+00
6.546546546546547063e+01 1.026965266809887423e+00
6.561561561561561007e+01 1.018599322153321829e+00
6.576576576576576372e+01 1.004796314219628561e+00
6.591591591591591737e+01 9.856059672777888192e-01
6.606606606606607102e+01 9.927474400292989332e-01
6.621621621621621046e+01 1.038161973852290032e+00
6.636636636636636410e+01 1.052784178332267340e+00
6.651651651651651775e+01 1.026898705715810101e+00
6.666666666666667140e+01 1.018345853484246000e+00
6.681681681681681084e+01 1.004306024392220387e+00
6.696696696696696449e+01 9.849605605317943713e-01
6.711711711711711814e+01 9.937529692041735530e-01
6.726726726726727179e+01 1.038518410438975303e+00
6.741741741741742544e+01 1.051963983702582262e+00
6.756756756756756488e+01 1.026251024673249468e+00
6.771771771771771853e+01 1.017529728478838269e+00
6.786786786786787218e+01 1.003355889435570969e+00
6.801801801801802583e+01 9.837896513709132318e-01
6.816816816816816527e+01 9.947048661026529626e-01
6.831831831831831892e+01 1.040055383234546493e+00
6.846846846846847257e+01 1.052019649765429055e+00
6.861861861861862621e+01 1.026576046827310407e+00
6.876876876876876565e+01 1.017741489472598904e+00
6.891891891891891930e+01 1.003449878484685032e+00
6.906906906906907295e+01 9.838662658401381433e-01
6.921921921921922660e+01 9.958784264106986805e-01
6.936936936936936604e+01 1.040627853202261921e+00
6.951951951951951969e+01 1.051812412934248098e+00
6.966966966966967334e+01 1.026393829911481204e+00
6.981981981981982699e+01 1.017473379794385568e+00
6.996996996996996643e+01 1.003076119138743394e+00
7.012012012012012008e+01 9.832897822296096102e-01
7.027027027027027373e+01 9.971860711636917340e-01
7.042042042042042738e+01 1.041520594003888300e+00
7.057057057057056682e+01 1.050901660385735292e+00
7.072072072072072046e+01 1.025822054901711633e+00
7.087087087087087411e+01 1.016609263585395162e+00
7.102102102102102776e+01 1.001975161541803772e+00
7.117117117117116720e+01 9.820558851964155123e-01
7.132132132132132085e+01 9.978638179848520195e-01
7.147147147147147450e+01 1.042522254942116255e+00
7.162162162162162815e+01 1.050788723743710573e+00
7.177177177177176759e+01 1.026080417626582308e+00
7.192192192192192124e+01 1.016900324668777555e+00
7.207207207207207489e+01 1.002223491180277870e+00
7.222222222222222854e+01 9.821746400169989455e-01
7.237237237237236798e+01 9.994901757898773109e-01
7.252252252252252163e+01 1.043289360417142264e+00
7.267267267267267528e+01 1.050630095900718652e+00
7.282282282282282893e+01 1.025945569885068354e+00
7.297297297297296836e+01 1.016527104466715903e+00
7.312312312312312201e+01 1.001707377530983045e+00
7.327327327327327566e+01 9.815871205558571733e-01
7.342342342342342931e+01 1.000425626578437477e+00
7.357357357357356875e+01 1.044048538575040430e+00
7.372372372372372240e+01 1.049419479458034710e+00
7.387387387387387605e+01 1.025304389975069341e+00
7.402402402402402970e+01 1.015734575547271756e+00
7.417417417417416914e+01 1.000668489654458426e+00
7.432432432432432279e+01 9.802675521161584582e-01
7.447447447447447644e+01 1.001622696363505982e+00
7.462462462462463009e+01 1.044817428441161100e+00
7.477477477477476953e+01 1.049429980721763300e+00
7.492492492492492318e+01 1.025557207466688325e+00
7.507507507507507682e+01 1.015893250598737030e+00
7.522522522522523047e+01 1.000832568912488618e+00
7.537537537537536991e+01 9.804477367561550416e-01
7.552552552552552356e+01 1.002828352325544348e+00
7.567567567567567721e+01 1.045865692115726109e+00
7.582582582582583086e+01 1.048962218398695967e+00
7.597597597597597030e+01 1.025443965529132750e+00
7.612612612612612395e+01 1.015646100082922443e+00
7.627627627627627760e+01 1.000361533408608006e+00
7.642642642642643125e+01 9.797763020508331033e-01
7.657657657657657069e+01 1.004131911454106296e+00
7.672672672672672434e+01 1.045965973453000020e+00
7.687687687687687799e+01 1.047896469802781727e+00
7.702702702702703164e+01 1.024736121275036327e+00
7.717717717717718529e+01 1.014717926177271856e+00
7.732732732732732472e+01 9.993003903284460865e-01
7.747747747747747837e+01 9.785437269521308767e-01
7.762762762762763202e+01 1.005182594817046748e+00
7.777777777777778567e+01 1.047326000044076499e+00
7.792792792792792511e+01 1.047580810701785659e+00
7.807807807807807876e+01 1.025051894375955674e+00
7.822822822822823241e+01 1.014969539496618278e+00
7.837837837837838606e+01 9.994218405985644260e-01
7.852852852852852550e+01 9.786016000494035527e-01
7.867867867867867915e+01 1.006436607130503980e+00
7.882882882882883280e+01 1.047571168095506433e+00
7.897897897897898645e+01 1.047225397774619315e+00
7.912912912912912589e+01 1.024834824613157336e+00
7.927927927927927954e+01 1.014630751187265645e+00
7.942942942942943318e+01 9.990070357469960083e-01
7.957957957957958683e+01 9.780304580555753136e-01
7.972972972972972627e+01 1.007870833427759516e+00
7.987987987987987992e+01 1.048255828134298850e+00
8.003003003003003357e+01 1.045975389633001518e+00
8.018018018018018722e+01 1.024214974065332129e+00
8.033033033033032666e+01 1.013739959624715414e+00
8.048048048048048031e+01 9.978374586881046948e-01
8.063063063063063396e+01 9.766877553055745009e-01
8.078078078078078761e+01 1.008702466673904174e+00
8.093093093093092705e+01 1.048889328770327145e+00
8.108108108108108070e+01 1.045530431953374029e+00
8.123123123123123435e+01 1.024417980030614128e+00
8.138138138138138800e+01 1.013963665547434889e+00
8.153153153153152743e+01 9.980642405015806018e-01
8.168168168168168108e+01 9.768745147435022869e-01
8.183183183183183473e+01 1.010371792592223983e+00
8.198198198198198838e+01 1.049607399872650726e+00
8.213213213213212782e+01 1.045286064085208189e+00
8.228228228228228147e+01 1.024299618858309557e+00
8.243243243243243512e+01 1.013611397289670535e+00
8.258258258258258877e+01 9.975265838978947253e-01
8.273273273273272821e+01 9.769880554376999537e-01
8.288288288288288186e+01 1.011249918079017096e+00
8.303303303303303551e+01 1.049743343197548029e+00
8.318318318318318916e+01 1.043653553753418839e+00
8.333333333333332860e+01 1.023572354963275144e+00
8.348348348348348225e+01 1.012746441639811534e+00
8.363363363363363590e+01 9.964623579617907234e-01
8.378378378378378954e+01 9.767068347552757546e-01
8.393393393393392898e+01 1.012808244395827284e+00
8.408408408408408263e+01 1.050563108037698035e+00
8.423423423423423628e+01 1.043525371894220566e+00
8.438438438438438993e+01 1.023842344222489764e+00
8.453453453453452937e+01 1.012891675301925254e+00
8.468468468468468302e+01 9.965659465786940174e-01
8.483483483483483667e+01 9.778038387836797130e-01
8.498498498498499032e+01 1.013741919973059513e+00
8.513513513513512976e+01 1.051111423423479074e+00
8.528528528528528341e+01 1.042729381434738034e+00
8.543543543543543706e+01 1.023644478102884836e+00
8.558558558558559071e+01 1.012602792779698557e+00
8.573573573573573015e+01 9.960946928590198590e-01
8.588588588588588379e+01 9.777179254572223588e-01
8.603603603603603744e+01 1.015288221114258649e+00
8.618618618618619109e+01 1.051024990393628178e+00
8.633633633633633053e+01 1.041591352741626064e+00
8.648648648648648418e+01 1.022932152827818131e+00
8.663663663663663783e+01 1.011625516888667642e+00
8.678678678678679148e+01 9.949599390844210411e-01
8.693693693693694513e+01 9.780465432100750034e-01
8.708708708708708457e+01 1.016241795098324907e+00
8.723723723723723822e+01 1.051983240653270313e+00
8.738738738738739187e+01 1.040774426196711566e+00
8.753753753753754552e+01 1.023196805296853862e+00
8.768768768768768496e+01 1.011872626241068662e+00
8.783783783783783861e+01 9.950877144999060731e-01
8.798798798798799226e+01 9.787008521290907481e-01
8.813813813813814591e+01 1.017670633495589394e+00
8.828828828828828534e+01 1.052097851459778743e+00
8.843843843843843899e+01 1.040499984552664570e+00
8.858858858858859264e+01 1.022954369841986511e+00
8.873873873873874629e+01 1.011460221841188778e+00
8.888888888888888573e+01 9.946004446520373410e-01
8.903903903903903938e+01 9.792999023037877171e-01
8.918918918918919303e+01 1.018843414999129005e+00
8.933933933933934668e+01 1.052306656583182454e+00
8.948948948948948612e+01 1.038800628313852892e+00
8.963963963963963977e+01 1.022285807568335203e+00
8.978978978978979342e+01 1.010571079798076699e+00
8.993993993993994707e+01 9.934236489336955023e-01
9.009009009009008651e+01 9.792623938789535298e-01
9.024024024024024015e+01 1.019957635147061614e+00
9.039039039039039380e+01 1.052707138796809438e+00
9.054054054054054745e+01 1.038273029706146433e+00
9.069069069069068689e+01 1.022482340367234954e+00
9.084084084084084054e+01 1.010747985050590936e+00
9.099099099099099419e+01 9.936285359142832396e-01
9.114114114114114784e+01 9.804446846008066929e-01
9.129129129129128728e+01 1.021435440999943989e+00
9.144144144144144093e+01 1.053205878130183626e+00
9.159159159159159458e+01 1.037772159536865857e+00
9.174174174174174823e+01 1.022332821132444058e+00
9.189189189189188767e+01 1.010390557699013536e+00
9.204204204204204132e+01 9.930466552963052029e-01
9.219219219219219497e+01 9.808823917921281055e-01
9.234234234234234862e+01 1.022296121817740655e+00
9.249249249249248805e+01 1.052859251139969476e+00
9.264264264264264170e+01 1.035996846049869857e+00
9.279279279279279535e+01 1.021522608335298399e+00
9.294294294294294900e+01 1.009430020982716947e+00
9.309309309309308844e+01 9.919354645689709704e-01
9.324324324324324209e+01 9.811554327792201269e-01
9.339339339339339574e+01 1.023915787897935470e+00
9.354354354354354939e+01 1.053528998571069186e+00
9.369369369369368883e+01 1.035609270100471324e+00
9.384384384384384248e+01 1.021817632382959307e+00
9.399399399399399613e+01 1.009603395201580600e+00
9.414414414414414978e+01 9.920182691321427493e-01
9.429429429429428922e+01 9.822945325156008378e-01
9.444444444444444287e+01 1.024650906232957182e+00
9.459459459459459651e+01 1.053661571502225502e+00
9.474474474474475016e+01 1.034670561274218192e+00
9.489489489489488960e+01 1.021562758764416934e+00
9.504504504504504325e+01 1.009271525719538154e+00
9.519519519519519690e+01 9.915572620753894117e-01
9.534534534534535055e+01 9.828914705566673682e-01
9.549549549549548999e+01 1.026255315987207206e+00
9.564564564564564364e+01 1.053346071728755495e+00
9.579579579579579729e+01 1.033457701851942856e+00
9.594594594594595094e+01 1.020828132972592117e+00
9.609609609609609038e+01 1.008244057849354336e+00
9.624624624624624403e+01 9.903216263821182919e-01
9.639639639639639768e+01 9.833614457615553750e-01
9.654654654654655133e+01 1.027036090471504792e+00
9.669669669669670498e+01 1.053855294592672909e+00
9.684684684684684441e+01 1.032220807880367186e+00
9.699699699699699806e+01 1.021052166885197066e+00
9.714714714714715171e+01 1.008489364247764364e+00
9.729729729729730536e+01 9.904917960342365379e-01
9.744744744744744480e+01 9.844523929507554838e-01
9.759759759759759845e+01 1.028567172625411752e+00
9.774774774774775210e+01 1.053885375177979977e+00
9.789789789789790575e+01 1.032132422817662709e+00
9.804804804804804519e+01 1.020820164250662687e+00
9.819819819819819884e+01 1.008044788221918564e+00
9.834834834834835249e+01 9.899431963228988440e-01
9.849849849849850614e+01 9.852933427167644975e-01
9.864864864864864558e+01 1.029335680132220432e+00
9.879879879879879923e+01 1.053527061280344679e+00
9.894894894894895288e+01 1.029977151015449621e+00
9.909909909909910652e+01 1.020070806728931689e+00
9.924924924924924596e+01 1.007121376362377418e+00
9.939939939939939961e+01 9.887489641299429532e-01
9.954954954954955326e+01 9.857883521731389820e-01
9.969969969969970691e+01 1.030755135721701743e+00
9.984984984984984635e+01 1.053794184591046790e+00
1.000000000000000000e+02 1.029540522448767481e+00
1.001501501501501536e+02 1.020248332957129467e+00
1.003003003003003073e+02 1.007226912457085621e+00
1.004504504504504467e+02 9.888750576486476929e-01
1.006006006006006004e+02 9.869789472610280834e-01
1.007507507507507540e+02 1.031756417266764592e+00
1.009009009009009077e+02 1.053916899636688553e+00
1.010510510510510471e+02 1.028688135185568120e+00
1.012012012012012008e+02 1.020063643817921140e+00
1.013513513513513544e+02 1.006890341269146338e+00
1.015015015015015081e+02 9.883136193231447653e-01
1.016516516516516475e+02 9.879150845157247396e-01
1.018018018018018012e+02 1.032673778073831317e+00
1.019519519519519548e+02 1.053247212758552820e+00
1.021021021021021085e+02 1.027156902140381023e+00
1.022522522522522479e+02 1.019218346084882043e+00
1.024024024024024015e+02 1.005852589973752265e+00
1.025525525525525552e+02 9.871469647901195410e-01
1.027027027027027088e+02 9.884895940678155579e-01
1.028528528528528483e+02 1.034085740852450197e+00
1.030030030030030019e+02 1.053565495927308859e+00
1.031531531531531556e+02 1.027434410356608652e+00
1.033033033033033092e+02 1.019504299908215561e+00
1.034534534534534487e+02 1.006044959020972129e+00
1.036036036036036023e+02 9.872110259089021955e-01
1.037537537537537560e+02 9.898138594540635271e-01
1.039039039039039096e+02 1.034788702833578267e+00
1.040540540540540491e+02 1.053491258100056172e+00
1.042042042042042027e+02 1.027312085393114582e+00
1.043543543543543564e+02 1.019182658742121772e+00
1.045045045045045100e+02 1.005629412994205607e+00
1.046546546546546494e+02 9.867128664686884987e-01
1.048048048048048031e+02 9.907311400810169255e-01
1.049549549549549567e+02 1.036079990414592755e+00
1.051051051051051104e+02 1.052772190234383842e+00
1.052552552552552498e+02 1.026764185121629369e+00
1.054054054054054035e+02 1.018439192032825513e+00
1.055555555555555571e+02 1.004601975376812728e+00
1.057057057057057108e+02 9.854306403411684512e-01
1.058558558558558644e+02 9.915220869022594030e-01
1.060060060060060039e+02 1.036810787510620946e+00
1.061561561561561575e+02 1.052950151436798487e+00
1.063063063063063112e+02 1.026981402725045456e+00
1.064564564564564648e+02 1.018606532311700175e+00
1.066066066066066043e+02 1.004795380813118921e+00
1.067567567567567579e+02 9.855979511737396059e-01
1.069069069069069116e+02 9.928004150670489691e-01
1.070570570570570652e+02 1.038224478313250598e+00
1.072072072072072046e+02 1.052802550395228076e+00
1.073573573573573583e+02 1.026928800110588291e+00
1.075075075075075119e+02 1.018374260879176374e+00
1.076576576576576656e+02 1.004331535078761384e+00
1.078078078078078050e+02 9.849823724420636584e-01
1.079579579579579587e+02 9.938293493084224828e-01
1.081081081081081123e+02 1.038575915794377469e+00
1.082582582582582660e+02 1.051977560465605199e+00
1.084084084084084054e+02 1.026266932878368454e+00
1.085585585585585591e+02 1.017537543217686746e+00
1.087087087087087127e+02 1.003357207711291554e+00
1.088588588588588664e+02 9.837852347906972383e-01
1.090090090090090058e+02 9.947561142736653927e-01
1.091591591591591595e+02 1.040116361420885038e+00
1.093093093093093131e+02 1.052032901163567180e+00
1.094594594594594668e+02 1.026596404953654007e+00
1.096096096096096062e+02 1.017759356289664741e+00
1.097597597597597598e+02 1.003463368453894278e+00
1.099099099099099135e+02 9.838752618453732168e-01
1.100600600600600671e+02 9.959408605513039303e-01
1.102102102102102066e+02 1.040672502822300727e+00
1.103603603603603602e+02 1.051819720244830503e+00
1.105105105105105139e+02 1.026413217674397860e+00
1.106606606606606675e+02 1.017487263324567959e+00
1.108108108108108070e+02 1.003085857655754420e+00
1.109609609609609606e+02 9.832951493017297873e-01
1.111111111111111143e+02 9.972525787722791302e-01
1.112612612612612679e+02 1.041579786233911342e+00
1.114114114114114074e+02 1.050904304318640570e+00
1.115615615615615610e+02 1.025839919368956688e+00
1.117117117117117147e+02 1.016622085378015905e+00
1.118618618618618683e+02 1.001981753051826463e+00
1.120120120120120077e+02 9.820563519818166220e-01
1.121621621621621614e+02 9.979506629421521779e-01
1.123123123123123150e+02 1.042577835162244559e+00
1.124624624624624687e+02 1.050777769105863735e+00
1.126126126126126081e+02 1.026069562303442151e+00
1.127627627627627618e+02 1.016879389199683459e+00
1.129129129129129154e+02 1.002193456102490110e+00
1.130630630630630691e+02 9.821346378799181709e-01
1.132132132132132085e+02 9.995343545567451082e-01
1.133633633633633622e+02 1.043343306683691241e+00
1.135135135135135158e+02 1.050627109449212782e+00
1.136636636636636695e+02 1.025946988064446064e+00
1.138138138138138089e+02 1.016525240500836702e+00
1.139639639639639626e+02 1.001701593889387842e+00
1.141141141141141162e+02 9.815787926231366312e-01
1.142642642642642699e+02 1.000470259087732128e+00
1.144144144144144093e+02 1.044072680822253352e+00
1.145645645645645629e+02 1.049410541316669221e+00
1.147147147147147166e+02 1.025306749782118887e+00
1.148648648648648702e+02 1.015732548415765768e+00
1.150150150150150097e+02 1.000662251624031107e+00
1.151651651651651633e+02 9.802560056190533500e-01
1.153153153153153170e+02 1.001674844521215357e+00
1.154654654654654706e+02 1.044856176588765395e+00
1.156156156156156243e+02 1.049420936424477757e+00
1.157657657657657637e+02 1.025552498487573683e+00
1.159159159159159174e+02 1.015882372347478135e+00
1.160660660660660710e+02 1.000815774072350228e+00
1.162162162162162247e+02 9.804264339194493916e-01
1.163663663663663641e+02 1.002864223606046545e+00
1.165165165165165178e+02 1.045891121079811192e+00
1.166666666666666714e+02 1.048947981400070173e+00
1.168168168168168251e+02 1.025439054585585819e+00
1.169669669669669645e+02 1.015638248511338881e+00
1.171171171171171181e+02 1.000350125898340714e+00
1.172672672672672718e+02 9.797600072242949043e-01
1.174174174174174254e+02 1.004175304490046328e+00
1.175675675675675649e+02 1.045990385241030385e+00
1.177177177177177185e+02 1.047883408142625372e+00
1.178678678678678722e+02 1.024751872995118829e+00
1.180180180180180258e+02 1.014729608850350129e+00
1.181681681681681653e+02 9.993090020940981200e-01
1.183183183183183189e+02 9.785506307506172119e-01
1.184684684684684726e+02 1.005250367985097038e+00
1.186186186186186262e+02 1.047360205917830855e+00
1.187687687687687657e+02 1.047553100252162084e+00
1.189189189189189193e+02 1.025047488789500694e+00
1.190690690690690730e+02 1.014957283026759027e+00
1.192192192192192266e+02 9.994006557495133114e-01
1.193693693693693660e+02 9.785706632103580160e-01
1.195195195195195197e+02 1.006488513466028412e+00
1.196696696696696733e+02 1.047605641055267434e+00
1.198198198198198270e+02 1.047210662913994783e+00
1.199699699699699664e+02 1.024823716885734148e+00
1.201201201201201201e+02 1.014614506419361906e+00
1.202702702702702737e+02 9.989869805313980056e-01
1.204204204204204274e+02 9.780072649998081680e-01
1.205705705705705668e+02 1.007897039963754127e+00
1.207207207207207205e+02 1.048275638324261516e+00
1.208708708708708741e+02 1.045957239077680345e+00
1.210210210210210278e+02 1.024223781352846974e+00
1.211711711711711672e+02 1.013747295679912286e+00
1.213213213213213209e+02 9.978417118640391381e-01
1.214714714714714745e+02 9.766887544505505891e-01
1.216216216216216282e+02 1.008764892514238731e+00
1.217717717717717676e+02 1.048908436656752041e+00
1.219219219219219212e+02 1.045508299185227363e+00
1.220720720720720749e+02 1.024423598944324665e+00
1.222222222222222285e+02 1.013961956738574699e+00
1.223723723723723680e+02 9.980567979947336799e-01
1.225225225225225216e+02 9.768972401580598985e-01
1.226726726726726753e+02 1.010436695482561431e+00
1.228228228228228289e+02 1.049646460524544578e+00
1.229729729729729684e+02 1.045258434742084130e+00
1.231231231231231220e+02 1.024286137285112641e+00
1.232732732732732757e+02 1.013590844103820832e+00
1.234234234234234293e+02 9.974977753953717663e-01
1.235735735735735688e+02 9.769775538957804484e-01
1.237237237237237224e+02 1.011284285040264574e+00
1.238738738738738761e+02 1.049761337251051918e+00
1.240240240240240297e+02 1.043637341755307535e+00
1.241741741741741691e+02 1.023567258486609344e+00
1.243243243243243228e+02 1.012739209881075464e+00
1.244744744744744764e+02 9.964540669797102845e-01
1.246246246246246301e+02 9.767307674497432979e-01
1.247747747747747695e+02 1.012851011253897315e+00
1.249249249249249232e+02 1.050581212692478950e+00
1.250750750750750768e+02 1.043503533402270644e+00
1.252252252252252305e+02 1.023835867037854896e+00
1.253753753753753841e+02 1.012879387941650222e+00
1.255255255255255236e+02 9.965473279753813696e-01
1.256756756756756772e+02 9.778196860035462956e-01
1.258258258258258309e+02 1.013794995840567648e+00
1.259759759759759845e+02 1.051127228610803988e+00
1.261261261261261239e+02 1.042695468225478761e+00
1.262762762762762776e+02 1.023629687371401031e+00
1.264264264264264312e+02 1.012581851522749155e+00
1.265765765765765849e+02 9.960679834409998934e-01
1.267267267267267243e+02 9.777216870464112697e-01
1.268768768768768780e+02 1.015329824363145672e+00
1.270270270270270316e+02 1.051044293343187608e+00
1.271771771771771853e+02 1.041566561948122249e+00
1.273273273273273247e+02 1.022921371018332248e+00
1.274774774774774784e+02 1.011610298351220960e+00
1.276276276276276320e+02 9.949406613564719670e-01
1.277777777777777857e+02 9.780622118596630221e-01
1.279279279279279251e+02 1.016275700224415823e+00
1.280780780780780788e+02 1.051990633978531653e+00
1.282282282282282324e+02 1.040743024159730856e+00
1.283783783783783861e+02 1.023205045662453294e+00
1.285285285285285397e+02 1.011878266913185609e+00
1.286786786786786934e+02 9.950899854944291745e-01
1.288288288288288186e+02 9.787243873276553208e-01
1.289789789789789722e+02 1.017722608484096458e+00
1.291291291291291259e+02 1.052113264427280148e+00
1.292792792792792795e+02 1.040479613329137853e+00
1.294294294294294332e+02 1.022953155975994344e+00
1.295795795795795868e+02 1.011452801579320049e+00
1.297297297297297405e+02 9.945877811581101957e-01
1.298798798798798941e+02 9.793236914962186734e-01
1.300300300300300194e+02 1.018885923640598490e+00
1.301801801801801730e+02 1.052321207545588333e+00
1.303303303303303267e+02 1.038767216140374261e+00
1.304804804804804803e+02 1.022288146423637967e+00
1.306306306306306340e+02 1.010569766110225531e+00
1.307807807807807876e+02 9.934177909179892074e-01
1.309309309309309413e+02 9.792930677132291040e-01
1.310810810810810949e+02 1.020019177829270207e+00
1.312312312312312201e+02 1.052720610517601463e+00
1.313813813813813738e+02 1.038245747959590126e+00
1.315315315315315274e+02 1.022473671520085725e+00
1.316816816816816811e+02 1.010731731510377873e+00
1.318318318318318347e+02 9.936061101222626313e-01
1.319819819819819884e+02 9.804620418463456666e-01
1.321321321321321420e+02 1.021474864267177818e+00
1.322822822822822957e+02 1.053220850258228980e+00
1.324324324324324209e+02 1.037736326583328816e+00
1.325825825825825746e+02 1.022324124999602457e+00
1.327327327327327282e+02 1.010378457648918982e+00
1.328828828828828819e+02 9.930298690735165357e-01
1.330330330330330355e+02 9.808968032150624516e-01
1.331831831831831892e+02 1.022333554099616348e+00
1.333333333333333428e+02 1.052864471459678875e+00
1.334834834834834965e+02 1.035978318067934945e+00
1.336336336336336217e+02 1.021522300387295301e+00
1.337837837837837753e+02 1.009425888982630415e+00
1.339339339339339290e+02 9.919288342540019121e-01
1.340840840840840826e+02 9.811916179817200545e-01
1.342342342342342363e+02 1.023959886743308401e+00
1.343843843843843899e+02 1.053539143828888802e+00
1.345345345345345436e+02 1.035576236586178034e+00
1.346846846846846972e+02 1.021816511499042512e+00
1.348348348348348509e+02 1.009596991835787216e+00
1.349849849849849761e+02 9.920055335017917697e-01
1.351351351351351298e+02 9.823288683124746790e-01
1.352852852852852834e+02 1.024707382825584601e+00
1.354354354354354371e+02 1.053669428104642369e+00
1.355855855855855907e+02 1.034636634893130402e+00
1.357357357357357444e+02 1.021551829499729003e+00
1.358858858858858980e+02 1.009254115410439079e+00
1.360360360360360517e+02 9.915344110930923716e-01
1.361861861861861769e+02 9.829133784577496202e-01
1.363363363363363305e+02 1.026298836733987141e+00
1.364864864864864842e+02 1.053356955973171027e+00
1.366366366366366378e+02 1.033424859552759756e+00
1.367867867867867915e+02 1.020823458137205098e+00
1.369369369369369451e+02 1.008235263858186848e+00
1.370870870870870988e+02 9.903080927408483003e-01
1.372372372372372524e+02 9.833887794269563498e-01
1.373873873873873777e+02 1.027070867878700833e+00
1.375375375375375313e+02 1.053857243603916194e+00
1.376876876876876850e+02 1.032192613792883629e+00
1.378378378378378386e+02 1.021051824488591331e+00
1.379879879879879923e+02 1.008485567135547267e+00
1.381381381381381459e+02 9.904849698659269341e-01
1.382882882882882996e+02 9.844962911413747131e-01
1.384384384384384532e+02 1.028623523998205336e+00
1.385885885885885784e+02 1.053891291890732163e+00
1.387387387387387321e+02 1.032099800423765590e+00
1.388888888888888857e+02 1.020806295565949151e+00
1.390390390390390394e+02 1.008022984633652808e+00
1.391891891891891930e+02 9.899135996040201446e-01
1.393393393393393467e+02 9.853060521667172944e-01
1.394894894894895003e+02 1.029363507653603627e+00
1.396396396396396540e+02 1.053531961181689791e+00
1.397897897897897792e+02 1.029942947570556377e+00
1.399399399399399329e+02 1.020058261853732162e+00
1.400900900900900865e+02 1.007107250055904846e+00
1.402402402402402402e+02 9.887328119960240302e-01
1.403903903903903938e+02 9.858150426413522238e-01
1.405405405405405475e+02 1.030790747127717122e+00
1.406906906906907011e+02 1.053792378223681991e+00
1.408408408408408548e+02 1.029521050833512641e+00
1.409909909909909800e+02 1.020257025460136857e+00
1.411411411411411336e+02 1.007231298964043953e+00
1.412912912912912873e+02 9.888759011666850007e-01
1.414414414414414409e+02 9.870350758880701569e-01
1.415915915915915946e+02 1.031803638452027938e+00
1.417417417417417482e+02 1.053915175651034764e+00
1.418918918918919019e+02 1.028643064656200368e+00
1.420420420420420555e+02 1.020050723593138198e+00
1.421921921921921808e+02 1.006870558461189225e+00
1.423423423423423344e+02 9.882858788033107578e-01
1.424924924924924881e+02 9.879423620333885880e-01
1.426426426426426417e+02 1.032724476012913506e+00
1.427927927927927954e+02 1.053250388011915728e+00
1.429429429429429490e+02 1.027151398452486042e+00
1.430930930930931027e+02 1.019208430319940240e+00
1.432432432432432563e+02 1.005837950776067524e+00
1.433933933933933815e+02 9.871288094081052122e-01
1.435435435435435352e+02 9.885220390388932410e-01
1.436936936936936888e+02 1.034113940256946806e+00
1.438438438438438425e+02 1.053561769867308984e+00
1.439939939939939961e+02 1.027431433403914740e+00
1.441441441441441498e+02 1.019497516018216476e+00
1.442942942942943034e+02 1.006034466713253028e+00
1.444444444444444571e+02 9.871955670531140647e-01
1.445945945945946107e+02 9.898547380747448887e-01
1.447447447447447360e+02 1.034833156167262791e+00
1.448948948948948896e+02 1.053484528647214313e+00
1.450450450450450433e+02 1.027310504901063570e+00
1.451951951951951969e+02 1.019174496944371677e+00
1.453453453453453506e+02 1.005615077919597811e+00
1.454954954954955042e+02 9.866939017153621982e-01
1.456456456456456579e+02 9.907682714372910704e-01
1.457957957957958115e+02 1.036117102768592257e+00
1.459459459459459367e+02 1.052765945665870673e+00
1.460960960960960904e+02 1.026756635346161906e+00
1.462462462462462440e+02 1.018427374956596188e+00
1.463963963963963977e+02 1.004585196766132782e+00
1.465465465465465513e+02 9.854075631548667724e-01
1.466966966966967050e+02 9.915575625939260229e-01
1.468468468468468586e+02 1.036846764331250004e+00
1.469969969969970123e+02 1.052942447526890701e+00
1.471471471471471375e+02 1.026966774853894204e+00
1.472972972972972912e+02 1.018585535286400612e+00
1.474474474474474448e+02 1.004769335119424678e+00
1.475975975975975985e+02 9.855681620393078601e-01
1.477477477477477521e+02 9.928206827411211188e-01
1.478978978978979058e+02 1.038249023991546949e+00
1.480480480480480594e+02 1.052791305064160632e+00
1.481981981981982130e+02 1.026922838746440192e+00
1.483483483483483383e+02 1.018366014941745279e+00
1.484984984984984919e+02 1.004319841559720983e+00
1.486486486486486456e+02 9.849664898164657290e-01
1.487987987987987992e+02 9.938709368514406783e-01
1.489489489489489529e+02 1.038602667979789285e+00
1.490990990990991065e+02 1.051961582864432643e+00
1.492492492492492602e+02 1.026258396669699646e+00
1.493993993993994138e+02 1.017522046170124206e+00
1.495495495495495391e+02 1.003336109787994035e+00
1.496996996996996927e+02 9.837594771387718762e-01
1.498498498498498464e+02 9.947914134431086186e-01
1.500000000000000000e+02 1.040152901080219072e+00
