0.000000000000000000e+00 4.284626739459485730e-09
1.501501501501501523e-01 2.815834523428313307e-01
3.003003003003003046e-01 4.322067138518766449e-01
4.504504504504504570e-01 5.226638450011369397e-01
6.006006006006006093e-01 4.716160277541667223e-01
7.507507507507507061e-01 4.215789584174102766e-01
9.009009009009009139e-01 5.475877695848876403e-01
1.051051051051051122e+00 6.700224235297177477e-01
1.201201201201201219e+00 7.146099943028277890e-01
1.351351351351351315e+00 7.381862623717188043e-01
1.501501501501501412e+00 7.653009810600300833e-01
1.651651651651651731e+00 7.622576002681838991e-01
1.801801801801801828e+00 6.866965814940630963e-01
1.951951951951951925e+00 6.093677211990405906e-01
2.102102102102102243e+00 6.265990056833260491e-01
2.252252252252252340e+00 6.409638613573634958e-01
2.402402402402402437e+00 6.487164494986504826e-01
2.552552552552552534e+00 7.007426435071234527e-01
2.702702702702702631e+00 7.944577925587631428e-01
2.852852852852852727e+00 7.999438326477561478e-01
3.003003003003002824e+00 7.596949835820877572e-01
3.153153153153153365e+00 7.315399732704301883e-01
3.303303303303303462e+00 8.604432981872579544e-01
3.453453453453453559e+00 9.441315123934441722e-01
3.603603603603603656e+00 9.642920144676441208e-01
3.753753753753753752e+00 9.658957452620701156e-01
3.903903903903903849e+00 9.644829058281665368e-01
4.054054054054054390e+00 9.755020509785483629e-01
4.204204204204204487e+00 9.321892248743964826e-01
4.354354354354354584e+00 8.801234960493559134e-01
4.504504504504504681e+00 8.960877434883359749e-01
4.654654654654654777e+00 9.017332250889831258e-01
4.804804804804804874e+00 8.958341174485719982e-01
4.954954954954954971e+00 9.067298196289734769e-01
5.105105105105105068e+00 9.381096153069955479e-01
5.255255255255255165e+00 9.111853807100722680e-01
5.405405405405405261e+00 8.772757127449459791e-01
5.555555555555555358e+00 8.952488073264612822e-01
5.705705705705705455e+00 9.867221221139771403e-01
5.855855855855855552e+00 1.040692119190083309e+00
6.006006006006005649e+00 1.040344374199247746e+00
6.156156156156156634e+00 1.027013787294600577e+00
6.306306306306306730e+00 1.021709787015669502e+00
6.456456456456456827e+00 1.053044140644838533e+00
6.606606606606606924e+00 1.027982001698268144e+00
6.756756756756757021e+00 1.009087223519070875e+00
6.906906906906907118e+00 1.014898319917746150e+00
7.057057057057057214e+00 1.010980009746133890e+00
7.207207207207207311e+00 1.005620225480745811e+00
7.357357357357357408e+00 9.973853344500063223e-01
7.507507507507507505e+00 9.895802751232058991e-01
7.657657657657657602e+00 9.698779062473491530e-01
7.807807807807807698e+00 9.409235405391372931e-01
7.957957957957957795e+00 9.840875310687960953e-01
8.108108108108108780e+00 1.043104599356388995e+00
8.258258258258258877e+00 1.068722147545655199e+00
8.408408408408408974e+00 1.054552102749214182e+00
8.558558558558559071e+00 1.032942680406018443e+00
8.708708708708709167e+00 1.049800270606063402e+00
8.858858858858859264e+00 1.080978170436155850e+00
9.009009009009009361e+00 1.062916635923343733e+00
9.159159159159159458e+00 1.060502085253045124e+00
9.309309309309309555e+00 1.056305099189885466e+00
9.459459459459459651e+00 1.051184935716601654e+00
9.609609609609609748e+00 1.052646887513930984e+00
9.759759759759759845e+00 1.035446995863677833e+00
9.909909909909909942e+00 1.021536397711166222e+00
1.006006006006006004e+01 1.004987196432024499e+00
1.021021021021021014e+01 9.787408285934874330e-01
1.036036036036036023e+01 1.032775360085679273e+00
1.051051051051051033e+01 1.065151356088949175e+00
1.066066066066066043e+01 1.067616993940831538e+00
1.081081081081081052e+01 1.050089280592818142e+00
1.096096096096096062e+01 1.024597581412503899e+00
1.111111111111111072e+01 1.064527014070574706e+00
1.126126126126126081e+01 1.088782305275604267e+00
1.141141141141141091e+01 1.076531483053343674e+00
1.156156156156156101e+01 1.073286589692036719e+00
1.171171171171171110e+01 1.060974977065543001e+00
1.186186186186186120e+01 1.068015312481440438e+00
1.201201201201201130e+01 1.072063713996455059e+00
1.216216216216216317e+01 1.050221004846380257e+00
1.231231231231231327e+01 1.041900790289183476e+00
1.246246246246246336e+01 1.025570903152371427e+00
1.261261261261261346e+01 1.023767012641040308e+00
1.276276276276276356e+01 1.059547802886202206e+00
1.291291291291291365e+01 1.071404180466967837e+00
1.306306306306306375e+01 1.062221413610049181e+00
1.321321321321321385e+01 1.042971217850202192e+00
1.336336336336336394e+01 1.023289570699879247e+00
1.351351351351351404e+01 1.074361862725509598e+00
1.366366366366366414e+01 1.088188440472483753e+00
1.381381381381381424e+01 1.079230082686312375e+00
1.396396396396396433e+01 1.069360139319429415e+00
1.411411411411411443e+01 1.050611474037050685e+00
1.426426426426426453e+01 1.076533902444407387e+00
1.441441441441441462e+01 1.078712538056848969e+00
1.456456456456456472e+01 1.060593629461516141e+00
1.471471471471471482e+01 1.052531709215674072e+00
1.486486486486486491e+01 1.034451438520030520e+00
1.501501501501501501e+01 1.050465066698436312e+00
1.516516516516516511e+01 1.071816445570700882e+00
1.531531531531531520e+01 1.068538024215375470e+00
1.546546546546546530e+01 1.057415514750372987e+00
1.561561561561561540e+01 1.036861862899691733e+00
1.576576576576576549e+01 1.042511326510448644e+00
1.591591591591591559e+01 1.079639795455409779e+00
1.606606606606606746e+01 1.083198461582077110e+00
1.621621621621621756e+01 1.074417685869027306e+00
1.636636636636636766e+01 1.059655388028083456e+00
1.651651651651651775e+01 1.048394100503436954e+00
1.666666666666666785e+01 1.081394752908391377e+00
1.681681681681681795e+01 1.079688647434360327e+00
1.696696696696696804e+01 1.066737366079524962e+00
1.711711711711711814e+01 1.055578473859624333e+00
1.726726726726726824e+01 1.034887066870052719e+00
1.741741741741741833e+01 1.066833187036542396e+00
1.756756756756756843e+01 1.076834850198352456e+00
1.771771771771771853e+01 1.066541414001940247e+00
1.786786786786786863e+01 1.053947624430749297e+00
1.801801801801801872e+01 1.031869769156804395e+00
1.816816816816816882e+01 1.058520097898061563e+00
1.831831831831831892e+01 1.082705946252170204e+00
1.846846846846846901e+01 1.076762268923722177e+00
1.861861861861861911e+01 1.067581799925147346e+00
1.876876876876876921e+01 1.048976391710747080e+00
1.891891891891891930e+01 1.058900125407982840e+00
1.906906906906906940e+01 1.084243891587630015e+00
1.921921921921921950e+01 1.076168071466365950e+00
1.936936936936936959e+01 1.067657855102287723e+00
1.951951951951951969e+01 1.052880425102038942e+00
1.966966966966966979e+01 1.046509842263265933e+00
1.981981981981981988e+01 1.075962791201888979e+00
1.996996996996996998e+01 1.075941103490295259e+00
2.012012012012012008e+01 1.065158325968674324e+00
2.027027027027027017e+01 1.050452656666671647e+00
2.042042042042042027e+01 1.026681597778841493e+00
2.057057057057057037e+01 1.069512183013343387e+00
2.072072072072072046e+01 1.081831066187955326e+00
2.087087087087087056e+01 1.072718699933425723e+00
2.102102102102102066e+01 1.060359608286495448e+00
2.117117117117117076e+01 1.038826966674001095e+00
2.132132132132132085e+01 1.067827702351382912e+00
2.147147147147147095e+01 1.084591482016526109e+00
2.162162162162162105e+01 1.073421146533473758e+00
2.177177177177177114e+01 1.064871365667115377e+00
2.192192192192192124e+01 1.046767679953376495e+00
2.207207207207207134e+01 1.059613091267052498e+00
2.222222222222222143e+01 1.081006941617063344e+00
2.237237237237237153e+01 1.072419348242911408e+00
2.252252252252252163e+01 1.063460025054202340e+00
2.267267267267267172e+01 1.046396694253124870e+00
2.282282282282282182e+01 1.045250244996914102e+00
2.297297297297297192e+01 1.077574563381924033e+00
2.312312312312312201e+01 1.078989953635891563e+00
2.327327327327327211e+01 1.068796944853739106e+00
2.342342342342342221e+01 1.053495210637417356e+00
2.357357357357357230e+01 1.036000595945420599e+00
2.372372372372372240e+01 1.075784290304452329e+00
2.387387387387387250e+01 1.082760300508282869e+00
2.402402402402402259e+01 1.071932143802381665e+00
2.417417417417417624e+01 1.059844197134476973e+00
2.432432432432432634e+01 1.038508436291614379e+00
2.447447447447447644e+01 1.069884223291773573e+00
2.462462462462462653e+01 1.082005716604178103e+00
2.477477477477477663e+01 1.070683216707606578e+00
2.492492492492492673e+01 1.060527564036286119e+00
2.507507507507507682e+01 1.040849779969787114e+00
2.522522522522522692e+01 1.059443399526521556e+00
2.537537537537537702e+01 1.080939943420587079e+00
2.552552552552552712e+01 1.072861957374003250e+00
2.567567567567567721e+01 1.064486084386808251e+00
2.582582582582582731e+01 1.046480134009336815e+00
2.597597597597597741e+01 1.050605834575310427e+00
2.612612612612612750e+01 1.080271291195384675e+00
2.627627627627627760e+01 1.078417170199505337e+00
2.642642642642642770e+01 1.068736582564314697e+00
2.657657657657657779e+01 1.053471127580829725e+00
2.672672672672672789e+01 1.041587949454036099e+00
2.687687687687687799e+01 1.076972748902509380e+00
2.702702702702702808e+01 1.080514444102385729e+00
2.717717717717717818e+01 1.069382967903963921e+00
2.732732732732732828e+01 1.056379392759818181e+00
2.747747747747747837e+01 1.034124905065106237e+00
2.762762762762762847e+01 1.070389750491256953e+00
2.777777777777777857e+01 1.081966020536987205e+00
2.792792792792792866e+01 1.071163215549916004e+00
2.807807807807807876e+01 1.059979458189429291e+00
2.822822822822822886e+01 1.039309704716050442e+00
2.837837837837837895e+01 1.063430679088108066e+00
2.852852852852852905e+01 1.082894985436738455e+00
2.867867867867867915e+01 1.073362625114703262e+00
2.882882882882882924e+01 1.064634484381057788e+00
2.897897897897897934e+01 1.046268115297654511e+00
2.912912912912912944e+01 1.055626471082967699e+00
2.927927927927927954e+01 1.081455066156444600e+00
2.942942942942942963e+01 1.076008416774707710e+00
2.957957957957957973e+01 1.066862894700625120e+00
2.972972972972972983e+01 1.050779853506540684e+00
2.987987987987987992e+01 1.044459547067263960e+00
3.003003003003003002e+01 1.077390243073502951e+00
3.018018018018018012e+01 1.079209900626144636e+00
3.033033033033033021e+01 1.068769988469298049e+00
3.048048048048048031e+01 1.054633641073998929e+00
3.063063063063063041e+01 1.031518737552688414e+00
3.078078078078078050e+01 1.072325600746643959e+00
3.093093093093093060e+01 1.081853536001748717e+00
3.108108108108108070e+01 1.071313841486046359e+00
3.123123123123123079e+01 1.059539442924442021e+00
3.138138138138138089e+01 1.038454796077316722e+00
3.153153153153153099e+01 1.066335465482317835e+00
3.168168168168168108e+01 1.082798251578248605e+00
3.183183183183183118e+01 1.072410782718608457e+00
3.198198198198198128e+01 1.063077812137189770e+00
3.213213213213213493e+01 1.044190106121138939e+00
3.228228228228228147e+01 1.057981213687974043e+00
3.243243243243243512e+01 1.081654796352853332e+00
3.258258258258258167e+01 1.074553226036317977e+00
3.273273273273273531e+01 1.065674964859038454e+00
3.288288288288288186e+01 1.048726221727432018e+00
3.303303303303303551e+01 1.047663868092544304e+00
3.318318318318318205e+01 1.079128646471879449e+00
3.333333333333333570e+01 1.078989778186842940e+00
3.348348348348348225e+01 1.068652530717152604e+00
3.363363363363363590e+01 1.053845223734537706e+00
3.378378378378378244e+01 1.036641025050639486e+00
3.393393393393393609e+01 1.075104437139691615e+00
3.408408408408408263e+01 1.081559627219289110e+00
3.423423423423423628e+01 1.070678314078302940e+00
3.438438438438438283e+01 1.058206245795536349e+00
3.453453453453453648e+01 1.036463451400925884e+00
3.468468468468468302e+01 1.068832203752679399e+00
3.483483483483483667e+01 1.082342547166839086e+00
3.498498498498498321e+01 1.071865822606846042e+00
3.513513513513513686e+01 1.061550399184927773e+00
3.528528528528528341e+01 1.041785466981529407e+00
3.543543543543543706e+01 1.060582209248103869e+00
3.558558558558558360e+01 1.081816214476696736e+00
3.573573573573573725e+01 1.072948486548155111e+00
3.588588588588588379e+01 1.064939861141835475e+00
3.603603603603603744e+01 1.047271025669601840e+00
3.618618618618618399e+01 1.051205934087268368e+00
3.633633633633633764e+01 1.079963510167421425e+00
3.648648648648648418e+01 1.077596356106380604e+00
3.663663663663663783e+01 1.067800087514056973e+00
3.678678678678678438e+01 1.052400358711723216e+00
3.693693693693693803e+01 1.040446500398706675e+00
3.708708708708708457e+01 1.076342744359579884e+00
3.723723723723723822e+01 1.080671177776895364e+00
3.738738738738738476e+01 1.069789338401102352e+00
3.753753753753753841e+01 1.056600696977234133e+00
3.768768768768768496e+01 1.034204903260987685e+00
3.783783783783783861e+01 1.070883840856512892e+00
3.798798798798798515e+01 1.082490948049801283e+00
3.813813813813813880e+01 1.071542358258751992e+00
3.828828828828828534e+01 1.060563026094461181e+00
3.843843843843843899e+01 1.040090866676813164e+00
3.858858858858859264e+01 1.063866474109899762e+00
3.873873873873873919e+01 1.082739541481978707e+00
3.888888888888889284e+01 1.072823881640115440e+00
3.903903903903903938e+01 1.064109570149824657e+00
3.918918918918919303e+01 1.045732201106333914e+00
3.933933933933933957e+01 1.055075041681421633e+00
3.948948948948949322e+01 1.081087407001330325e+00
3.963963963963963977e+01 1.076050204678488775e+00
3.978978978978979342e+01 1.066839536947042033e+00
3.993993993993993996e+01 1.050604100427642740e+00
4.009009009009009361e+01 1.044310034536196863e+00
4.024024024024024015e+01 1.077615224782979331e+00
4.039039039039039380e+01 1.079563849504427742e+00
4.054054054054054035e+01 1.069161603205483146e+00
4.069069069069069400e+01 1.055120165311499214e+00
4.084084084084084054e+01 1.032132368256731603e+00
4.099099099099099419e+01 1.072615197770948159e+00
4.114114114114114074e+01 1.081762895022979842e+00
4.129129129129129439e+01 1.071047422861865606e+00
4.144144144144144093e+01 1.059325053848985343e+00
4.159159159159159458e+01 1.038275307645078582e+00
4.174174174174174112e+01 1.066076795177690828e+00
4.189189189189189477e+01 1.082562633906687388e+00
4.204204204204204132e+01 1.072323663329220356e+00
4.219219219219219497e+01 1.062882221355583523e+00
4.234234234234234151e+01 1.043890777256464286e+00
4.249249249249249516e+01 1.057819152121339590e+00
4.264264264264264170e+01 1.081764598733160998e+00
4.279279279279279535e+01 1.074809509117235828e+00
4.294294294294294190e+01 1.065957163085328618e+00
4.309309309309309555e+01 1.049038093878593036e+00
4.324324324324324209e+01 1.047997271604977243e+00
4.339339339339339574e+01 1.079304988047709468e+00
4.354354354354354228e+01 1.078939940586908897e+00
4.369369369369369593e+01 1.068583913243013273e+00
4.384384384384384248e+01 1.053827801234019867e+00
4.399399399399399613e+01 1.036659223393497919e+00
4.414414414414414267e+01 1.074987092686062962e+00
4.429429429429429632e+01 1.081415935983811583e+00
4.444444444444444287e+01 1.070547523322939787e+00
4.459459459459459651e+01 1.058017714594903680e+00
4.474474474474474306e+01 1.036216958790714848e+00
4.489489489489489671e+01 1.068736804979355970e+00
4.504504504504504325e+01 1.082408933553326236e+00
4.519519519519519690e+01 1.072020101155131577e+00
4.534534534534534345e+01 1.061697178381354467e+00
4.549549549549549710e+01 1.041933032543556292e+00
4.564564564564564364e+01 1.060746764726584912e+00
4.579579579579579729e+01 1.081909087381214052e+00
4.594594594594594383e+01 1.072920670092656792e+00
4.609609609609609748e+01 1.064955845363198206e+00
4.624624624624624403e+01 1.047325943359182165e+00
4.639639639639639768e+01 1.051248481176398464e+00
4.654654654654654422e+01 1.079897611827385084e+00
4.669669669669669787e+01 1.077487649664502500e+00
4.684684684684684441e+01 1.067680850592860997e+00
4.699699699699699806e+01 1.052250201863548895e+00
4.714714714714714461e+01 1.040295845230418736e+00
4.729729729729729826e+01 1.076282571807053001e+00
4.744744744744744480e+01 1.080715809489420698e+00
4.759759759759759845e+01 1.069869671139381362e+00
4.774774774774774500e+01 1.056664249330638627e+00
4.789789789789789864e+01 1.034258374714834394e+00
4.804804804804804519e+01 1.070979179202466991e+00
4.819819819819819884e+01 1.082545255800376305e+00
4.834834834834835249e+01 1.071556319238196053e+00
4.849849849849849903e+01 1.060606669272259994e+00
4.864864864864865268e+01 1.040161685267368963e+00
4.879879879879879923e+01 1.063896579626324890e+00
4.894894894894895288e+01 1.082693598028467319e+00
4.909909909909909942e+01 1.072748809115964708e+00
4.924924924924925307e+01 1.064021354428456245e+00
4.939939939939939961e+01 1.045628465024527110e+00
4.954954954954955326e+01 1.054993661511234082e+00
4.969969969969969981e+01 1.081057816997162968e+00
4.984984984984985346e+01 1.076083624314814191e+00
5.000000000000000000e+01 1.066871470595439630e+00
5.015015015015015365e+01 1.050617763670144811e+00
5.030030030030030019e+01 1.044344675808156264e+00
5.045045045045045384e+01 1.077674315886804735e+00
5.060060060060060039e+01 1.079602904937464691e+00
5.075075075075075404e+01 1.069199709858697167e+00
5.090090090090090058e+01 1.055176787052420018e+00
5.105105105105105423e+01 1.032224369465656100e+00
5.120120120120120077e+01 1.072639809117951648e+00
5.135135135135135442e+01 1.081726350991613517e+00
5.150150150150150097e+01 1.070991627560577308e+00
5.165165165165165462e+01 1.059265789848560457e+00
5.180180180180180116e+01 1.038210971753151357e+00
5.195195195195195481e+01 1.066021526687512377e+00
5.210210210210210136e+01 1.082539081012122040e+00
5.225225225225225500e+01 1.072341939300971214e+00
5.240240240240240155e+01 1.062882707970264740e+00
5.255255255255255520e+01 1.043876197888016000e+00
5.270270270270270174e+01 1.057840280348601336e+00
5.285285285285285539e+01 1.081798429782216964e+00
5.300300300300300194e+01 1.074830856526801437e+00
5.315315315315315559e+01 1.065989903398967265e+00
5.330330330330330213e+01 1.049081852191202646e+00
5.345345345345345578e+01 1.048051551929515934e+00
5.360360360360360232e+01 1.079313781012783746e+00
5.375375375375375597e+01 1.078909450127057967e+00
5.390390390390390252e+01 1.068550143073020875e+00
5.405405405405405617e+01 1.053791128356371898e+00
5.420420420420420271e+01 1.036636017210592620e+00
5.435435435435435636e+01 1.074965517118939839e+00
5.450450450450450290e+01 1.081409350825641713e+00
5.465465465465465655e+01 1.070547680944921254e+00
5.480480480480480310e+01 1.058009598472444246e+00
5.495495495495495675e+01 1.036201307753990886e+00
5.510510510510510329e+01 1.068744170057616572e+00
5.525525525525525694e+01 1.082425202295403066e+00
5.540540540540540349e+01 1.072039444679083964e+00
5.555555555555555713e+01 1.061717158712414566e+00
5.570570570570570368e+01 1.041954525814757115e+00
5.585585585585585733e+01 1.060784050671772061e+00
5.600600600600600387e+01 1.081917191369200948e+00
5.615615615615615752e+01 1.072904340481940499e+00
5.630630630630630407e+01 1.064942376856878870e+00
5.645645645645645772e+01 1.047314460971436878e+00
5.660660660660660426e+01 1.051248183818620063e+00
5.675675675675675791e+01 1.079881820530655512e+00
5.690690690690690445e+01 1.077470590186189847e+00
5.705705705705705810e+01 1.067662340433401580e+00
5.720720720720720465e+01 1.052224581296196559e+00
5.735735735735735830e+01 1.040281717689034879e+00
5.750750750750750484e+01 1.076278572582454851e+00
5.765765765765765849e+01 1.080722264156300128e+00
5.780780780780781214e+01 1.069882165452997080e+00
5.795795795795795868e+01 1.056673586105699947e+00
5.810810810810811233e+01 1.034266082586946967e+00
5.825825825825825888e+01 1.070996026359200437e+00
5.840840840840841253e+01 1.082552442573761819e+00
5.855855855855855907e+01 1.071559302057274676e+00
5.870870870870871272e+01 1.060611262408849509e+00
5.885885885885885926e+01 1.040168142132877893e+00
5.900900900900901291e+01 1.063906091034445112e+00
5.915915915915915946e+01 1.082691042223469013e+00
5.930930930930931311e+01 1.072740589293030178e+00
5.945945945945945965e+01 1.064010550889210149e+00
5.960960960960961330e+01 1.045614992222840600e+00
5.975975975975975985e+01 1.054995281876468294e+00
5.990990990990991349e+01 1.081058713427106355e+00
6.006006006006006004e+01 1.076083900801441340e+00
6.021021021021021369e+01 1.066869872179464274e+00
6.036036036036036023e+01 1.050615519751033178e+00
6.051051051051051388e+01 1.044362371737375783e+00
6.066066066066066043e+01 1.077677798516412322e+00
6.081081081081081408e+01 1.079594412676338377e+00
6.096096096096096062e+01 1.069191165334309579e+00
6.111111111111111427e+01 1.055164543671309296e+00
6.126126126126126081e+01 1.032230090329154804e+00
6.141141141141141446e+01 1.072642221045499777e+00
6.156156156156156101e+01 1.081725417647187104e+00
6.171171171171171466e+01 1.070994137576598115e+00
6.186186186186186120e+01 1.059264773171226581e+00
6.201201201201201485e+01 1.038207046202900274e+00
6.216216216216216139e+01 1.066026148963737930e+00
6.231231231231231504e+01 1.082542675097718288e+00
6.246246246246246159e+01 1.072348311598752657e+00
6.261261261261261524e+01 1.062887620743595773e+00
6.276276276276276178e+01 1.043880518235852373e+00
6.291291291291291543e+01 1.057858368074979349e+00
6.306306306306306197e+01 1.081801781946226892e+00
6.321321321321321562e+01 1.074820740555821441e+00
6.336336336336336217e+01 1.065982949724727957e+00
6.351351351351351582e+01 1.049074853280974606e+00
6.366366366366366236e+01 1.048060560295340560e+00
6.381381381381381601e+01 1.079310410044413304e+00
6.396396396396396256e+01 1.078900366286755563e+00
6.411411411411411621e+01 1.068537791076322296e+00
6.426426426426426985e+01 1.053777232182469437e+00
6.441441441441440929e+01 1.036636751703350789e+00
6.456456456456456294e+01 1.074962417790423341e+00
6.471471471471471659e+01 1.081406575509540335e+00
6.486486486486487024e+01 1.070548518734585119e+00
6.501501501501500968e+01 1.058003818554199338e+00
6.516516516516516333e+01 1.036189452550767554e+00
6.531531531531531698e+01 1.068759607577077331e+00
6.546546546546547063e+01 1.082435566845114217e+00
6.561561561561561007e+01 1.072045302972155500e+00
6.576576576576576372e+01 1.061724608773477074e+00
6.591591591591591737e+01 1.041963414082238693e+00
6.606606606606607102e+01 1.060801092991642713e+00
6.621621621621621046e+01 1.081915695383882436e+00
6.636636636636636410e+01 1.072894722781866594e+00
6.651651651651651775e+01 1.064929441318211101e+00
6.666666666666667140e+01 1.047298012792436062e+00
6.681681681681681084e+01 1.051242688695879890e+00
6.696696696696696449e+01 1.079878122345808267e+00
6.711711711711711814e+01 1.077471779758905068e+00
6.726726726726727179e+01 1.067666384230584020e+00
6.741741741741742544e+01 1.052224297848801893e+00
6.756756756756756488e+01 1.040295831654321601e+00
6.771771771771771853e+01 1.076288780216565488e+00
6.786786786786787218e+01 1.080724957842291722e+00
6.801801801801802583e+01 1.069885237675883172e+00
6.816816816816816527e+01 1.056677684342404167e+00
6.831831831831831892e+01 1.034271539207617829e+00
6.846846846846847257e+01 1.071003444777364644e+00
6.861861861861862621e+01 1.082546369686485876e+00
6.876876876876876565e+01 1.071553413458563808e+00
6.891891891891891930e+01 1.060600154341654111e+00
6.906906906906907295e+01 1.040152472739823697e+00
6.921921921921922660e+01 1.063911718284963337e+00
6.936936936936936604e+01 1.082695396324574899e+00
6.951951951951951969e+01 1.072746098091990508e+00
6.966966966966967334e+01 1.064014102921141403e+00
6.981981981981982699e+01 1.045617024722247823e+00
6.996996996996996643e+01 1.055013210913561927e+00
7.012012012012012008e+01 1.081065950393096164e+00
7.027027027027027373e+01 1.076077555995716306e+00
7.042042042042042738e+01 1.066865221545901354e+00
7.057057057057056682e+01 1.050610238661514373e+00
7.072072072072072046e+01 1.044371298261417280e+00
7.087087087087087411e+01 1.077679296962887445e+00
7.102102102102102776e+01 1.079589779733304944e+00
7.117117117117116720e+01 1.069187697356726252e+00
7.132132132132132085e+01 1.055156889809643062e+00
7.147147147147147450e+01 1.032235418799477333e+00
7.162162162162162815e+01 1.072646259228937415e+00
7.177177177177176759e+01 1.081726507559547024e+00
7.192192192192192124e+01 1.070997335843442144e+00
7.207207207207207489e+01 1.059266048503379354e+00
7.222222222222222854e+01 1.038207184869613275e+00
7.237237237237236798e+01 1.066044700221578045e+00
7.252252252252252163e+01 1.082539789434324939e+00
7.267267267267267528e+01 1.072337290969382462e+00
7.282282282282282893e+01 1.062875428963624858e+00
7.297297297297296836e+01 1.043866995204825621e+00
7.312312312312312201e+01 1.057861148286963537e+00
7.327327327327327566e+01 1.081794377989701239e+00
7.342342342342342931e+01 1.074811392172639435e+00
7.357357357357356875e+01 1.065973620385905818e+00
7.372372372372372240e+01 1.049060154225338604e+00
7.387387387387387605e+01 1.048058408198364377e+00
7.402402402402402970e+01 1.079313965424816280e+00
7.417417417417416914e+01 1.078906895653464870e+00
7.432432432432432279e+01 1.068542656408383973e+00
7.447447447447447644e+01 1.053784581906896944e+00
7.462462462462463009e+01 1.036664864492308435e+00
7.477477477477476953e+01 1.074971430900354852e+00
7.492492492492492318e+01 1.081397760011143738e+00
7.507507507507507682e+01 1.070534782453538503e+00
7.522522522522523047e+01 1.057987678145793309e+00
7.537537537537536991e+01 1.036170413408767921e+00
7.552552552552552356e+01 1.068757784003489641e+00
7.567567567567567721e+01 1.082432500063769343e+00
7.582582582582583086e+01 1.072047322258545599e+00
7.597597597597597030e+01 1.061720704047509845e+00
7.612612612612612395e+01 1.041953995302330682e+00
7.627627627627627760e+01 1.060812035588760693e+00
7.642642642642643125e+01 1.081924279947658052e+00
7.657657657657657069e+01 1.072901689559287997e+00
7.672672672672672434e+01 1.064936106990967302e+00
7.687687687687687799e+01 1.047304450184636693e+00
7.702702702702703164e+01 1.051269023347696230e+00
7.717717717717718529e+01 1.079884591531441673e+00
7.732732732732732472e+01 1.077460073091202952e+00
7.747747747747747837e+01 1.067655509572585038e+00
7.762762762762763202e+01 1.052212887553605203e+00
7.777777777777778567e+01 1.040302348902398144e+00
7.792792792792792511e+01 1.076282501518667445e+00
7.807807807807807876e+01 1.080714900123398214e+00
7.822822822822823241e+01 1.069879405100505831e+00
7.837837837837838606e+01 1.056665015062105750e+00
7.852852852852852550e+01 1.034252783855203139e+00
7.867867867867867915e+01 1.071008577608155710e+00
7.882882882882883280e+01 1.082553479620583570e+00
7.897897897897898645e+01 1.071559552686029315e+00
7.912912912912912589e+01 1.060608131063701443e+00
7.927927927927927954e+01 1.040162363990493111e+00
7.942942942942943318e+01 1.063931445481700599e+00
7.957957957957958683e+01 1.082693926062825218e+00
7.972972972972972627e+01 1.072729557020628999e+00
7.987987987987987992e+01 1.063997734713909127e+00
8.003003003003003357e+01 1.045599819049872314e+00
8.018018018018018722e+01 1.055006925126819706e+00
8.033033033033032666e+01 1.081057436319611265e+00
8.048048048048048031e+01 1.076074119482125724e+00
8.063063063063063396e+01 1.066859076841464526e+00
8.078078078078078761e+01 1.050597304420598732e+00
8.093093093093092705e+01 1.044375652098750162e+00
8.108108108108108070e+01 1.077689140495528886e+00
8.123123123123123435e+01 1.079598607835003055e+00
8.138138138138138800e+01 1.069198905854948256e+00
8.153153153153152743e+01 1.055167494853756605e+00
8.168168168168168108e+01 1.032266098861411852e+00
8.183183183183183473e+01 1.072662558996075211e+00
8.198198198198198838e+01 1.081724271889136890e+00
8.213213213213212782e+01 1.070991992353794942e+00
8.228228228228228147e+01 1.059259499267712235e+00
8.243243243243243512e+01 1.038199268142478982e+00
8.258258258258258877e+01 1.066046362920575641e+00
8.273273273273272821e+01 1.082534672370761175e+00
8.288288288288288186e+01 1.072334899764499916e+00
8.303303303303303551e+01 1.062868703483973443e+00
8.318318318318318916e+01 1.043856633988863303e+00
8.333333333333332860e+01 1.057857117623097754e+00
8.348348348348348225e+01 1.081796643364147048e+00
8.363363363363363590e+01 1.074817899530725374e+00
8.378378378378378954e+01 1.065982251085873411e+00
8.393393393393392898e+01 1.049067503531430301e+00
8.408408408408408263e+01 1.048080819843161260e+00
8.423423423423423628e+01 1.079325358439509941e+00
8.438438438438438993e+01 1.078904023032126069e+00
8.453453453453452937e+01 1.068544629097317511e+00
8.468468468468468302e+01 1.053782583961944130e+00
8.483483483483483667e+01 1.036677418313288079e+00
8.498498498498499032e+01 1.074982464428973383e+00
8.513513513513512976e+01 1.081402584275750867e+00
8.528528528528528341e+01 1.070537096844047076e+00
8.543543543543543706e+01 1.057990965925965865e+00
8.558558558558559071e+01 1.036174517247087090e+00
8.573573573573573015e+01 1.068770904398345545e+00
8.588588588588588379e+01 1.082427809963824927e+00
8.603603603603603744e+01 1.072035615743079484e+00
8.618618618618619109e+01 1.061706457158690942e+00
8.633633633633633053e+01 1.041936837382651193e+00
8.648648648648648418e+01 1.060811158636537188e+00
8.663663663663663783e+01 1.081920888744383635e+00
8.678678678678679148e+01 1.072904719043356270e+00
8.693693693693694513e+01 1.064933820808166454e+00
8.708708708708708457e+01 1.047297564724636088e+00
8.723723723723723822e+01 1.051280038578012110e+00
8.738738738738739187e+01 1.079890439380404521e+00
8.753753753753754552e+01 1.077458705486207924e+00
8.768768768768768496e+01 1.067656542417400267e+00
8.783783783783783861e+01 1.052214150155623251e+00
8.798798798798799226e+01 1.040316596491793755e+00
8.813813813813814591e+01 1.076284185150355066e+00
8.828828828828828534e+01 1.080706897797123256e+00
8.843843843843843899e+01 1.069864251087945028e+00
8.858858858858859264e+01 1.056653835824385324e+00
8.873873873873874629e+01 1.034244389881342041e+00
8.888888888888888573e+01 1.070997660799603901e+00
8.903903903903903938e+01 1.082536083566090879e+00
8.918918918918919303e+01 1.071546190514075292e+00
8.933933933933934668e+01 1.060586040552482512e+00
8.948948948948948612e+01 1.040131890541226900e+00
8.963963963963963977e+01 1.063922242101600135e+00
8.978978978978979342e+01 1.082702628908928544e+00
8.993993993993994707e+01 1.072754060977146651e+00
9.009009009009008651e+01 1.064017554642086916e+00
9.024024024024024015e+01 1.045616249017076616e+00
9.039039039039039380e+01 1.055025743037896868e+00
9.054054054054054745e+01 1.081079624674199824e+00
9.069069069069068689e+01 1.076083946125609980e+00
9.084084084084084054e+01 1.066874858079092769e+00
9.099099099099099419e+01 1.050616778107607452e+00
9.114114114114114784e+01 1.044410322558710025e+00
9.129129129129128728e+01 1.077700242516806961e+00
9.144144144144144093e+01 1.079585952432788210e+00
9.159159159159159458e+01 1.069183979483907088e+00
9.174174174174174823e+01 1.055150967759614256e+00
9.189189189189188767e+01 1.032276753528932556e+00
9.204204204204204132e+01 1.072659033725312572e+00
9.219219219219219497e+01 1.081713609115967811e+00
9.234234234234234862e+01 1.070980423739307685e+00
9.249249249249248805e+01 1.059244735685535455e+00
9.264264264264264170e+01 1.038181136740905508e+00
9.279279279279279535e+01 1.066041307079145239e+00
9.294294294294294900e+01 1.082530632496190304e+00
9.309309309309308844e+01 1.072339306575317730e+00
9.324324324324324209e+01 1.062867876050906712e+00
9.339339339339339574e+01 1.043851492660111679e+00
9.354354354354354939e+01 1.057868627601835199e+00
9.369369369369368883e+01 1.081804800428999291e+00
9.384384384384384248e+01 1.074819741087259750e+00
9.399399399399399613e+01 1.065987879270814842e+00
9.414414414414414978e+01 1.049074299591209236e+00
9.429429429429428922e+01 1.048100299684180392e+00
9.444444444444444287e+01 1.079329063789482568e+00
9.459459459459459651e+01 1.078894466903077554e+00
9.474474474474475016e+01 1.068532718163670792e+00
9.489489489489488960e+01 1.053769907967889274e+00
9.504504504504504325e+01 1.036680617891251099e+00
9.519519519519519690e+01 1.074979568989212986e+00
9.534534534534535055e+01 1.081398095994969388e+00
9.549549549549548999e+01 1.070533101965149170e+00
9.564564564564564364e+01 1.057982611483043733e+00
9.579579579579579729e+01 1.036161947929374438e+00
9.594594594594595094e+01 1.068776681024365738e+00
9.609609609609609038e+01 1.082433116604175183e+00
9.624624624624624403e+01 1.072042918942208933e+00
9.639639639639639768e+01 1.061711155970868292e+00
9.654654654654655133e+01 1.041939208998681643e+00
9.669669669669670498e+01 1.060830233007452605e+00
9.684684684684684441e+01 1.081926854490861789e+00
9.699699699699699806e+01 1.072900175379668530e+00
9.714714714714715171e+01 1.064929933964220643e+00
9.729729729729730536e+01 1.047293862299899736e+00
9.744744744744744480e+01 1.051291038316018556e+00
9.759759759759759845e+01 1.079887362260778305e+00
9.774774774774775210e+01 1.077447821171184428e+00
9.789789789789790575e+01 1.067648086057800150e+00
9.804804804804804519e+01 1.052200125325097213e+00
9.819819819819819884e+01 1.040316703130879983e+00
9.834834834834835249e+01 1.076285945229881857e+00
9.849849849849850614e+01 1.080710300222470277e+00
9.864864864864864558e+01 1.069877851950005176e+00
9.879879879879879923e+01 1.056659937336424049e+00
9.894894894894895288e+01 1.034245257833336984e+00
9.909909909909910652e+01 1.071018013143844039e+00
9.924924924924924596e+01 1.082551898745672592e+00
9.939939939939939961e+01 1.071556562717221217e+00
9.954954954954955326e+01 1.060602171759268630e+00
9.969969969969970691e+01 1.040153942827358069e+00
9.984984984984984635e+01 1.063945208920949792e+00
1.000000000000000000e+02 1.082695584546409018e+00
1.001501501501501536e+02 1.072728898175059342e+00
1.003003003003003073e+02 1.063991209890730261e+00
1.004504504504504467e+02 1.045587712800909896e+00
1.006006006006006004e+02 1.055011785464098795e+00
1.007507507507507540e+02 1.081067200548749829e+00
1.009009009009009077e+02 1.076081333264303774e+00
1.010510510510510471e+02 1.066870484127152130e+00
1.012012012012012008e+02 1.050604099624137255e+00
1.013513513513513544e+02 1.044417402669775674e+00
1.015015015015015081e+02 1.077714094559558911e+00
1.016516516516516475e+02 1.079596238799004793e+00
1.018018018018018012e+02 1.069195045900798613e+00
1.019519519519519548e+02 1.055164609748393101e+00
1.021021021021021085e+02 1.032307278116197047e+00
1.022522522522522479e+02 1.072671181830566756e+00
1.024024024024024015e+02 1.081705356892599612e+00
1.025525525525525552e+02 1.070972557120217994e+00
1.027027027027027088e+02 1.059231483305899335e+00
1.028528528528528483e+02 1.038163184428932739e+00
1.030030030030030019e+02 1.066043032921446532e+00
1.031531531531531556e+02 1.082530951926228280e+00
1.033033033033033092e+02 1.072345705303250130e+00
1.034534534534534487e+02 1.062870924543379614e+00
1.036036036036036023e+02 1.043852250823235739e+00
1.037537537537537560e+02 1.057885283233425344e+00
1.039039039039039096e+02 1.081809561579322843e+00
1.040540540540540491e+02 1.074811290905550054e+00
1.042042042042042027e+02 1.065981997836187078e+00
1.043543543543543564e+02 1.049070753572977965e+00
1.045045045045045100e+02 1.048110390396715053e+00
1.046546546546546494e+02 1.079323137718216641e+00
1.048048048048048031e+02 1.078880764829561745e+00
1.049549549549549567e+02 1.068519594463114064e+00
1.051051051051051104e+02 1.053750202107333278e+00
1.052552552552552498e+02 1.036670581407792113e+00
1.054054054054054035e+02 1.074979327314164124e+00
1.055555555555555571e+02 1.081406751958710277e+00
1.057057057057057108e+02 1.070547332915804839e+00
1.058558558558558644e+02 1.057993318175646236e+00
1.060060060060060039e+02 1.036169942813212064e+00
1.061561561561561575e+02 1.068801312326536967e+00
1.063063063063063112e+02 1.082442530332259567e+00
1.064564564564564648e+02 1.072040702908206189e+00
1.066066066066066043e+02 1.061712511533278835e+00
1.067567567567567579e+02 1.041943538851729301e+00
1.069069069069069116e+02 1.060841233215535695e+00
1.070570570570570652e+02 1.081919020835710343e+00
1.072072072072072046e+02 1.072888924279999268e+00
1.073573573573573583e+02 1.064912761417438736e+00
1.075075075075075119e+02 1.047270902283143235e+00
1.076576576576576656e+02 1.051285502769161218e+00
1.078078078078078050e+02 1.079884493911006382e+00
1.079579579579579587e+02 1.077450164560066703e+00
1.081081081081081123e+02 1.067653187520795521e+00
1.082582582582582660e+02 1.052201700275781082e+00
1.084084084084084054e+02 1.040335225351946891e+00
1.085585585585585591e+02 1.076297519124407742e+00
1.087087087087087127e+02 1.080710371967698036e+00
1.088588588588588664e+02 1.069877628787009538e+00
1.090090090090090058e+02 1.056660621586528181e+00
1.091591591591591595e+02 1.034247062352208424e+00
1.093093093093093131e+02 1.071013276983143747e+00
1.094594594594594668e+02 1.082549905094635001e+00
1.096096096096096062e+02 1.071555724523803432e+00
1.097597597597597598e+02 1.060600361079827580e+00
1.099099099099099135e+02 1.040151318661334701e+00
1.100600600600600671e+02 1.063953235808548836e+00
1.102102102102102066e+02 1.082696238864427229e+00
1.103603603603603602e+02 1.072726539498387810e+00
1.105105105105105139e+02 1.063986652472082461e+00
1.106606606606606675e+02 1.045581126719456577e+00
1.108108108108108070e+02 1.055032608752795698e+00
1.109609609609609606e+02 1.081071422940850457e+00
1.111111111111111143e+02 1.076071229266408746e+00
1.112612612612612679e+02 1.066859981775583499e+00
1.114114114114114074e+02 1.050591156303435358e+00
1.115615615615615610e+02 1.044424495167170841e+00
1.117117117117117147e+02 1.077713184603463326e+00
1.118618618618618683e+02 1.079589945764054537e+00
1.120120120120120077e+02 1.069190591172679339e+00
1.121621621621621614e+02 1.055154215920639516e+00
1.123123123123123150e+02 1.032306585816939126e+00
1.124624624624624687e+02 1.072676193745550233e+00
1.126126126126126081e+02 1.081711582657097104e+00
1.127627627627627618e+02 1.070981289304326900e+00
1.129129129129129154e+02 1.059239933218199647e+00
1.130630630630630691e+02 1.038172065329592275e+00
1.132132132132132085e+02 1.066059455363690178e+00
1.133633633633633622e+02 1.082529578184588726e+00
1.135135135135135158e+02 1.072335668670434394e+00
1.136636636636636695e+02 1.062861223508007047e+00
1.138138138138138089e+02 1.043842622092265637e+00
1.139639639639639626e+02 1.057885699578257954e+00
1.141141141141141162e+02 1.081800880061971393e+00
1.142642642642642699e+02 1.074802155234547030e+00
1.144144144144144093e+02 1.065973473559276075e+00
1.145645645645645629e+02 1.049054636739997992e+00
1.147147147147147166e+02 1.048107403315035935e+00
1.148648648648648702e+02 1.079331441961314475e+00
1.150150150150150097e+02 1.078894002135491803e+00
1.151651651651651633e+02 1.068534499440939145e+00
1.153153153153153170e+02 1.053766995740965218e+00
1.154654654654654706e+02 1.036709565953564782e+00
1.156156156156156243e+02 1.074997604958807029e+00
1.157657657657657637e+02 1.081400197915701966e+00
1.159159159159159174e+02 1.070530173479869562e+00
1.160660660660660710e+02 1.057978913004989474e+00
1.162162162162162247e+02 1.036156839358422621e+00
1.163663663663663641e+02 1.068791550067236251e+00
1.165165165165165178e+02 1.082429090383838721e+00
1.166666666666666714e+02 1.072033955406211270e+00
1.168168168168168251e+02 1.061696243309200094e+00
1.169669669669669645e+02 1.041918179410232126e+00
1.171171171171171181e+02 1.060840611199851846e+00
1.172672672672672718e+02 1.081928427531824832e+00
1.174174174174174254e+02 1.072908536475387420e+00
1.175675675675675649e+02 1.064929986514701277e+00
1.177177177177177185e+02 1.047286734026901200e+00
1.178678678678678722e+02 1.051314314834142838e+00
1.180180180180180258e+02 1.079899406118683070e+00
1.181681681681681653e+02 1.077445023731997242e+00
1.183183183183183189e+02 1.067651614563694951e+00
1.184684684684684726e+02 1.052201885029085071e+00
1.186186186186186262e+02 1.040354862663273705e+00
1.187687687687687657e+02 1.076296759120236812e+00
1.189189189189189193e+02 1.080696658820184952e+00
1.190690690690690730e+02 1.069863240436148999e+00
1.192192192192192266e+02 1.056642744811980839e+00
1.193693693693693660e+02 1.034225891395547992e+00
1.195195195195195197e+02 1.071018588890924939e+00
1.196696696696696733e+02 1.082540020082185528e+00
1.198198198198198270e+02 1.071547636845967988e+00
1.199699699699699664e+02 1.060584991291728008e+00
1.201201201201201201e+02 1.040129278479907660e+00
1.202702702702702737e+02 1.063952973706827398e+00
1.204204204204204274e+02 1.082703346607254424e+00
1.205705705705705668e+02 1.072738364722225946e+00
1.207207207207207205e+02 1.063997270065547118e+00
1.208708708708708741e+02 1.045590898341984598e+00
1.210210210210210278e+02 1.055061359751545691e+00
1.211711711711711672e+02 1.081083381363565188e+00
1.213213213213213209e+02 1.076062133704331680e+00
1.214714714714714745e+02 1.066853489988449644e+00
1.216216216216216282e+02 1.050585681991771381e+00
1.217717717717717676e+02 1.044432128596540110e+00
1.219219219219219212e+02 1.077709368705662918e+00
1.220720720720720749e+02 1.079580876332654427e+00
1.222222222222222285e+02 1.069182879603848058e+00
1.223723723723723680e+02 1.055140104040146021e+00
1.225225225225225216e+02 1.032310936450396843e+00
1.226726726726726753e+02 1.072682203879353979e+00
1.228228228228228289e+02 1.081715442687055440e+00
1.229729729729729684e+02 1.070988946246767215e+00
1.231231231231231220e+02 1.059244642155132921e+00
1.232732732732732757e+02 1.038174936759656219e+00
1.234234234234234293e+02 1.066074482351672792e+00
1.235735735735735688e+02 1.082532062096899894e+00
1.237237237237237224e+02 1.072337808403993620e+00
1.238738738738738761e+02 1.062860303165837905e+00
1.240240240240240297e+02 1.043839574927998948e+00
1.241741741741741691e+02 1.057884957673717707e+00
1.243243243243243228e+02 1.081802834243603906e+00
1.244744744744744764e+02 1.074804767412899986e+00
1.246246246246246301e+02 1.065979125537603434e+00
1.247747747747747695e+02 1.049059729307562083e+00
1.249249249249249232e+02 1.048130349415442808e+00
1.250750750750750768e+02 1.079339678542303727e+00
1.252252252252252305e+02 1.078886432364241532e+00
1.253753753753753841e+02 1.068526914180860876e+00
1.255255255255255236e+02 1.053758816553119759e+00
1.256756756756756772e+02 1.036718626129461862e+00
1.258258258258258309e+02 1.074997185526911814e+00
1.259759759759759845e+02 1.081394451949236446e+00
1.261261261261261239e+02 1.070526033847448266e+00
1.262762762762762776e+02 1.057969182282152198e+00
1.264264264264264312e+02 1.036141809147634651e+00
1.265765765765765849e+02 1.068800437747041254e+00
1.267267267267267243e+02 1.082434898062382578e+00
1.268768768768768780e+02 1.072038679499091041e+00
1.270270270270270316e+02 1.061700169750601885e+00
1.271771771771771853e+02 1.041921495638733930e+00
1.273273273273273247e+02 1.060856823424505935e+00
1.274774774774774784e+02 1.081930804770866672e+00
1.276276276276276320e+02 1.072900679433018256e+00
1.277777777777777857e+02 1.064922165709199620e+00
1.279279279279279251e+02 1.047278701087321240e+00
1.280780780780780788e+02 1.051323086891372771e+00
1.282282282282282324e+02 1.079893453703858919e+00
1.283783783783783861e+02 1.077432280283630250e+00
1.285285285285285397e+02 1.067641129873782457e+00
1.286786786786786934e+02 1.052185224967780330e+00
1.288288288288288186e+02 1.040351524414595552e+00
1.289789789789789722e+02 1.076297215018638287e+00
1.291291291291291259e+02 1.080700636175507379e+00
1.292792792792792795e+02 1.069871565380673628e+00
1.294294294294294332e+02 1.056648962602614761e+00
1.295795795795795868e+02 1.034231127674554385e+00
1.297297297297297405e+02 1.071031858892160571e+00
1.298798798798798941e+02 1.082542746852351412e+00
1.300300300300300194e+02 1.071544928350170345e+00
1.301801801801801730e+02 1.060583888123278529e+00
1.303303303303303267e+02 1.040129622050126601e+00
1.304804804804804803e+02 1.063959970719030590e+00
1.306306306306306340e+02 1.082698332266532448e+00
1.307807807807807876e+02 1.072729783281390681e+00
1.309309309309309413e+02 1.063984697650319999e+00
1.310810810810810949e+02 1.045574117857235974e+00
1.312312312312312201e+02 1.055052173327685860e+00
1.313813813813813738e+02 1.081084098392685933e+00
1.315315315315315274e+02 1.076070197309330512e+00
1.316816816816816811e+02 1.066861600486560979e+00
1.318318318318318347e+02 1.050590990523856849e+00
1.319819819819819884e+02 1.044449290675747433e+00
1.321321321321321420e+02 1.077723809840739566e+00
1.322822822822822957e+02 1.079584242953872675e+00
1.324324324324324209e+02 1.069185007507983842e+00
1.325825825825825746e+02 1.055145034926921799e+00
1.327327327327327282e+02 1.032338659212963528e+00
1.328828828828828819e+02 1.072688104386661623e+00
1.330330330330330355e+02 1.081703317376668139e+00
1.331831831831831892e+02 1.070973955777541287e+00
1.333333333333333428e+02 1.059226068256525322e+00
1.334834834834834965e+02 1.038152572037292387e+00
1.336336336336336217e+02 1.066068984837709843e+00
1.337837837837837753e+02 1.082526639288866166e+00
1.339339339339339290e+02 1.072334155273062306e+00
1.340840840840840826e+02 1.062855557031500586e+00
1.342342342342342363e+02 1.043833764682017717e+00
1.343843843843843899e+02 1.057901813714387629e+00
1.345345345345345436e+02 1.081800806574412244e+00
1.346846846846846972e+02 1.074790404905519914e+00
1.348348348348348509e+02 1.065965884626919546e+00
1.349849849849849761e+02 1.049043119935380242e+00
1.351351351351351298e+02 1.048127060504570052e+00
1.352852852852852834e+02 1.079337025832890706e+00
1.354354354354354371e+02 1.078888044910831345e+00
1.355855855855855907e+02 1.068530083346012516e+00
1.357357357357357444e+02 1.053758125650989141e+00
1.358858858858858980e+02 1.036730427530422771e+00
1.360360360360360517e+02 1.075009768979248381e+00
1.361861861861861769e+02 1.081401478369768299e+00
1.363363363363363305e+02 1.070532073060719735e+00
1.364864864864864842e+02 1.057974866859902274e+00
1.366366366366366378e+02 1.036147222764738585e+00
1.367867867867867915e+02 1.068816437055224888e+00
1.369369369369369451e+02 1.082436396201557960e+00
1.370870870870870988e+02 1.072032075657553207e+00
1.372372372372372524e+02 1.061693651856805420e+00
1.373873873873873777e+02 1.041914565221784494e+00
1.375375375375375313e+02 1.060862066694042705e+00
1.376876876876876850e+02 1.081925799535455424e+00
1.378378378378378386e+02 1.072897575368755962e+00
1.379879879879879923e+02 1.064912945433530211e+00
1.381381381381381459e+02 1.047263886328279048e+00
1.382882882882882996e+02 1.051328495728519608e+00
1.384384384384384532e+02 1.079897693035851702e+00
1.385885885885885784e+02 1.077434398864569376e+00
1.387387387387387321e+02 1.067646167110893440e+00
1.388888888888888857e+02 1.052189207868844401e+00
1.390390390390390394e+02 1.040370905321418737e+00
1.391891891891891930e+02 1.076304157943954287e+00
1.393393393393393467e+02 1.080695638891127519e+00
1.394894894894895003e+02 1.069866576128625457e+00
1.396396396396396540e+02 1.056642437167686355e+00
1.397897897897897792e+02 1.034223340721615925e+00
1.399399399399399329e+02 1.071034746375791658e+00
1.400900900900900865e+02 1.082538752439220042e+00
1.402402402402402402e+02 1.071541054337105336e+00
1.403903903903903938e+02 1.060577135337427368e+00
1.405405405405405475e+02 1.040120112151030396e+00
1.406906906906907011e+02 1.063962338579101052e+00
1.408408408408408548e+02 1.082700031763469850e+00
1.409909909909909800e+02 1.072733889255740314e+00
1.411411411411411336e+02 1.063985917416373717e+00
1.412912912912912873e+02 1.045573061093243217e+00
1.414414414414414409e+02 1.055075443713570094e+00
1.415915915915915946e+02 1.081093402251643854e+00
1.417417417417417482e+02 1.076063256528516643e+00
1.418918918918919019e+02 1.066857009142830437e+00
1.420420420420420555e+02 1.050585439099662510e+00
1.421921921921921808e+02 1.044465558635713665e+00
1.423423423423423344e+02 1.077726203126214921e+00
1.424924924924924881e+02 1.079575634088415503e+00
1.426426426426426417e+02 1.069177617289075011e+00
1.427927927927927954e+02 1.055132088548546454e+00
1.429429429429429490e+02 1.032340098089344238e+00
1.430930930930931027e+02 1.072691401438209402e+00
1.432432432432432563e+02 1.081705619696643250e+00
1.433933933933933815e+02 1.070979460112577275e+00
1.435435435435435352e+02 1.059229323895755082e+00
1.436936936936936888e+02 1.038154550845604263e+00
1.438438438438438425e+02 1.066084093671149091e+00
1.439939939939939961e+02 1.082526865122627857e+00
1.441441441441441498e+02 1.072328908253205926e+00
1.442942942942943034e+02 1.062849952445731772e+00
1.444444444444444571e+02 1.043827949390583987e+00
1.445945945945946107e+02 1.057906552046008919e+00
1.447447447447447360e+02 1.081795111796485687e+00
1.448948948948948896e+02 1.074780739978405064e+00
1.450450450450450433e+02 1.065955960052232809e+00
1.451951951951951969e+02 1.049030151067038785e+00
1.453453453453453506e+02 1.048124399823933128e+00
1.454954954954955042e+02 1.079335904471093066e+00
1.456456456456456579e+02 1.078889543657343353e+00
1.457957957957958115e+02 1.068532749855865438e+00
1.459459459459459367e+02 1.053757993647521207e+00
1.460960960960960904e+02 1.036745614088215417e+00
1.462462462462462440e+02 1.075020859593724731e+00
1.463963963963963977e+02 1.081404174535528506e+00
1.465465465465465513e+02 1.070532711598904729e+00
1.466966966966967050e+02 1.057975417878947555e+00
1.468468468468468586e+02 1.036147719472772177e+00
1.469969969969970123e+02 1.068825423602222768e+00
1.471471471471471375e+02 1.082434027047286529e+00
1.472972972972972912e+02 1.072027901686107620e+00
1.474474474474474448e+02 1.061685693225704386e+00
1.475975975975975985e+02 1.041902859925801117e+00
1.477477477477477521e+02 1.060865492753457762e+00
1.478978978978979058e+02 1.081928069517301694e+00
1.480480480480480594e+02 1.072904191401267360e+00
1.481981981981982130e+02 1.064916139005123386e+00
1.483483483483483383e+02 1.047264066386069503e+00
1.484984984984984919e+02 1.051344966524730529e+00
1.486486486486486456e+02 1.079905129701331346e+00
1.487987987987987992e+02 1.077430565184885003e+00
1.489489489489489529e+02 1.067644544134904727e+00
1.490990990990991065e+02 1.052187834372254382e+00
1.492492492492492602e+02 1.040388670343333377e+00
1.493993993993994138e+02 1.076305442388986622e+00
1.495495495495495391e+02 1.080685010666558865e+00
1.496996996996996927e+02 1.069857711767118413e+00
1.498498498498498464e+02 1.056629274133654040e+00
1.500000000000000000e+02 1.034206392409113828e+00
