0.000000000000000000e+00 9.652679131257984046e-01
1.501501501501501523e-01 8.344270808287712615e-01
3.003003003003003046e-01 6.371037757504686150e-01
4.504504504504504570e-01 4.578438005078546702e-01
6.006006006006006093e-01 3.620835234924134616e-01
7.507507507507507061e-01 3.198214900981209974e-01
9.009009009009009139e-01 3.119114345613061556e-01
1.051051051051051122e+00 3.910669147872609108e-01
1.201201201201201219e+00 3.369192414486203990e-01
1.351351351351351315e+00 2.849408938443540595e-01
1.501501501501501412e+00 2.389800321545787476e-01
1.651651651651651731e+00 2.071178938717527507e-01
1.801801801801801828e+00 2.031749390960931045e-01
1.951951951951951925e+00 2.266891726086054937e-01
2.102102102102102243e+00 2.527588113356893373e-01
2.252252252252252340e+00 1.352163152209230335e-01
2.402402402402402437e+00 2.458854050381367728e-01
2.552552552552552534e+00 3.107836987030119236e-01
2.702702702702702631e+00 2.817977735219408530e-01
2.852852852852852727e+00 1.886994473135696071e-01
3.003003003003002824e+00 1.784133827031639530e-01
3.153153153153153365e+00 2.568526655186291752e-01
3.303303303303303462e+00 2.289455404575721775e-01
3.453453453453453559e+00 2.221700611464218211e-01
3.603603603603603656e+00 2.406417029061552748e-01
3.753753753753753752e+00 2.755087975541986034e-01
3.903903903903903849e+00 3.178889081149883222e-01
4.054054054054054390e+00 3.625903327548887223e-01
4.204204204204204487e+00 3.822439209931074999e-01
4.354354354354354584e+00 2.475444389657565081e-01
4.504504504504504681e+00 2.257747787607681522e-01
4.654654654654654777e+00 1.892309236255454163e-01
4.804804804804804874e+00 2.084394224154690611e-01
4.954954954954954971e+00 3.497332840533662335e-01
5.105105105105105068e+00 4.777013807502806797e-01
5.255255255255255165e+00 5.176183593963267215e-01
5.405405405405405261e+00 5.068513632507033462e-01
5.555555555555555358e+00 5.138026921130245395e-01
5.705705705705705455e+00 5.363396918171672301e-01
5.855855855855855552e+00 5.698511494630367213e-01
6.006006006006005649e+00 6.092348543729487753e-01
6.156156156156156634e+00 6.498408178842751681e-01
6.306306306306306730e+00 6.487846991702008737e-01
6.456456456456456827e+00 4.727163830723158378e-01
6.606606606606606924e+00 3.884646474011420048e-01
6.756756756756757021e+00 3.285419484094012077e-01
6.906906906906907118e+00 2.625650691779216617e-01
7.057057057057057214e+00 3.395655531878697952e-01
7.207207207207207311e+00 4.951680728480901683e-01
7.357357357357357408e+00 5.782779721381133831e-01
7.507507507507507505e+00 5.386824597515099677e-01
7.657657657657657602e+00 5.132693044365250756e-01
7.807807807807807698e+00 5.064561568068848274e-01
7.957957957957957795e+00 5.190608214203820125e-01
8.108108108108108780e+00 5.472029575350877417e-01
8.258258258258258877e+00 5.846577113720696772e-01
8.408408408408408974e+00 5.738783097228783436e-01
8.558558558558559071e+00 3.750714703970199904e-01
8.708708708708709167e+00 2.872118732678843323e-01
8.858858858858859264e+00 2.811606516759059815e-01
9.009009009009009361e+00 2.419464210855279684e-01
9.159159159159159458e+00 2.539238457633891666e-01
9.309309309309309555e+00 3.829115165987662106e-01
9.459459459459459651e+00 4.649570053508636502e-01
9.609609609609609748e+00 4.222188849812064104e-01
9.759759759759759845e+00 3.963231170563183414e-01
9.909909909909909942e+00 3.935582822208821274e-01
1.006006006006006004e+01 4.136529347489215636e-01
1.021021021021021014e+01 4.494414661044139891e-01
1.036036036036036023e+01 4.929633476924714652e-01
1.051051051051051033e+01 4.703310824660785205e-01
1.066066066066066043e+01 2.827745978437448127e-01
1.081081081081081052e+01 2.483143758623674868e-01
1.096096096096096062e+01 2.598978339271357796e-01
1.111111111111111072e+01 2.200754269759731541e-01
1.126126126126126081e+01 2.546407762404087061e-01
1.141141141141141091e+01 3.868399596644399585e-01
1.156156156156156101e+01 4.526649489317572939e-01
1.171171171171171110e+01 4.183751510481401037e-01
1.186186186186186120e+01 4.035299027072803413e-01
1.201201201201201130e+01 4.118059189345296134e-01
1.216216216216216317e+01 4.397760342285170765e-01
1.231231231231231327e+01 4.798967425909108075e-01
1.246246246246246336e+01 5.252876020719354777e-01
1.261261261261261346e+01 4.869161634872367084e-01
1.276276276276276356e+01 3.104104300906799785e-01
1.291291291291291365e+01 2.792047494444373501e-01
1.306306306306306375e+01 2.638639903635960349e-01
1.321321321321321385e+01 2.041195739728932368e-01
1.336336336336336394e+01 2.767103448142632094e-01
1.351351351351351404e+01 4.286983256280348931e-01
1.366366366366366414e+01 4.900235680689019602e-01
1.381381381381381424e+01 4.550298521832457643e-01
1.396396396396396433e+01 4.391787843902675847e-01
1.411411411411411443e+01 4.462218899644193604e-01
1.426426426426426453e+01 4.732422644974865200e-01
1.441441441441441462e+01 5.129866361456193458e-01
1.456456456456456472e+01 5.584694915591938980e-01
1.471471471471471482e+01 5.071107707717561475e-01
1.486486486486486491e+01 3.222491382705955365e-01
1.501501501501501501e+01 2.818916481579084032e-01
1.516516516516516511e+01 2.672781110478748001e-01
1.531531531531531520e+01 2.073240538306667102e-01
1.546546546546546530e+01 2.754136008607855901e-01
1.561561561561561540e+01 4.298661583934114128e-01
1.576576576576576549e+01 4.850765818813584374e-01
1.591591591591591559e+01 4.464833720433611930e-01
1.606606606606606746e+01 4.271784036534255757e-01
1.621621621621621756e+01 4.320013782113756862e-01
1.636636636636636766e+01 4.582911931184534549e-01
1.651651651651651775e+01 4.982114623086165150e-01
1.666666666666666785e+01 5.443311351878036275e-01
1.681681681681681795e+01 4.784591793005083527e-01
1.696696696696696804e+01 2.937476235335504948e-01
1.711711711711711814e+01 2.667807634854689747e-01
1.726726726726726824e+01 2.613694569735526829e-01
1.741741741741741833e+01 2.045798316595497379e-01
1.756756756756756843e+01 2.695064744517994826e-01
1.771771771771771853e+01 4.207201906692343285e-01
1.786786786786786863e+01 4.674785091599413800e-01
1.801801801801801872e+01 4.300143708981909452e-01
1.816816816816816882e+01 4.128007944040709143e-01
1.831831831831831892e+01 4.202872503449452402e-01
1.846846846846846901e+01 4.487937509420932281e-01
1.861861861861861911e+01 4.900672686065765116e-01
1.876876876876876921e+01 5.368836065075847097e-01
1.891891891891891930e+01 4.564319202008429444e-01
1.906906906906906940e+01 2.820767727569946093e-01
1.921921921921921950e+01 2.684626190664225476e-01
1.936936936936936959e+01 2.574505060013947966e-01
1.951951951951951969e+01 1.964184408238822399e-01
1.966966966966966979e+01 2.768667231225460656e-01
1.981981981981981988e+01 4.301114818965164344e-01
1.996996996996996998e+01 4.688699230822834241e-01
2.012012012012012008e+01 4.331024152023050244e-01
2.027027027027027017e+01 4.181687078188291440e-01
2.042042042042042027e+01 4.277859773091707285e-01
2.057057057057057037e+01 4.576688684777420191e-01
2.072072072072072046e+01 4.996640214777327560e-01
2.087087087087087056e+01 5.468136344841882934e-01
2.102102102102102066e+01 4.543070507907145950e-01
2.117117117117117076e+01 2.856238760006349353e-01
2.132132132132132085e+01 2.724449183894037119e-01
2.147147147147147095e+01 2.551847512707988153e-01
2.162162162162162105e+01 1.946020800130869866e-01
2.177177177177177114e+01 2.875502500700383157e-01
2.192192192192192124e+01 4.417136450539369541e-01
2.207207207207207134e+01 4.695749364778700752e-01
2.222222222222222143e+01 4.338732472957489983e-01
2.237237237237237153e+01 4.193317204512894691e-01
2.252252252252252163e+01 4.294640460962984019e-01
2.267267267267267172e+01 4.597624508088701267e-01
2.282282282282282182e+01 5.020638908603149986e-01
2.297297297297297192e+01 5.494508383645436700e-01
2.312312312312312201e+01 4.420026175285373671e-01
2.327327327327327211e+01 2.774674835273145401e-01
2.342342342342342221e+01 2.699416386555516523e-01
2.357357357357357230e+01 2.519962200531054575e-01
2.372372372372372240e+01 1.933571726985872097e-01
2.387387387387387250e+01 2.919654948355650537e-01
2.402402402402402259e+01 4.451547020973186664e-01
2.417417417417417624e+01 4.641368590456090293e-01
2.432432432432432634e+01 4.292634204001316567e-01
2.447447447447447644e+01 4.160337449838238388e-01
2.462462462462462653e+01 4.275109814917157358e-01
2.477477477477477663e+01 4.587634854278042629e-01
2.492492492492492673e+01 5.016196347864679828e-01
2.507507507507507682e+01 5.492736175287710187e-01
2.522522522522522692e+01 4.268387539048295043e-01
2.537537537537537702e+01 2.710517906880379191e-01
2.552552552552552712e+01 2.708647602373242536e-01
2.567567567567567721e+01 2.492684580161871888e-01
2.582582582582582731e+01 1.919030913508956993e-01
2.597597597597597741e+01 2.998247322952048988e-01
2.612612612612612750e+01 4.523620044781999638e-01
2.627627627627627760e+01 4.636326198267430310e-01
2.642642642642642770e+01 4.299038481370522358e-01
2.657657657657657779e+01 4.180960404679368581e-01
2.672672672672672789e+01 4.307788114522204115e-01
2.687687687687687799e+01 4.627932434249924509e-01
2.702702702702702808e+01 5.060772805306089639e-01
2.717717717717717818e+01 5.539125211180230268e-01
2.732732732732732828e+01 4.195958516055246501e-01
2.747747747747747837e+01 2.710689492997382377e-01
2.762762762762762847e+01 2.720209889646763579e-01
2.777777777777777857e+01 2.462792476597347735e-01
2.792792792792792866e+01 1.940242305950679591e-01
2.807807807807807876e+01 3.098814571122194828e-01
2.822822822822822886e+01 4.605401969744546409e-01
2.837837837837837895e+01 4.608802349061659198e-01
2.852852852852852905e+01 4.277918534000570427e-01
2.867867867867867915e+01 4.168534202351814044e-01
2.882882882882882924e+01 4.303753143849543550e-01
2.897897897897897934e+01 4.630262526719357563e-01
2.912912912912912944e+01 5.067242756316322483e-01
2.927927927927927954e+01 5.547463925047473321e-01
2.942942942942942963e+01 4.056072179883908335e-01
2.957957957957957973e+01 2.648922248807207835e-01
2.972972972972972983e+01 2.704821867199539431e-01
2.987987987987987992e+01 2.423619645441884296e-01
3.003003003003003002e+01 1.944268416231862973e-01
3.018018018018018012e+01 3.161666035258741680e-01
3.033033033033033021e+01 4.646409865046923771e-01
3.048048048048048031e+01 4.567364109371983005e-01
3.063063063063063041e+01 4.249365784720890993e-01
3.078078078078078050e+01 4.156001364092069550e-01
3.093093093093093060e+01 4.305856657757474726e-01
3.108108108108108070e+01 4.642506707460929971e-01
3.123123123123123079e+01 5.084991054324154991e-01
3.138138138138138089e+01 5.566734781790525499e-01
3.153153153153153099e+01 3.927128397117031766e-01
3.168168168168168108e+01 2.627258767080138391e-01
3.183183183183183118e+01 2.720472708410758833e-01
3.198198198198198128e+01 2.393391741778604642e-01
3.213213213213213493e+01 1.962077426765493904e-01
3.228228228228228147e+01 3.256808376715897291e-01
3.243243243243243512e+01 4.722241499279377086e-01
3.258258258258258167e+01 4.576943551718406500e-01
3.273273273273273531e+01 4.269725061555663115e-01
3.288288288288288186e+01 4.188364644387589375e-01
3.303303303303303551e+01 4.348344803704901618e-01
3.318318318318318205e+01 4.691773092241107723e-01
3.333333333333333570e+01 5.137736748388036512e-01
3.348348348348348225e+01 5.619973384844061393e-01
3.363363363363363590e+01 3.866443526499483418e-01
3.378378378378378244e+01 2.642072421606662669e-01
3.393393393393393609e+01 2.727709988494408377e-01
3.408408408408408263e+01 2.366904345694261780e-01
3.423423423423423628e+01 2.013932071466535412e-01
3.438438438438438283e+01 3.354349334346207745e-01
3.453453453453453648e+01 4.788838124940483221e-01
3.468468468468468302e+01 4.548337184727163640e-01
3.483483483483483667e+01 4.246429362152853715e-01
3.498498498498498321e+01 4.172424583031296152e-01
3.513513513513513686e+01 4.340430261210124208e-01
3.528528528528528341e+01 4.690169498468827469e-01
3.543543543543543706e+01 5.139484145162714901e-01
3.558558558558558360e+01 5.622270735558730914e-01
3.573573573573573725e+01 3.729012882110093186e-01
3.588588588588588379e+01 2.597639220707286256e-01
3.603603603603603744e+01 2.710594747983720021e-01
3.618618618618618399e+01 2.326407110117139632e-01
3.633633633633633764e+01 2.033899101256681219e-01
3.648648648648648418e+01 3.410351797116777384e-01
3.663663663663663783e+01 4.812851057258905052e-01
3.678678678678678438e+01 4.504743573419069946e-01
3.693693693693693803e+01 4.215967568040123736e-01
3.708708708708708457e+01 4.158636302183708611e-01
3.723723723723723822e+01 4.342215137190699736e-01
3.738738738738738476e+01 4.702188857634639341e-01
3.753753753753753841e+01 5.155978201581645770e-01
3.768768768768768496e+01 5.638971473050842231e-01
3.783783783783783861e+01 3.610659619332948767e-01
3.798798798798798515e+01 2.600416590982761456e-01
3.813813813813813880e+01 2.722235367820712293e-01
3.828828828828828534e+01 2.289783378372294009e-01
3.843843843843843899e+01 2.070081366115368304e-01
3.858858858858859264e+01 3.503231532728848241e-01
3.873873873873873919e+01 4.877044702166179468e-01
3.888888888888889284e+01 4.517627306204311521e-01
3.903903903903903938e+01 4.239699361569005953e-01
3.918918918918919303e+01 4.195126565328197166e-01
3.933933933933933957e+01 4.389518310275301594e-01
3.948948948948949322e+01 4.755816846498568951e-01
3.963963963963963977e+01 5.211787146429446294e-01
3.978978978978979342e+01 5.694174393764918074e-01
3.993993993993993996e+01 3.566568071981260357e-01
4.009009009009009361e+01 2.628028269639355874e-01
4.024024024024024015e+01 2.723737436233426568e-01
4.039039039039039380e+01 2.261022375526694217e-01
4.054054054054054035e+01 2.135311223411576753e-01
4.069069069069069400e+01 3.595698111796012952e-01
4.084084084084084054e+01 4.933380262125088844e-01
4.099099099099099419e+01 4.490612140804268182e-01
4.114114114114114074e+01 4.217931136114108637e-01
4.129129129129129439e+01 4.181776916971208791e-01
4.144144144144144093e+01 4.384723494066050109e-01
4.159159159159159458e+01 4.756411321528213332e-01
4.174174174174174112e+01 5.214362863506982748e-01
4.189189189189189477e+01 5.615678079317701910e-01
4.204204204204204132e+01 3.443320044587165896e-01
4.219219219219219497e+01 2.599052460563890943e-01
4.234234234234234151e+01 2.702645017477924849e-01
4.249249249249249516e+01 2.217288898305776190e-01
4.264264264264264170e+01 2.164674397034177522e-01
4.279279279279279535e+01 3.646273077053572842e-01
4.294294294294294190e+01 4.882148368574729669e-01
4.309309309309309555e+01 4.448002839981466949e-01
4.324324324324324209e+01 4.189327179435277659e-01
4.339339339339339574e+01 4.171048820106744714e-01
4.354354354354354228e+01 4.389087096482908734e-01
4.369369369369369593e+01 4.769193512378867017e-01
4.384384384384384248e+01 5.230107529871173000e-01
4.399399399399399613e+01 5.483766222879019603e-01
4.414414414414414267e+01 3.340620360705507941e-01
4.429429429429429632e+01 2.614381642435021913e-01
4.444444444444444287e+01 2.705234632339310052e-01
4.459459459459459651e+01 2.173314128524130029e-01
4.474474474474474306e+01 2.216330003310828800e-01
4.489489489489489671e+01 3.737727916428704167e-01
4.504504504504504325e+01 4.887402980068365488e-01
4.519519519519519690e+01 4.461093152988446220e-01
4.534534534534534345e+01 4.214539979067429831e-01
4.549549549549549710e+01 4.210031737385170336e-01
4.564564564564564364e+01 4.438052295879027498e-01
4.579579579579579729e+01 4.822883703939216393e-01
4.594594594594594383e+01 5.285118022717908426e-01
4.609609609609609748e+01 5.416526439715497743e-01
4.624624624624624403e+01 3.308525925975727144e-01
4.639639639639639768e+01 2.641891369111479260e-01
4.654654654654654422e+01 2.698071565221081269e-01
4.669669669669669787e+01 2.143383985067607023e-01
4.684684684684684441e+01 2.294249928781504910e-01
4.699699699699699806e+01 3.829880001473593421e-01
4.714714714714714461e+01 4.857302996093826875e-01
4.729729729729729826e+01 4.434068001198737674e-01
4.744744744744744480e+01 4.194376184361180426e-01
4.759759759759759845e+01 4.199158114131020247e-01
4.774774774774774500e+01 4.434659442462612344e-01
4.789789789789789864e+01 4.823494444530970759e-01
4.804804804804804519e+01 5.287352646400979017e-01
4.819819819819819884e+01 5.271069174587867945e-01
4.834834834834835249e+01 3.195246606692400682e-01
4.849849849849849903e+01 2.618624293664475466e-01
4.864864864864865268e+01 2.671257674941336924e-01
4.879879879879879923e+01 2.099087604769993287e-01
4.894894894894895288e+01 2.336720128642110761e-01
4.909909909909909942e+01 3.882404300105750106e-01
4.924924924924925307e+01 4.806365420461635729e-01
4.939939939939939961e+01 4.393004562891998366e-01
4.954954954954955326e+01 4.169188765095830362e-01
4.969969969969969981e+01 4.191827373481188390e-01
4.984984984984985346e+01 4.440467375038663067e-01
5.000000000000000000e+01 4.836267343838918653e-01
5.015015015015015365e+01 5.302917211447292223e-01
5.030030030030030019e+01 5.135913203648330150e-01
5.045045045045045384e+01 3.104551384447244988e-01
5.060060060060060039e+01 2.637576406440542143e-01
5.075075075075075404e+01 2.664576947677911867e-01
5.090090090090090058e+01 2.055054386311482573e-01
5.105105105105105423e+01 2.407763279503472853e-01
5.120120120120120077e+01 3.977909952897533685e-01
5.135135135135135442e+01 4.812150028072519903e-01
5.150150150150150097e+01 4.408188185653384994e-01
5.165165165165165462e+01 4.197794018332051125e-01
5.180180180180180116e+01 4.233307294078711980e-01
5.195195195195195481e+01 4.490089472683140293e-01
5.210210210210210136e+01 4.889917413453528927e-01
5.225225225225225500e+01 5.358200803587730432e-01
5.240240240240240155e+01 5.065751744081304908e-01
5.255255255255255520e+01 3.079379965765552951e-01
5.270270270270270174e+01 2.660770492463455650e-01
5.285285285285285539e+01 2.650276411074016791e-01
5.300300300300300194e+01 2.034340516182221448e-01
5.315315315315315559e+01 2.500271380928344445e-01
5.330330330330330213e+01 4.072163158440987307e-01
5.345345345345345578e+01 4.781738092213217994e-01
5.360360360360360232e+01 4.382321515776129717e-01
5.375375375375375597e+01 4.179552838239565804e-01
5.390390390390390252e+01 4.223362330628656625e-01
5.405405405405405617e+01 4.486465802507922374e-01
5.420420420420420271e+01 4.890322903870530369e-01
5.435435435435435636e+01 5.360745314569167475e-01
5.450450450450450290e+01 4.915532650809576465e-01
5.465465465465465655e+01 2.974027709108782447e-01
5.480480480480480310e+01 2.641520112739711990e-01
5.495495495495495675e+01 2.620041355113233439e-01
5.510510510510510329e+01 2.000019497295244530e-01
5.525525525525525694e+01 2.555089300134238961e-01
5.540540540540540349e+01 4.124667756386194983e-01
5.555555555555555713e+01 4.732102345451620340e-01
5.570570570570570368e+01 4.344241792799458102e-01
5.585585585585585733e+01 4.157645044305833260e-01
5.600600600600600387e+01 4.217824987273530724e-01
5.615615615615615752e+01 4.492885559209681134e-01
5.630630630630630407e+01 4.903681104600215446e-01
5.645645645645645772e+01 5.376966072384503637e-01
5.660660660660660426e+01 4.774960979479154766e-01
5.675675675675675791e+01 2.897769078946669241e-01
5.690690690690690445e+01 2.663438622599710315e-01
5.705705705705705810e+01 2.606505544855093892e-01
5.720720720720720465e+01 1.967427621187730624e-01
5.735735735735735830e+01 2.640244680723285997e-01
5.750750750750750484e+01 4.218103172797083023e-01
5.765765765765765849e+01 4.739278651010825905e-01
5.780780780780781214e+01 4.361905634678452381e-01
5.795795795795795868e+01 4.188171472489539138e-01
5.810810810810811233e+01 4.259828053911331458e-01
5.825825825825825888e+01 4.542694567993086352e-01
5.840840840840841253e+01 4.957952918743906978e-01
5.855855855855855907e+01 5.432829214576213595e-01
5.870870870870871272e+01 4.703263706983956682e-01
5.885885885885885926e+01 2.883949675040007321e-01
5.900900900900901291e+01 2.684898925087783605e-01
5.915915915915915946e+01 2.588545524403975673e-01
5.930930930930931311e+01 1.965474206961680126e-01
5.945945945945945965e+01 2.738896734764649232e-01
5.960960960960961330e+01 4.305572319376702595e-01
5.975975975975975985e+01 4.711080207507989948e-01
5.990990990990991349e+01 4.338645894553767035e-01
6.006006006006006004e+01 4.171765355953960808e-01
6.021021021021021369e+01 4.251093870761744054e-01
6.036036036036036023e+01 4.540616637248621190e-01
6.051051051051051388e+01 4.960227522617876583e-01
6.066066066066066043e+01 5.436746898663977756e-01
6.081081081081081408e+01 4.553255193340079998e-01
6.096096096096096062e+01 2.795270396085570153e-01
6.111111111111111427e+01 2.670599149380551984e-01
6.126126126126126081e+01 2.555908271570559442e-01
6.141141141141141446e+01 1.944739476063624961e-01
6.156156156156156101e+01 2.796173919073129954e-01
6.171171171171171466e+01 4.348581699284904678e-01
6.186186186186186120e+01 4.663249638817820175e-01
6.201201201201201485e+01 4.302528999856069514e-01
6.216216216216216139e+01 4.151262669804082206e-01
6.231231231231231504e+01 4.246766100518406528e-01
6.246246246246246159e+01 4.548479258408504311e-01
6.261261261261261524e+01 4.974737167650958858e-01
6.276276276276276178e+01 5.453094552385199245e-01
6.291291291291291543e+01 4.415542631111316618e-01
6.306306306306306197e+01 2.743873239545313591e-01
6.321321321321321562e+01 2.694465292440054727e-01
6.336336336336336217e+01 2.536094954248232503e-01
6.351351351351351582e+01 1.926833702132913495e-01
6.366366366366366236e+01 2.884214339130312110e-01
6.381381381381381601e+01 4.431047709079032337e-01
6.396396396396396256e+01 4.672105996554825058e-01
6.411411411411411621e+01 4.321392050185638989e-01
6.426426426426426985e+01 4.182415513134850049e-01
6.441441441441440929e+01 4.289628859599788346e-01
6.456456456456456294e+01 4.599471280112270577e-01
6.471471471471471659e+01 5.029645916028884223e-01
6.486486486486487024e+01 5.508497450498350823e-01
6.501501501501500968e+01 4.350718306165449190e-01
6.516516516516516333e+01 2.748221507045667811e-01
6.531531531531531698e+01 2.712828460052554846e-01
6.546546546546547063e+01 2.513780053334698228e-01
6.561561561561561007e+01 1.942114282783901080e-01
6.576576576576576372e+01 2.980020048476177408e-01
6.591591591591591737e+01 4.506592494361535417e-01
6.606606606606607102e+01 4.644165258742992686e-01
6.621621621621621046e+01 4.297727649893557378e-01
6.636636636636636410e+01 4.165848471396835229e-01
6.651651651651651775e+01 4.281810578800089861e-01
6.666666666666667140e+01 4.598603875117715512e-01
6.681681681681681084e+01 5.032248818214586361e-01
6.696696696696696449e+01 5.511677163212465036e-01
6.711711711711711814e+01 4.209008848736625619e-01
6.726726726726727179e+01 2.682125411814863525e-01
6.741741741741742544e+01 2.699473850455986201e-01
6.756756756756756488e+01 2.476837693409526531e-01
6.771771771771771853e+01 1.932178782019876029e-01
6.786786786786787218e+01 3.033585605402534524e-01
6.801801801801802583e+01 4.539411698479147717e-01
6.816816816816816527e+01 4.598115078841882863e-01
6.831831831831831892e+01 4.263387850662679335e-01
6.846846846846847257e+01 4.148082459719550363e-01
6.861861861861862621e+01 4.280865985584920153e-01
6.876876876876876565e+01 4.608977369268343338e-01
6.891891891891891930e+01 5.047636550412717416e-01
6.906906906906907295e+01 5.527768573390920981e-01
6.921921921921922660e+01 4.081414673583276809e-01
6.936936936936936604e+01 2.657602161923733886e-01
6.951951951951951969e+01 2.719426329065273706e-01
6.966966966966967334e+01 2.447733755754517848e-01
6.981981981981982699e+01 1.929597281445504520e-01
6.996996996996996643e+01 3.121925918800257937e-01
7.012012012012012008e+01 4.614595093765586631e-01
7.027027027027027373e+01 4.608084092821192468e-01
7.042042042042042738e+01 4.283604490449277602e-01
7.057057057057056682e+01 4.181720325336987787e-01
7.072072072072072046e+01 4.326507582749355429e-01
7.087087087087087411e+01 4.661562376416717446e-01
7.102102102102102776e+01 5.102706099435569964e-01
7.117117117117116720e+01 5.582723633572509447e-01
7.132132132132132085e+01 4.027292095576842090e-01
7.147147147147147450e+01 2.675348842660697501e-01
7.162162162162162815e+01 2.730256409502707093e-01
7.177177177177176759e+01 2.419226285503082441e-01
7.192192192192192124e+01 1.963243326240041997e-01
7.207207207207207489e+01 3.216558376722916668e-01
7.222222222222222854e+01 4.685691629568413674e-01
7.237237237237236798e+01 4.579716850768722480e-01
7.252252252252252163e+01 4.260190935879183405e-01
7.267267267267267528e+01 4.166904297289489856e-01
7.282282282282282893e+01 4.320581757777006704e-01
7.297297297297296836e+01 4.661241731597753346e-01
7.312312312312312201e+01 5.104721830771851154e-01
7.327327327327327566e+01 5.585199048189314341e-01
7.342342342342342931e+01 3.893252686634983695e-01
7.357357357357356875e+01 2.625090611990232858e-01
7.372372372372372240e+01 2.712945012632226871e-01
7.387387387387387605e+01 2.376602394759849135e-01
7.402402402402402970e+01 1.969399268897993049e-01
7.417417417417416914e+01 3.271400469539370581e-01
7.432432432432432279e+01 4.716944338760969968e-01
7.447447447447447644e+01 4.533930406226491794e-01
7.462462462462463009e+01 4.227691693991184607e-01
7.477477477477476953e+01 4.152358656550249605e-01
7.492492492492492318e+01 4.321933431221878230e-01
7.507507507507507682e+01 4.671958053953680357e-01
7.522522522522523047e+01 5.119426460380018806e-01
7.537537537537536991e+01 5.600664985713333932e-01
7.552552552552552356e+01 3.772663370040841846e-01
7.567567567567567721e+01 2.617234357912767706e-01
7.582582582582583086e+01 2.725199904637776172e-01
7.597597597597597030e+01 2.338779987045014330e-01
7.612612612612612395e+01 1.992125981700414161e-01
7.627627627627627760e+01 3.365692361331744653e-01
7.642642642642643125e+01 4.791719026548195148e-01
7.657657657657657069e+01 4.545108328333888337e-01
7.672672672672672434e+01 4.250836849174391974e-01
7.687687687687687799e+01 4.189531927814171830e-01
7.702702702702703164e+01 4.369585787502860419e-01
7.717717717717718529e+01 4.724938677394550646e-01
7.732732732732732472e+01 5.174525917694032806e-01
7.747747747747747837e+01 5.656010106677668015e-01
7.762762762762763202e+01 3.724180754613656830e-01
7.777777777777778567e+01 2.638460391236224778e-01
7.792792792792792511e+01 2.727513629673500306e-01
7.807807807807807876e+01 2.307202003762117981e-01
7.822822822822823241e+01 2.051337942693675920e-01
7.837837837837838606e+01 3.464934292421638640e-01
7.852852852852852550e+01 4.862531287109480016e-01
7.867867867867867915e+01 4.517802058953110378e-01
7.882882882882883280e+01 4.230053614230182557e-01
7.897897897897898645e+01 4.177514029823023445e-01
7.912912912912912589e+01 4.364986419270453499e-01
7.927927927927927954e+01 4.724920688518363110e-01
7.942942942942943318e+01 5.176991787397560163e-01
7.957957957957958683e+01 5.659353712166289574e-01
7.972972972972972627e+01 3.593037896206396353e-01
7.987987987987987992e+01 2.598300068994663370e-01
8.003003003003003357e+01 2.706346268063070659e-01
8.018018018018018722e+01 2.263445229462605623e-01
8.033033033033032666e+01 2.080546555629105010e-01
8.048048048048048031e+01 3.524443739688367661e-01
8.063063063063063396e+01 4.891425796153614503e-01
8.078078078078078761e+01 4.473513191008153256e-01
8.093093093093092705e+01 4.200578087296956697e-01
8.108108108108108070e+01 4.165463241690672835e-01
8.123123123123123435e+01 4.367001454700929486e-01
8.138138138138138800e+01 4.735458894185404777e-01
8.153153153153152743e+01 5.191694780987446967e-01
8.168168168168168108e+01 5.669899520386665337e-01
8.183183183183183473e+01 3.476986582705368645e-01
8.198198198198198838e+01 2.602575665210208888e-01
8.213213213213212782e+01 2.711786516447756146e-01
8.228228228228228147e+01 2.222907477602258652e-01
8.243243243243243512e+01 2.131564622291672872e-01
8.258258258258258877e+01 3.623887424075431518e-01
8.273273273273272821e+01 4.923115812503007782e-01
8.288288288288288186e+01 4.486402876714676857e-01
8.303303303303303551e+01 4.226140609886475108e-01
8.318318318318318916e+01 4.203841994190272713e-01
8.333333333333332860e+01 4.414507788306058500e-01
8.348348348348348225e+01 4.788282658361116551e-01
8.363363363363363590e+01 5.247092031196625150e-01
8.378378378378378954e+01 5.595690941683045816e-01
8.393393393393392898e+01 3.432585839410881579e-01
8.408408408408408263e+01 2.626367190553028919e-01
8.423423423423423628e+01 2.708267259369304125e-01
8.438438438438438993e+01 2.195441299201669749e-01
8.453453453453452937e+01 2.211879714836781363e-01
8.468468468468468302e+01 3.723609558138178954e-01
8.483483483483483667e+01 4.892845964566207573e-01
8.498498498498499032e+01 4.460256119819652199e-01
8.513513513513512976e+01 4.206552397580463065e-01
8.528528528528528341e+01 4.191994922213670427e-01
8.543543543543543706e+01 4.409658870637789274e-01
8.558558558558559071e+01 4.788545426813968775e-01
8.573573573573573015e+01 5.250150503455831563e-01
8.588588588588588379e+01 5.442844939670838933e-01
8.603603603603603744e+01 3.307853685619939754e-01
8.618618618618619109e+01 2.598492723237456614e-01
8.633633633633633053e+01 2.685292656711724124e-01
8.648648648648648418e+01 2.155733563132094521e-01
8.663663663663663783e+01 2.255786027576213992e-01
8.678678678678679148e+01 3.780100907042340252e-01
8.693693693693694513e+01 4.841722326288271372e-01
8.708708708708708457e+01 4.419424048931443472e-01
8.723723723723723822e+01 4.180380089333494698e-01
8.738738738738739187e+01 4.182267077334601013e-01
8.753753753753754552e+01 4.413584883519703905e-01
8.768768768768768496e+01 4.801050245209745881e-01
8.783783783783783861e+01 5.266357722064319846e-01
8.798798798798799226e+01 5.301855491891620531e-01
8.813813813813814591e+01 3.205401929977507169e-01
8.828828828828828534e+01 2.616091173797089331e-01
8.843843843843843899e+01 2.684989430155373946e-01
8.858858858858859264e+01 2.116514159950910190e-01
8.873873873873874629e+01 2.322756180606468379e-01
8.888888888888888573e+01 3.875037384889092884e-01
8.903903903903903938e+01 4.847109556557782639e-01
8.918918918918919303e+01 4.434009646895406553e-01
8.933933933933934668e+01 4.206798905500044872e-01
8.948948948948948612e+01 4.220791914886842244e-01
8.963963963963963977e+01 4.461490557345336727e-01
8.978978978978979342e+01 4.854507699381922503e-01
8.993993993993994707e+01 5.321790615460516571e-01
9.009009009009008651e+01 5.227113511860344008e-01
9.024024024024024015e+01 3.173787663151452776e-01
9.039039039039039380e+01 2.643762318765865427e-01
9.054054054054054745e+01 2.676652639878472351e-01
9.069069069069068689e+01 2.095362537560334359e-01
9.084084084084084054e+01 2.409806859322441985e-01
9.099099099099099419e+01 3.965753960650751364e-01
9.114114114114114784e+01 4.818183326785158149e-01
9.129129129129128728e+01 4.408943852724017121e-01
9.144144144144144093e+01 4.187714083578928381e-01
9.159159159159159458e+01 4.209787048764649375e-01
9.174174174174174823e+01 4.458253758949594081e-01
9.189189189189188767e+01 4.856285565083359179e-01
9.204204204204204132e+01 5.325371527790979664e-01
9.219219219219219497e+01 5.076806593694591641e-01
9.234234234234234862e+01 3.065355945419345196e-01
9.249249249249248805e+01 2.626581174266064411e-01
9.264264264264264170e+01 2.650196071365422679e-01
9.279279279279279535e+01 2.057733909101279735e-01
9.294294294294294900e+01 2.456622854736598416e-01
9.309309309309308844e+01 4.012782484422873219e-01
9.324324324324324209e+01 4.769045224540158223e-01
9.339339339339339574e+01 4.369903662805271760e-01
9.354354354354354939e+01 4.163432013667126008e-01
9.369369369369368883e+01 4.202686022813253430e-01
9.384384384384384248e+01 4.464973601146046134e-01
9.399399399399399613e+01 4.870581751754488598e-01
9.414414414414414978e+01 5.341950836878502917e-01
9.429429429429428922e+01 4.939849542698371287e-01
9.444444444444444287e+01 2.985635858168086409e-01
9.459459459459459651e+01 2.651608373081910108e-01
9.474474474474475016e+01 2.641874703286191117e-01
9.489489489489488960e+01 2.018450982228369717e-01
9.504504504504504325e+01 2.529881529246787442e-01
9.519519519519519690e+01 4.100014184317889998e-01
9.534534534534535055e+01 4.776170740329854225e-01
9.549549549549548999e+01 4.385802403957158591e-01
9.564564564564564364e+01 4.191494046752453073e-01
9.579579579579579729e+01 4.243654360082668164e-01
9.594594594594595094e+01 4.515147462124537991e-01
9.609609609609609038e+01 4.925063495181812856e-01
9.624624624624624403e+01 5.397197759879572843e-01
9.639639639639639768e+01 4.872836062632077692e-01
9.654654654654655133e+01 2.972338815069185958e-01
9.669669669669670498e+01 2.677442861294505039e-01
9.684684684684684441e+01 2.626315833313734860e-01
9.699699699699699806e+01 2.002801503868429367e-01
9.714714714714715171e+01 2.618632256600456065e-01
9.729729729729730536e+01 4.183420168345952095e-01
9.744744744744744480e+01 4.747318010905939856e-01
9.759759759759759845e+01 4.360462886433809637e-01
9.774774774774775210e+01 4.173144761503920774e-01
9.789789789789790575e+01 4.234566546198260117e-01
9.804804804804804519e+01 4.513424388945782573e-01
9.819819819819819884e+01 4.926993080105449563e-01
9.834834834834835249e+01 5.400052122163504498e-01
9.849849849849850614e+01 4.728985396081388237e-01
9.864864864864864558e+01 2.881900840953705023e-01
9.879879879879879923e+01 2.662811009798679573e-01
9.894894894894895288e+01 2.593943601331470394e-01
9.909909909909910652e+01 1.968282366449432830e-01
9.924924924924924596e+01 2.667959986351144952e-01
9.939939939939939961e+01 4.226102058002542683e-01
9.954954954954955326e+01 4.698368042106749742e-01
9.969969969969970691e+01 4.322111757857776682e-01
9.984984984984984635e+01 4.151159867622766786e-01
1.000000000000000000e+02 4.230270000561447419e-01
1.001501501501501536e+02 4.521462175241772741e-01
1.003003003003003073e+02 4.940887134382262458e-01
1.004504504504504467e+02 5.415556494596817094e-01
1.006006006006006004e+02 4.595914434274879778e-01
1.007507507507507540e+02 2.823053415517849385e-01
1.009009009009009077e+02 2.686078217808508528e-01
1.010510510510510471e+02 2.575270506595186415e-01
1.012012012012012008e+02 1.934800809345839090e-01
1.013513513513513544e+02 2.749813949784490341e-01
1.015015015015015081e+02 4.312483058449861351e-01
1.016516516516516475e+02 4.706098208794597393e-01
1.018018018018018012e+02 4.339656128273463032e-01
1.019519519519519548e+02 4.182407002491213555e-01
1.021021021021021085e+02 4.274217134165159138e-01
1.022522522522522479e+02 4.572895317300866291e-01
1.024024024024024015e+02 4.995375509518537593e-01
1.025525525525525552e+02 5.470696949892547289e-01
1.027027027027027088e+02 4.533622245531486183e-01
1.028528528528528483e+02 2.821469351339719323e-01
1.030030030030030019e+02 2.704538154733717170e-01
1.031531531531531556e+02 2.552097074829503542e-01
1.033033033033033092e+02 1.934605875223140425e-01
1.034534534534534487e+02 2.845307673412250105e-01
1.036036036036036023e+02 4.396453261677184532e-01
1.037537537537537560e+02 4.676910306835377895e-01
1.039039039039039096e+02 4.315235801295896345e-01
1.040540540540540491e+02 4.166340692623696218e-01
1.042042042042042027e+02 4.266912043170211777e-01
1.043543543543543564e+02 4.571433422543009217e-01
1.045045045045045100e+02 4.996907808188256195e-01
1.046546546546546494e+02 5.473483871978623849e-01
1.048048048048048031e+02 4.390613275087713596e-01
1.049549549549549567e+02 2.743275481375842539e-01
1.051051051051051104e+02 2.688293040418270330e-01
1.052552552552552498e+02 2.514638416812300936e-01
1.054054054054054035e+02 1.915834329011809334e-01
1.055555555555555571e+02 2.902530490412636999e-01
1.057057057057057108e+02 4.440232617924995684e-01
1.058558558558558644e+02 4.629109466867578626e-01
1.060060060060060039e+02 4.279970374283206258e-01
1.061561561561561575e+02 4.148439215577986450e-01
1.063063063063063112e+02 4.265254825528851934e-01
1.064564564564564648e+02 4.580245683491693254e-01
1.066066066066066043e+02 5.011024598479442149e-01
1.067567567567567579e+02 5.489429351956522929e-01
1.069069069069069116e+02 4.257532736608808932e-01
1.070570570570570652e+02 2.701784636223425462e-01
1.072072072072072046e+02 2.707438266561144058e-01
1.073573573573573583e+02 2.487796855011329134e-01
1.075075075075075119e+02 1.905474028045780199e-01
1.076576576576576656e+02 2.995718279217446378e-01
1.078078078078078050e+02 4.526869819893338809e-01
1.079579579579579587e+02 4.637599519394735581e-01
1.081081081081081123e+02 4.299824030734201163e-01
1.082582582582582660e+02 4.181960342862170443e-01
1.084084084084084054e+02 4.309750050827841905e-01
1.085585585585585591e+02 4.631154431989147890e-01
1.087087087087087127e+02 5.065205452713759104e-01
1.088588588588588664e+02 5.544652257789511873e-01
1.090090090090090058e+02 4.194274764342749706e-01
1.091591591591591595e+02 2.707131601736288973e-01
1.093093093093093131e+02 2.719524347303682865e-01
1.094594594594594668e+02 2.461361003876325060e-01
1.096096096096096062e+02 1.934786520116747732e-01
1.097597597597597598e+02 3.097899354918836612e-01
1.099099099099099135e+02 4.608031999177652493e-01
1.100600600600600671e+02 4.608864774499094596e-01
1.102102102102102066e+02 4.276958062215269196e-01
1.103603603603603602e+02 4.167013505043151156e-01
1.105105105105105139e+02 4.302325677433556650e-01
1.106606606606606675e+02 4.629314728636639842e-01
1.108108108108108070e+02 5.066891620239418748e-01
1.109609609609609606e+02 5.547761192387521412e-01
1.111111111111111143e+02 4.050246881025248991e-01
1.112612612612612679e+02 2.642954105336025594e-01
1.114114114114114074e+02 2.703048183933056681e-01
1.115615615615615610e+02 2.422478608428112190e-01
1.117117117117117147e+02 1.940515393570754199e-01
1.118618618618618683e+02 3.159406813728363739e-01
1.120120120120120077e+02 4.645657413775283739e-01
1.121621621621621614e+02 4.563476670162505133e-01
1.123123123123123150e+02 4.245062678786252763e-01
1.124624624624624687e+02 4.151762109790462785e-01
1.126126126126126081e+02 4.302112072206923377e-01
1.127627627627627618e+02 4.639344426232261398e-01
1.129129129129129154e+02 5.082344566585392798e-01
1.130630630630630691e+02 5.564569965743642044e-01
1.132132132132132085e+02 3.919724634142557340e-01
1.133633633633633622e+02 2.622858344285512455e-01
1.135135135135135158e+02 2.719413461480694183e-01
1.136636636636636695e+02 2.391279244270380910e-01
1.138138138138138089e+02 1.959025643904110658e-01
1.139639639639639626e+02 3.256717889236614427e-01
1.141141141141141162e+02 4.722776762920570803e-01
1.142642642642642699e+02 4.574618565264916836e-01
1.144144144144144093e+02 4.267617971536901700e-01
1.145645645645645629e+02 4.186827177981105597e-01
1.147147147147147166e+02 4.347475991713716792e-01
1.148648648648648702e+02 4.691424131205758630e-01
1.150150150150150097e+02 5.137770424164251892e-01
1.151651651651651633e+02 5.620330421766530637e-01
1.153153153153153170e+02 3.861801158580697724e-01
1.154654654654654706e+02 2.640414473275449758e-01
1.156156156156156243e+02 2.727235800288019818e-01
1.157657657657657637e+02 2.364581460380404399e-01
1.159159159159159174e+02 2.012729965876067229e-01
1.160660660660660710e+02 3.356593871741871404e-01
1.162162162162162247e+02 4.791377746237184820e-01
1.163663663663663641e+02 4.547737985011716666e-01
1.165165165165165178e+02 4.246117744216467149e-01
1.166666666666666714e+02 4.172630708508606734e-01
1.168168168168168251e+02 4.341128470965807118e-01
1.169669669669669645e+02 4.691210134340454974e-01
1.171171171171171181e+02 5.140784829913100928e-01
1.172672672672672718e+02 5.623794610840997521e-01
1.174174174174174254e+02 3.725569970681158471e-01
1.175675675675675649e+02 2.596685778975093561e-01
1.177177177177177185e+02 2.710353293388391704e-01
1.178678678678678722e+02 2.324851500129508364e-01
1.180180180180180258e+02 2.034167041975604995e-01
1.181681681681681653e+02 3.412978296563723424e-01
1.183183183183183189e+02 4.815416816226825159e-01
1.184684684684684726e+02 4.504163379397310707e-01
1.186186186186186262e+02 4.215637297018005603e-01
1.187687687687687657e+02 4.158672437875741146e-01
1.189189189189189193e+02 4.342548830737272825e-01
1.190690690690690730e+02 4.702727965694856183e-01
1.192192192192192266e+02 5.156698785816465902e-01
1.193693693693693660e+02 5.639851891209470836e-01
1.195195195195195197e+02 3.606692295391150660e-01
1.196696696696696733e+02 2.599295954873779291e-01
1.198198198198198270e+02 2.721755123589996161e-01
1.199699699699699664e+02 2.288283190392552957e-01
1.201201201201201201e+02 2.071031434186766385e-01
1.202702702702702737e+02 3.505834993442313863e-01
1.204204204204204274e+02 4.879070976539979232e-01
1.205705705705705668e+02 4.516848368904019528e-01
1.207207207207207205e+02 4.239308034918223833e-01
1.208708708708708741e+02 4.195162836716623822e-01
1.210210210210210278e+02 4.389865523084513499e-01
1.211711711711711672e+02 4.756378103500531473e-01
1.213213213213213209e+02 5.212521236024043603e-01
1.214714714714714745e+02 5.695020114235298525e-01
1.216216216216216282e+02 3.562664099835008980e-01
1.217717717717717676e+02 2.627328951801437551e-01
1.219219219219219212e+02 2.723319055488370166e-01
1.220720720720720749e+02 2.259561968401095078e-01
1.222222222222222285e+02 2.136955939212277222e-01
1.223723723723723680e+02 3.598751705731876860e-01
1.225225225225225216e+02 4.932631637612162057e-01
1.226726726726726753e+02 4.490149802205720686e-01
1.228228228228228289e+02 4.217901580760640146e-01
1.229729729729729684e+02 4.182166803547966438e-01
1.231231231231231220e+02 4.385417028671643735e-01
1.232732732732732757e+02 4.757330254799783109e-01
1.234234234234234293e+02 5.215448623401212069e-01
1.235735735735735688e+02 5.611515577133576738e-01
1.237237237237237224e+02 3.439847013514449325e-01
1.238738738738738761e+02 2.598834628415838122e-01
1.240240240240240297e+02 2.702368964437825705e-01
1.241741741741741691e+02 2.216093625099662956e-01
1.243243243243243228e+02 2.166842261738712305e-01
1.244744744744744764e+02 3.649473640015865605e-01
1.246246246246246301e+02 4.881137587278984724e-01
1.247747747747747695e+02 4.447245432910602592e-01
1.249249249249249232e+02 4.188922987761345973e-01
1.250750750750750768e+02 4.170997600643470693e-01
1.252252252252252305e+02 4.389345965443119946e-01
1.253753753753753841e+02 4.769718015833447344e-01
1.255255255255255236e+02 5.230814184622556429e-01
1.256756756756756772e+02 5.478887665918058536e-01
1.258258258258258309e+02 3.336762343696405564e-01
1.259759759759759845e+02 2.614176928542891187e-01
1.261261261261261239e+02 2.704940059553022635e-01
1.262762762762762776e+02 2.172281530416466377e-01
1.264264264264264312e+02 2.218721216432450183e-01
1.265765765765765849e+02 3.740715889315830989e-01
1.267267267267267243e+02 4.886230181980580900e-01
1.268768768768768780e+02 4.460204586326340093e-01
1.270270270270270316e+02 4.213999084002636453e-01
1.271771771771771853e+02 4.209852818146975761e-01
1.273273273273273247e+02 4.438223397635028822e-01
1.274774774774774784e+02 4.823343806973016124e-01
1.276276276276276320e+02 5.285741262026032450e-01
1.277777777777777857e+02 5.411658494427157295e-01
1.279279279279279251e+02 3.304979049861092588e-01
1.280780780780780788e+02 2.641919574647393909e-01
1.282282282282282324e+02 2.697739549847360530e-01
1.283783783783783861e+02 2.142361838182012257e-01
1.285285285285285397e+02 2.296671797416695582e-01
1.286786786786786934e+02 3.832691725395948046e-01
1.288288288288288186e+02 4.856325153173736142e-01
1.289789789789789722e+02 4.433381064083792844e-01
1.291291291291291259e+02 4.194031848037597654e-01
1.292792792792792795e+02 4.199203999475413784e-01
1.294294294294294332e+02 4.435098160737149242e-01
1.295795795795795868e+02 4.824227944307137861e-01
1.297297297297297405e+02 5.288215222512295810e-01
1.298798798798798941e+02 5.266657689293412492e-01
1.300300300300300194e+02 3.192358582857326432e-01
1.301801801801801730e+02 2.619039353096398459e-01
1.303303303303303267e+02 2.670983306545228753e-01
1.304804804804804803e+02 2.098128679991916323e-01
1.306306306306306340e+02 2.339081274705782088e-01
1.307807807807807876e+02 3.884986380809689055e-01
1.309309309309309413e+02 4.805906054577290254e-01
1.310810810810810949e+02 4.392831621943574238e-01
1.312312312312312201e+02 4.169341035856493627e-01
1.313813813813813738e+02 4.192359714555900507e-01
1.315315315315315274e+02 4.441360142334689343e-01
1.316816816816816811e+02 4.837384567102451238e-01
1.318318318318318347e+02 5.304085479317552920e-01
1.319819819819819884e+02 5.131672671645086670e-01
1.321321321321321420e+02 3.102126896996504901e-01
1.322822822822822957e+02 2.638090911576379538e-01
1.324324324324324209e+02 2.664023199340312953e-01
1.325825825825825746e+02 2.053788880823634588e-01
1.327327327327327282e+02 2.410057064362507440e-01
1.328828828828828819e+02 3.980310783605296443e-01
1.330330330330330355e+02 4.811083388007579287e-01
1.331831831831831892e+02 4.407314629972502451e-01
1.333333333333333428e+02 4.197223777564854652e-01
1.334834834834834965e+02 4.233188863773230115e-01
1.336336336336336217e+02 4.490413094758746726e-01
1.337837837837837753e+02 4.890502856516545926e-01
1.339339339339339290e+02 5.358854015468935694e-01
1.340840840840840826e+02 5.061726672623934054e-01
1.342342342342342363e+02 3.077137445267121851e-01
1.343843843843843899e+02 2.661312400317129567e-01
1.345345345345345436e+02 2.649922495494830832e-01
1.346846846846846972e+02 2.033374147227129669e-01
1.348348348348348509e+02 2.502308726324837251e-01
1.349849849849849761e+02 4.074211023734067294e-01
1.351351351351351298e+02 4.780860700513939743e-01
1.352852852852852834e+02 4.381611083684073260e-01
1.354354354354354371e+02 4.179144107690664911e-01
1.355855855855855907e+02 4.223399842930602999e-01
1.357357357357357444e+02 4.486889169386682474e-01
1.358858858858858980e+02 4.890928003464114493e-01
1.360360360360360517e+02 5.361368962845070030e-01
1.361861861861861769e+02 4.911302233575656206e-01
1.363363363363363305e+02 2.971807075208813265e-01
1.364864864864864842e+02 2.641894156495895318e-01
1.366366366366366378e+02 2.619253908802254283e-01
1.367867867867867915e+02 1.998616940282710308e-01
1.369369369369369451e+02 2.557152063342629789e-01
1.370870870870870988e+02 4.126753255656818720e-01
1.372372372372372524e+02 4.731237280202953421e-01
1.373873873873873777e+02 4.343623425473071564e-01
1.375375375375375313e+02 4.157469572663007873e-01
1.376876876876876850e+02 4.218202831683675602e-01
1.378378378378378386e+02 4.493661811714607657e-01
1.379879879879879923e+02 4.904610275565165489e-01
1.381381381381381459e+02 5.377898587286142895e-01
1.382882882882882996e+02 4.771399049936368986e-01
1.384384384384384532e+02 2.896322567855383334e-01
1.385885885885885784e+02 2.664023470336422950e-01
1.387387387387387321e+02 2.605708974631357200e-01
1.388888888888888857e+02 1.966106467962401017e-01
1.390390390390390394e+02 2.642483175336378109e-01
1.391891891891891930e+02 4.220404098270416071e-01
1.393393393393393467e+02 4.738157426063820954e-01
1.394894894894895003e+02 4.360954017769221314e-01
1.396396396396396540e+02 4.187620269554456764e-01
1.397897897897897792e+02 4.259783604534062018e-01
1.399399399399399329e+02 4.542999172034031807e-01
1.400900900900900865e+02 4.958398795673995552e-01
1.402402402402402402e+02 5.433314527421959639e-01
1.403903903903903938e+02 4.699106815733654630e-01
1.405405405405405475e+02 2.881945688066692712e-01
1.406906906906907011e+02 2.685082225817239099e-01
1.408408408408408548e+02 2.587553846513947486e-01
1.409909909909909800e+02 1.964307009148316407e-01
1.411411411411411336e+02 2.741230519140762656e-01
1.412912912912912873e+02 4.307903082954261387e-01
1.414414414414414409e+02 4.709001067550070418e-01
1.415915915915915946e+02 4.336743378557353368e-01
1.417417417417417482e+02 4.170315863710540305e-01
1.418918918918919019e+02 4.250200748974463094e-01
1.420420420420420555e+02 4.540113024888987048e-01
1.421921921921921808e+02 4.959923599182665122e-01
1.423423423423423344e+02 5.436555741376851714e-01
1.424924924924924881e+02 4.548567840787012817e-01
1.426426426426426417e+02 2.792909514541285221e-01
1.427927927927927954e+02 2.670649491913191231e-01
1.429429429429429490e+02 2.554831670171767155e-01
1.430930930930931027e+02 1.943731391462691915e-01
1.432432432432432563e+02 2.798696623905536085e-01
1.433933933933933815e+02 4.351082360110499203e-01
1.435435435435435352e+02 4.662030824446327104e-01
1.436936936936936888e+02 4.301655865046510874e-01
1.438438438438438425e+02 4.150953058532579898e-01
1.439939939939939961e+02 4.246981454389106014e-01
1.441441441441441498e+02 4.548987395768339659e-01
1.442942942942943034e+02 4.975377473581208965e-01
1.444444444444444571e+02 5.453810778759731193e-01
1.445945945945946107e+02 4.411581499641571424e-01
1.447447447447447360e+02 2.742391912757237704e-01
1.448948948948948896e+02 2.694652444561722038e-01
1.450450450450450433e+02 2.534888215439264347e-01
1.451951951951951969e+02 1.926242840155183711e-01
1.453453453453453506e+02 2.887297078743338297e-01
1.454954954954955042e+02 4.434015042584579236e-01
1.456456456456456579e+02 4.671462004966771553e-01
1.457957957957958115e+02 4.321142476057265869e-01
1.459459459459459367e+02 4.182705830998503793e-01
1.460960960960960904e+02 4.290348654820549390e-01
1.462462462462462440e+02 4.600412462389119050e-01
1.463963963963963977e+02 5.030704433064177028e-01
1.465465465465465513e+02 5.509630880714794232e-01
1.466966966966967050e+02 4.346960610905503120e-01
1.468468468468468586e+02 2.746888941495810310e-01
1.469969969969970123e+02 2.712968563069065864e-01
1.471471471471471375e+02 2.512685042278117176e-01
1.472972972972972912e+02 1.942151264519180187e-01
1.474474474474474448e+02 2.983224296434341394e-01
1.475975975975975985e+02 4.509514828611050352e-01
1.477477477477477521e+02 4.643401349198951755e-01
1.478978978978979058e+02 4.297332690138504496e-01
1.480480480480480594e+02 4.165911932221218472e-01
1.481981981981982130e+02 4.282223721215059897e-01
1.483483483483483383e+02 4.599224793063182992e-01
1.484984984984984919e+02 5.033014687539477672e-01
1.486486486486486456e+02 5.512535553668085342e-01
1.487987987987987992e+02 4.204801741500546752e-01
1.489489489489489529e+02 2.680575702594955034e-01
1.490990990990991065e+02 2.699484577838821009e-01
1.492492492492492602e+02 2.475758238998582161e-01
1.493993993993994138e+02 1.932672329662022681e-01
1.495495495495495391e+02 3.036819935931623915e-01
1.496996996996996927e+02 4.542081429468161624e-01
1.498498498498498464e+02 4.597490311569243371e-01
1.500000000000000000e+02 4.263190202241413651e-01
