0.000000000000000000e+00 9.632325591605696014e-01
1.501501501501501523e-01 8.740162091186224336e-01
3.003003003003003046e-01 6.910163048316373402e-01
4.504504504504504570e-01 4.962834619682942039e-01
6.006006006006006093e-01 4.315886827312037100e-01
7.507507507507507061e-01 4.315751307604771547e-01
9.009009009009009139e-01 4.230205849937980211e-01
1.051051051051051122e+00 4.066268366217026808e-01
1.201201201201201219e+00 4.125523139699352471e-01
1.351351351351351315e+00 4.302099860750035476e-01
1.501501501501501412e+00 4.663303355426827168e-01
1.651651651651651731e+00 4.746694299659070526e-01
1.801801801801801828e+00 4.333942974524618297e-01
1.951951951951951925e+00 4.033702027795018630e-01
2.102102102102102243e+00 3.904042706684461295e-01
2.252252252252252340e+00 4.202186142746776598e-01
2.402402402402402437e+00 4.297583973758272724e-01
2.552552552552552534e+00 3.988338747048061350e-01
2.702702702702702631e+00 3.894780994184137146e-01
2.852852852852852727e+00 4.253638628121622078e-01
3.003003003003002824e+00 4.635879945934393009e-01
3.153153153153153365e+00 4.833359556733654583e-01
3.303303303303303462e+00 3.232079480473216138e-01
3.453453453453453559e+00 2.783948230582123928e-01
3.603603603603603656e+00 2.657875803099295497e-01
3.753753753753753752e+00 2.500346837678796841e-01
3.903903903903903849e+00 2.546694472270082388e-01
4.054054054054054390e+00 2.599775281772744306e-01
4.204204204204204487e+00 2.568714745990934856e-01
4.354354354354354584e+00 1.794410289585436913e-01
4.504504504504504681e+00 2.693163454322397565e-01
4.654654654654654777e+00 3.793403841924017361e-01
4.804804804804804874e+00 4.076192378035153885e-01
4.954954954954954971e+00 4.242380171775699260e-01
5.105105105105105068e+00 4.543642490496209718e-01
5.255255255255255165e+00 4.738719953459310519e-01
5.405405405405405261e+00 3.185371851230567875e-01
5.555555555555555358e+00 1.666458745431220745e-01
5.705705705705705455e+00 2.034526417044025537e-01
5.855855855855855552e+00 2.191762994155703470e-01
6.006006006006005649e+00 2.177220850770600069e-01
6.156156156156156634e+00 2.211701139658449888e-01
6.306306306306306730e+00 2.233851860918451282e-01
6.456456456456456827e+00 1.607744941600078026e-01
6.606606606606606924e+00 1.199188369053875991e-01
6.756756756756757021e+00 2.160857465556937362e-01
6.906906906906907118e+00 2.388915600104979942e-01
7.057057057057057214e+00 2.441967977807101564e-01
7.207207207207207311e+00 2.737264746831051809e-01
7.357357357357357408e+00 2.931308072733795900e-01
7.507507507507507505e+00 1.792482252472236970e-01
7.657657657657657602e+00 3.895653088065997166e-02
7.807807807807807698e+00 1.619277221483916285e-01
7.957957957957957795e+00 1.859635494052129800e-01
8.108108108108108780e+00 2.072654538406585589e-01
8.258258258258258877e+00 2.413435784069729029e-01
8.408408408408408974e+00 2.474276342492617020e-01
8.558558558558559071e+00 1.160296301236310723e-01
8.708708708708709167e+00 8.716913766459663537e-02
8.858858858858859264e+00 1.427533836155440439e-01
9.009009009009009361e+00 1.653596239832873793e-01
9.159159159159159458e+00 1.956161085304488345e-01
9.309309309309309555e+00 2.292941325224750471e-01
9.459459459459459651e+00 2.333662894080290595e-01
9.609609609609609748e+00 3.983852441218651346e-10
9.759759759759759845e+00 1.044865259931756774e-01
9.909909909909909942e+00 2.164630780695633028e-01
1.006006006006006004e+01 2.391928248154644165e-01
1.021021021021021014e+01 2.625113978265520287e-01
1.036036036036036023e+01 2.976312852412669185e-01
1.051051051051051033e+01 2.976883931611621348e-01
1.066066066066066043e+01 1.469306535752069320e-01
1.081081081081081052e+01 2.320243639466670673e-09
1.096096096096096062e+01 1.703647339975700170e-01
1.111111111111111072e+01 1.878407203948220805e-01
1.126126126126126081e+01 2.029951655158514223e-01
1.141141141141141091e+01 2.258405184080309047e-01
1.156156156156156101e+01 2.246477429746166765e-01
1.171171171171171110e+01 1.052894856126239675e-01
1.186186186186186120e+01 2.086689874256777723e-09
1.201201201201201130e+01 1.884929426624603332e-01
1.216216216216216317e+01 2.051947211928400183e-01
1.231231231231231327e+01 2.264293796218107002e-01
1.246246246246246336e+01 2.614749982615487411e-01
1.261261261261261346e+01 2.593661774458418945e-01
1.276276276276276356e+01 1.230314815108292520e-01
1.291291291291291365e+01 1.923271035009191917e-09
1.306306306306306375e+01 1.625620358265180143e-01
1.321321321321321385e+01 1.771298732742922488e-01
1.336336336336336394e+01 1.963288776367554112e-01
1.351351351351351404e+01 2.273265496274712583e-01
1.366366366366366414e+01 2.189450762082504331e-01
1.381381381381381424e+01 8.304247571414049615e-10
1.396396396396396433e+01 1.171634795403498263e-09
1.411411411411411443e+01 1.615072543506690939e-01
1.426426426426426453e+01 1.782858571084015575e-01
1.441441441441441462e+01 2.054544985548496239e-01
1.456456456456456472e+01 2.401015593471813869e-01
1.471471471471471482e+01 2.289167283017670140e-01
1.486486486486486491e+01 0.000000000000000000e+00
1.501501501501501501e+01 2.416867852823912189e-09
1.516516516516516511e+01 1.824357570550633190e-01
1.531531531531531520e+01 1.981667267854632375e-01
1.546546546546546530e+01 2.225791733530350924e-01
1.561561561561561540e+01 2.566833970028424838e-01
1.576576576576576549e+01 2.390321997040376345e-01
1.591591591591591559e+01 3.902134209063364972e-10
1.606606606606606746e+01 1.513488364174485090e-09
1.621621621621621756e+01 1.740791696340043548e-01
1.636636636636636766e+01 1.869898155677032492e-01
1.651651651651651775e+01 2.095800933068169281e-01
1.666666666666666785e+01 2.399306962107374819e-01
1.681681681681681795e+01 2.213695833839605109e-01
1.696696696696696804e+01 1.957834123635347899e-10
1.711711711711711814e+01 1.509037554184588884e-09
1.726726726726726824e+01 1.855782243347581240e-01
1.741741741741741833e+01 1.961887484723891240e-01
1.756756756756756843e+01 2.203246817422592485e-01
1.771771771771771853e+01 2.544227167406198364e-01
1.786786786786786863e+01 2.320603882506432347e-01
1.801801801801801872e+01 2.469359003615296402e-10
1.816816816816816882e+01 1.238000629842960774e-09
1.831831831831831892e+01 1.758139286405352442e-01
1.846846846846846901e+01 1.856802697603326668e-01
1.861861861861861911e+01 2.086200641678120915e-01
1.876876876876876921e+01 2.405022657053346169e-01
1.891891891891891930e+01 2.144371654380810288e-01
1.906906906906906940e+01 7.248012416652927908e-10
1.921921921921921950e+01 2.100538033935995408e-09
1.936936936936936959e+01 1.784628726397220200e-01
1.951951951951951969e+01 1.875375836117070816e-01
1.966966966966966979e+01 2.135748264450647027e-01
1.981981981981981988e+01 2.478841274840425379e-01
1.996996996996996998e+01 2.170776357145676183e-01
2.012012012012012008e+01 8.021128139760994617e-10
2.027027027027027017e+01 1.047105432742388515e-09
2.042042042042042027e+01 1.825909783179003598e-01
2.057057057057057037e+01 1.908807910975860445e-01
2.072072072072072046e+01 2.159004890732066084e-01
2.087087087087087056e+01 2.493218120857745301e-01
2.102102102102102066e+01 2.145937407278692977e-01
2.117117117117117076e+01 6.676663363026106739e-10
2.132132132132132085e+01 9.746234779882603783e-02
2.147147147147147095e+01 1.805271956761369256e-01
2.162162162162162105e+01 1.902314557413706253e-01
2.177177177177177114e+01 2.160248045511939663e-01
2.192192192192192124e+01 2.491893232392934920e-01
2.207207207207207134e+01 2.104914452742750741e-01
2.222222222222222143e+01 0.000000000000000000e+00
2.237237237237237153e+01 1.017130572412859868e-01
2.252252252252252163e+01 1.850976373327726798e-01
2.267267267267267172e+01 1.937525077778027016e-01
2.282282282282282182e+01 2.193006143746170922e-01
2.297297297297297192e+01 2.532163570787495099e-01
2.312312312312312201e+01 2.105417140801542075e-01
2.327327327327327211e+01 2.914926914854198036e-10
2.342342342342342221e+01 1.019055028728797635e-01
2.357357357357357230e+01 1.805441885952313030e-01
2.372372372372372240e+01 1.900490710918664450e-01
2.387387387387387250e+01 2.155805743647339900e-01
2.402402402402402259e+01 2.486971205293145859e-01
2.417417417417417624e+01 2.030138193064046914e-01
2.432432432432432634e+01 8.298216807573537192e-10
2.447447447447447644e+01 1.053171605711447772e-01
2.462462462462462653e+01 1.822318515988564092e-01
2.477477477477477663e+01 1.925819731110879895e-01
2.492492492492492673e+01 2.193422641475991364e-01
2.507507507507507682e+01 2.536672642878419204e-01
2.522522522522522692e+01 2.028140685754274697e-01
2.537537537537537702e+01 3.430346009502677983e-10
2.552552552552552712e+01 1.078630150101422963e-01
2.567567567567567721e+01 1.814249619574858086e-01
2.582582582582582731e+01 1.919970681466355855e-01
2.597597597597597741e+01 2.185241626317099006e-01
2.612612612612612750e+01 2.523857745825826560e-01
2.627627627627627760e+01 1.972499146796127811e-01
2.642642642642642770e+01 6.060225693871073642e-10
2.657657657657657779e+01 1.111347989553105320e-01
2.672672672672672789e+01 1.812673592552975776e-01
2.687687687687687799e+01 1.926473158652699802e-01
2.702702702702702808e+01 2.195887477332431892e-01
2.717717717717717818e+01 2.536310149308321771e-01
2.732732732732732828e+01 1.952818774036086946e-01
2.747747747747747837e+01 5.112612586200359656e-10
2.762762762762762847e+01 1.144174060469845405e-01
2.777777777777777857e+01 1.829930051532726309e-01
2.792792792792792866e+01 1.950242079428322894e-01
2.807807807807807876e+01 2.223941343127666115e-01
2.822822822822822886e+01 2.566268072635521369e-01
2.837837837837837895e+01 1.928478801078755134e-01
2.852852852852852905e+01 2.130287017064208314e-10
2.867867867867867915e+01 1.162215705747069172e-01
2.882882882882882924e+01 1.816649608003639005e-01
2.897897897897897934e+01 1.934900658124587280e-01
2.912912912912912944e+01 2.207269824853647366e-01
2.927927927927927954e+01 2.549469972417727215e-01
2.942942942942942963e+01 1.877372932741090961e-01
2.957957957957957973e+01 2.881462977164459533e-10
2.972972972972972983e+01 1.195551997316438020e-01
2.987987987987987992e+01 1.820963288449237161e-01
3.003003003003003002e+01 1.949150675746653960e-01
3.018018018018018012e+01 2.226232901091312610e-01
3.033033033033033021e+01 2.569509818725643768e-01
3.048048048048048031e+01 1.856785538490896559e-01
3.063063063063063041e+01 5.219409391498842629e-10
3.078078078078078050e+01 1.212056015540275006e-01
3.093093093093093060e+01 1.821471700158523721e-01
3.108108108108108070e+01 1.954407497411949635e-01
3.123123123123123079e+01 2.236006357467947292e-01
3.138138138138138089e+01 2.582018838625384505e-01
3.153153153153153099e+01 1.817531348865199514e-01
3.168168168168168108e+01 1.641412548868714921e-10
3.183183183183183118e+01 1.245676532715093016e-01
3.198198198198198128e+01 1.820934554948889783e-01
3.213213213213213493e+01 1.957116101390063978e-01
3.228228228228228147e+01 2.238325401673590120e-01
3.243243243243243512e+01 2.583774873834525088e-01
3.258258258258258167e+01 1.779620396975975793e-01
3.273273273273273531e+01 0.000000000000000000e+00
3.288288288288288186e+01 1.269322301579179080e-01
3.303303303303303551e+01 1.822174295253594090e-01
3.318318318318318205e+01 1.963510777890441483e-01
3.333333333333333570e+01 2.248923053750700451e-01
3.348348348348348225e+01 2.595766276364555591e-01
3.363363363363363590e+01 1.751078440543062664e-01
3.378378378378378244e+01 2.850024379580889005e-10
3.393393393393393609e+01 1.292838993298441597e-01
3.408408408408408263e+01 1.826929713620008278e-01
3.423423423423423628e+01 1.975413736349795613e-01
3.438438438438438283e+01 2.262577994486442146e-01
3.453453453453453648e+01 2.610213228224646520e-01
3.468468468468468302e+01 1.715313824610596449e-01
3.483483483483483667e+01 3.755593364990252143e-10
3.498498498498498321e+01 1.320062451157394123e-01
3.513513513513513686e+01 1.825051037363812356e-01
3.528528528528528341e+01 1.974818789389904405e-01
3.543543543543543706e+01 2.265291715942896189e-01
3.558558558558558360e+01 2.614668228457365795e-01
3.573573573573573725e+01 1.674877235331556080e-01
3.588588588588588379e+01 1.633927055169022958e-09
3.603603603603603744e+01 1.342326206375508424e-01
3.618618618618618399e+01 1.825146406633580687e-01
3.633633633633633764e+01 1.979814531091542151e-01
3.648648648648648418e+01 2.269796369792138613e-01
3.663663663663663783e+01 2.618665395231344339e-01
3.678678678678678438e+01 1.643366085386445685e-01
3.693693693693693803e+01 1.622226977656037199e-09
3.708708708708708457e+01 1.366140782028936740e-01
3.723723723723723822e+01 1.830321083593234865e-01
3.738738738738738476e+01 1.994552285131779013e-01
3.753753753753753841e+01 2.291280064676707029e-01
3.768768768768768496e+01 2.642123959536382682e-01
3.783783783783783861e+01 1.607262710053599941e-01
3.798798798798798515e+01 2.074374154308945341e-09
3.813813813813813880e+01 1.390538092391546132e-01
3.828828828828828534e+01 1.830633664829221241e-01
3.843843843843843899e+01 1.992418002641250241e-01
3.858858858858859264e+01 2.287647609422242545e-01
3.873873873873873919e+01 2.639997800490158641e-01
3.888888888888889284e+01 1.566732722820152190e-01
3.903903903903903938e+01 2.023359368153230171e-09
3.918918918918919303e+01 1.416120089220135880e-01
3.933933933933933957e+01 1.829058326237787413e-01
3.948948948948949322e+01 2.000089343061241531e-01
3.963963963963963977e+01 2.298201070879499208e-01
3.978978978978979342e+01 2.648768567512485017e-01
3.993993993993993996e+01 1.532802456854893691e-01
4.009009009009009361e+01 1.765512745705072172e-09
4.024024024024024015e+01 1.433115302227734589e-01
4.039039039039039380e+01 1.838200063397477102e-01
4.054054054054054035e+01 2.013158413966412430e-01
4.069069069069069400e+01 2.315297753206683185e-01
4.084084084084084054e+01 2.669056497669098360e-01
4.099099099099099419e+01 1.498749296479143234e-01
4.114114114114114074e+01 1.740408319297880568e-09
4.129129129129129439e+01 1.463367901162672124e-01
4.144144144144144093e+01 1.834484321532113549e-01
4.159159159159159458e+01 2.012409906647860125e-01
4.174174174174174112e+01 2.314130521829204645e-01
4.189189189189189477e+01 2.632512350683419156e-01
4.204204204204204132e+01 1.451899836941095701e-01
4.219219219219219497e+01 2.047018752053763155e-09
4.234234234234234151e+01 1.479178575883897395e-01
4.249249249249249516e+01 1.836277629031539127e-01
4.264264264264264170e+01 2.018229752688963374e-01
4.279279279279279535e+01 2.323096890960829608e-01
4.294294294294294190e+01 2.617595090654079582e-01
4.309309309309309555e+01 1.423242452438760464e-01
4.324324324324324209e+01 2.296741973990439174e-09
4.339339339339339574e+01 1.504405226453670030e-01
4.354354354354354228e+01 1.844446018785852459e-01
4.369369369369369593e+01 2.034492831087035547e-01
4.384384384384384248e+01 2.341436865480603369e-01
4.399399399399399613e+01 2.600574580527276747e-01
4.414414414414414267e+01 1.380740035343615280e-01
4.429429429429429632e+01 1.861007965770034323e-09
4.444444444444444287e+01 1.524729790332067514e-01
4.459459459459459651e+01 1.841284054731630870e-01
4.474474474474474306e+01 2.031004900133341617e-01
4.489489489489489671e+01 2.340325082428348358e-01
4.504504504504504325e+01 2.565290328560908550e-01
4.519519519519519690e+01 1.340271101710868995e-01
4.534534534534534345e+01 2.373734687839162535e-09
4.549549549549549710e+01 1.548534136085832347e-01
4.564564564564564364e+01 1.845261113620530191e-01
4.579579579579579729e+01 2.040664747856072159e-01
4.594594594594594383e+01 2.349243467652900041e-01
4.609609609609609748e+01 2.549958349356098442e-01
4.624624624624624403e+01 1.304933248743383734e-01
4.639639639639639768e+01 1.671339750313686185e-09
4.654654654654654422e+01 1.564102317600827574e-01
4.669669669669669787e+01 1.851025687269159392e-01
4.684684684684684441e+01 2.053575439159041061e-01
4.699699699699699806e+01 2.368113835950515222e-01
4.714714714714714461e+01 2.527261777452783909e-01
4.729729729729729826e+01 1.265189064324419022e-01
4.744744744744744480e+01 2.365124624391772051e-09
4.759759759759759845e+01 1.590483731461074246e-01
4.774774774774774500e+01 1.851671554736015468e-01
4.789789789789789864e+01 2.053279837985703127e-01
4.804804804804804519e+01 2.365952552169525158e-01
4.819819819819819884e+01 2.496762240409179101e-01
4.834834834834835249e+01 1.221121029612589060e-01
4.849849849849849903e+01 2.253494657079732234e-09
4.864864864864865268e+01 1.608037004811428416e-01
4.879879879879879923e+01 1.851618304647071611e-01
4.894894894894895288e+01 2.060459066029590725e-01
4.909909909909909942e+01 2.376362821410178405e-01
4.924924924924925307e+01 2.472397377768771054e-01
4.939939939939939961e+01 1.185768262690786584e-01
4.954954954954955326e+01 1.623870425267375616e-09
4.969969969969969981e+01 1.624626841456498494e-01
4.984984984984985346e+01 1.862687766412667867e-01
5.000000000000000000e+01 2.075497603916737210e-01
5.015015015015015365e+01 2.393400390837569225e-01
5.030030030030030019e+01 2.456340643117724265e-01
5.045045045045045384e+01 1.144848693250483385e-01
5.060060060060060039e+01 1.711888018492854424e-09
5.075075075075075404e+01 1.651471242463986577e-01
5.090090090090090058e+01 1.858952660245186683e-01
5.105105105105105423e+01 2.074737361354589416e-01
5.120120120120120077e+01 2.393949209094666797e-01
5.135135135135135442e+01 2.416389245089249904e-01
5.150150150150150097e+01 1.097881399579485467e-01
5.165165165165165462e+01 1.406469040690896473e-09
5.180180180180180116e+01 1.663275440852886311e-01
5.195195195195195481e+01 1.863461847596395438e-01
5.210210210210210136e+01 2.081515755734413553e-01
5.225225225225225500e+01 2.401400122624404165e-01
5.240240240240240155e+01 2.398849501850612853e-01
5.255255255255255520e+01 1.065690175715801741e-01
5.270270270270270174e+01 2.109544361833679631e-09
5.285285285285285539e+01 1.685838222127824249e-01
5.300300300300300194e+01 1.872047611090576491e-01
5.315315315315315559e+01 2.098741696639347953e-01
5.330330330330330213e+01 2.421795926771913299e-01
5.345345345345345578e+01 2.373846431551688285e-01
5.360360360360360232e+01 8.204098976951142994e-10
5.375375375375375597e+01 1.395586817041004793e-09
5.390390390390390252e+01 1.702511310216948404e-01
5.405405405405405617e+01 1.870255149647456483e-01
5.420420420420420271e+01 2.095041350148224568e-01
5.435435435435435636e+01 2.419158658440665743e-01
5.450450450450450290e+01 2.338663187355480566e-01
5.465465465465465655e+01 2.433938985824779308e-10
5.480480480480480310e+01 2.081576129631658633e-09
5.495495495495495675e+01 1.723692149733955237e-01
5.510510510510510329e+01 1.874124362803641364e-01
5.525525525525525694e+01 2.105247426666788102e-01
5.540540540540540349e+01 2.429040093853457594e-01
5.555555555555555713e+01 2.315221642287176862e-01
5.570570570570570368e+01 7.174781614278160600e-10
5.585585585585585733e+01 1.212901487337659888e-09
5.600600600600600387e+01 1.733056551102500897e-01
5.615615615615615752e+01 1.882978438239063801e-01
5.630630630630630407e+01 2.118944257368358119e-01
5.645645645645645772e+01 2.447630797947357439e-01
5.660660660660660426e+01 2.291389499813185626e-01
5.675675675675675791e+01 0.000000000000000000e+00
5.690690690690690445e+01 1.211522214515613179e-09
5.705705705705705810e+01 1.761182118873848568e-01
5.720720720720720465e+01 1.883032450071161490e-01
5.735735735735735830e+01 2.119705608816615516e-01
5.750750750750750484e+01 2.446707300115814332e-01
5.765765765765765849e+01 2.254298314111521651e-01
5.780780780780781214e+01 5.592652803096277013e-10
5.795795795795795868e+01 1.925082097333680884e-09
5.810810810810811233e+01 1.769497793323667467e-01
5.825825825825825888e+01 1.885248262447307699e-01
5.840840840840841253e+01 2.126460016671887499e-01
5.855855855855855907e+01 2.456348339854436680e-01
5.870870870870871272e+01 2.229639417646662458e-01
5.885885885885885926e+01 4.852920382526769867e-10
5.900900900900901291e+01 1.575946902010278603e-09
5.915915915915915946e+01 1.787928431508131188e-01
5.930930930930931311e+01 1.897915834345673958e-01
5.945945945945945965e+01 2.143718562838543840e-01
5.960960960960961330e+01 2.474457546323381718e-01
5.975975975975975985e+01 2.205381096044224942e-01
5.990990990990991349e+01 2.275876859161586094e-10
6.006006006006006004e+01 1.622357110439702039e-09
6.021021021021021369e+01 1.807311249117450613e-01
6.036036036036036023e+01 1.893761719300824098e-01
6.051051051051051388e+01 2.141534512359176412e-01
6.066066066066066043e+01 2.474649163297555909e-01
6.081081081081081408e+01 2.164659101582627754e-01
6.096096096096096062e+01 6.217896842403137306e-10
6.111111111111111427e+01 9.425824747975342088e-02
6.126126126126126081e+01 1.817597636075008183e-01
6.141141141141141446e+01 1.900553958161624313e-01
6.156156156156156101e+01 2.150093774043257966e-01
6.171171171171171466e+01 2.482123509650468185e-01
6.186186186186186120e+01 2.142187229322375930e-01
6.201201201201201485e+01 3.459229032582439857e-10
6.216216216216216139e+01 9.683076727594078226e-02
6.231231231231231504e+01 1.820238872169185340e-01
6.246246246246246159e+01 1.909721206056745335e-01
6.261261261261261524e+01 2.167172790173371721e-01
6.276276276276276178e+01 2.503319373462928876e-01
6.291291291291291543e+01 2.112333349660669435e-01
6.306306306306306197e+01 2.432152982875154968e-10
6.321321321321321562e+01 9.996039409589610458e-02
6.336336336336336217e+01 1.819843344052125278e-01
6.351351351351351582e+01 1.909745175682756035e-01
6.366366366366366236e+01 2.164851767634652091e-01
6.381381381381381601e+01 2.500641138414270714e-01
6.396396396396396256e+01 2.075447489147656810e-01
6.411411411411411621e+01 6.178560237050992597e-10
6.426426426426426985e+01 1.029324076981356778e-01
6.441441441441440929e+01 1.815496017063750744e-01
6.456456456456456294e+01 1.913803699463544061e-01
6.471471471471471659e+01 2.174946975773890678e-01
6.486486486486487024e+01 2.511308078127599819e-01
6.501501501501500968e+01 2.047270518052622668e-01
6.516516516516516333e+01 6.082451471915168330e-10
6.531531531531531698e+01 1.054863964473746613e-01
6.546546546546547063e+01 1.821951373836581956e-01
6.561561561561561007e+01 1.925562874557362192e-01
6.576576576576576372e+01 2.189629332040277376e-01
6.591591591591591737e+01 2.529152452109706406e-01
6.606606606606607102e+01 2.019986734579184706e-01
6.621621621621621046e+01 6.710037638698342751e-10
6.636636636636636410e+01 1.085340012086192241e-01
6.651651651651651775e+01 1.817406751058857350e-01
6.666666666666667140e+01 1.923970484854578000e-01
6.681681681681681084e+01 2.190188559832301207e-01
6.696696696696696449e+01 2.529188532347717566e-01
6.711711711711711814e+01 1.977890803674724474e-01
6.726726726726727179e+01 1.952904676927776408e-10
6.741741741741742544e+01 1.111621058652229876e-01
6.756756756756756488e+01 1.817549949810425558e-01
6.771771771771771853e+01 1.928734421385349673e-01
6.786786786786787218e+01 2.196896521824563964e-01
6.801801801801802583e+01 2.537636043853505052e-01
6.816816816816816527e+01 1.952524964671964458e-01
6.831831831831831892e+01 2.814830272198374806e-10
6.846846846846847257e+01 1.139493821432651516e-01
6.861861861861862621e+01 1.821016025351765988e-01
6.876876876876876565e+01 1.942188001868598302e-01
6.891891891891891930e+01 2.215949238716027336e-01
6.906906906906907295e+01 2.557490570223655557e-01
6.921921921921922660e+01 1.920149349808433215e-01
6.936936936936936604e+01 3.612065464294728418e-10
6.951951951951951969e+01 1.164738926051283457e-01
6.966966966966967334e+01 1.820076062836801511e-01
6.981981981981982699e+01 1.939049128408772693e-01
6.996996996996996643e+01 2.213126816414422160e-01
7.012012012012012008e+01 2.557110234283331285e-01
7.027027027027027373e+01 1.880889405651455792e-01
7.042042042042042738e+01 7.682680348201101467e-10
7.057057057057056682e+01 1.195449935141804920e-01
7.072072072072072046e+01 1.818442963938020629e-01
7.087087087087087411e+01 1.946955011710134742e-01
7.102102102102102776e+01 2.223109524340957655e-01
7.117117117117116720e+01 2.565147837533218733e-01
7.132132132132132085e+01 1.851809467066058423e-01
7.147147147147147450e+01 3.394754519418895136e-10
7.162162162162162815e+01 1.215246459868225687e-01
7.177177177177176759e+01 1.823617787877769569e-01
7.192192192192192124e+01 1.957107446848674326e-01
7.207207207207207489e+01 2.239397890830577553e-01
7.222222222222222854e+01 2.585940221586283672e-01
7.237237237237236798e+01 1.819684753384184228e-01
7.252252252252252163e+01 5.914839159018030319e-10
7.267267267267267528e+01 1.246651313136225292e-01
7.282282282282282893e+01 1.822170294812316405e-01
7.297297297297296836e+01 1.957735332783364091e-01
7.312312312312312201e+01 2.238419585741888707e-01
7.327327327327327566e+01 2.583676237312214075e-01
7.342342342342342931e+01 1.778129686380054975e-01
7.357357357357356875e+01 2.468339154600900903e-10
7.372372372372372240e+01 1.268965990702262125e-01
7.387387387387387605e+01 1.820299163450687097e-01
7.402402402402402970e+01 1.961974744508679092e-01
7.417417417417416914e+01 2.247493671829824124e-01
7.432432432432432279e+01 2.594208313147752243e-01
7.447447447447447644e+01 1.748758730353240642e-01
7.462462462462463009e+01 1.867665335356669915e-10
7.477477477477476953e+01 1.294176898055734715e-01
7.492492492492492318e+01 1.828026839289512706e-01
7.507507507507507682e+01 1.976668950966025962e-01
7.522522522522523047e+01 2.264255573258258658e-01
7.537537537537536991e+01 2.612370575809053741e-01
7.552552552552552356e+01 1.714948112590002904e-01
7.567567567567567721e+01 1.556364990617840523e-10
7.582582582582583086e+01 1.320049160929842313e-01
7.597597597597597030e+01 1.823851311476118175e-01
7.612612612612612395e+01 1.973855671387563793e-01
7.627627627627627760e+01 2.264163753634492737e-01
7.642642642642643125e+01 2.613226726906365815e-01
7.657657657657657069e+01 1.672382853992884777e-01
7.672672672672672434e+01 1.959291046421972448e-09
7.687687687687687799e+01 1.344069725392239567e-01
7.702702702702703164e+01 1.826192925533525191e-01
7.717717717717718529e+01 1.981242396776968506e-01
7.732732732732732472e+01 2.271552619572933807e-01
7.747747747747747837e+01 2.620653163594792168e-01
7.762762762762763202e+01 1.643342849276545614e-01
7.777777777777778567e+01 1.728527243456380326e-09
7.792792792792792511e+01 1.366967643645677633e-01
7.807807807807807876e+01 1.830509514896565548e-01
7.822822822822823241e+01 1.994607406680747874e-01
7.837837837837838606e+01 2.291157524142437008e-01
7.852852852852852550e+01 2.641887098047247528e-01
7.867867867867867915e+01 1.605693207443688597e-01
7.882882882882883280e+01 1.700639592685706625e-09
7.897897897897898645e+01 1.391212636352283094e-01
7.912912912912912589e+01 1.830386289867390881e-01
7.927927927927927954e+01 1.992411638386951123e-01
7.942942942942943318e+01 2.287751226150553097e-01
7.957957957957958683e+01 2.640119339956324973e-01
7.972972972972972627e+01 1.565404639126883879e-01
7.987987987987987992e+01 2.007672319025868220e-09
8.003003003003003357e+01 1.416968973222495765e-01
8.018018018018018722e+01 1.829322549838887368e-01
8.033033033033032666e+01 2.000459743799342660e-01
8.048048048048048031e+01 2.298736600893316051e-01
8.063063063063063396e+01 2.649460562375961503e-01
8.078078078078078761e+01 1.531587839241199678e-01
8.093093093093092705e+01 1.883111202357757665e-09
8.108108108108108070e+01 1.433588131285973843e-01
8.123123123123123435e+01 1.837802021490646254e-01
8.138138138138138800e+01 2.012962784859135268e-01
8.153153153153152743e+01 2.315087236194137144e-01
8.168168168168168108e+01 2.667669883057330327e-01
8.183183183183183473e+01 1.496883634685533815e-01
8.198198198198198838e+01 2.052994344461007231e-09
8.213213213213212782e+01 1.464520385544892944e-01
8.228228228228228147e+01 1.835048905151910603e-01
8.243243243243243512e+01 2.013266614109961439e-01
8.258258258258258877e+01 2.315213860857406603e-01
8.273273273273272821e+01 2.632548811717589365e-01
8.288288288288288186e+01 1.451085070794201626e-01
8.303303303303303551e+01 2.286873748875804823e-09
8.318318318318318916e+01 1.480058158083995545e-01
8.333333333333332860e+01 1.836582611440609469e-01
8.348348348348348225e+01 2.018574392551436281e-01
8.363363363363363590e+01 2.323343588134719195e-01
8.378378378378378954e+01 2.616696969905559778e-01
8.393393393393392898e+01 1.421879140697381028e-01
8.408408408408408263e+01 1.837067553294060664e-09
8.423423423423423628e+01 1.505328893410312896e-01
8.438438438438438993e+01 1.844745277763110147e-01
8.453453453453452937e+01 2.035000554675536200e-01
8.468468468468468302e+01 2.342053988328218206e-01
8.483483483483483667e+01 2.599910783795565949e-01
8.498498498498499032e+01 1.379541038935536423e-01
8.513513513513512976e+01 1.441088692659571155e-09
8.528528528528528341e+01 1.525578256954589207e-01
8.543543543543543706e+01 1.841507220204517681e-01
8.558558558558559071e+01 2.031261372178404800e-01
8.573573573573573015e+01 2.340611882408036859e-01
8.588588588588588379e+01 2.565058293524965505e-01
8.603603603603603744e+01 1.339589319312067262e-01
8.618618618618619109e+01 2.040849978991214730e-09
8.633633633633633053e+01 1.548855154516844690e-01
8.648648648648648418e+01 1.844799996139376286e-01
8.663663663663663783e+01 2.040296706048158326e-01
8.678678678678679148e+01 2.348870301963101870e-01
8.693693693693694513e+01 2.548357132718588880e-01
8.708708708708708457e+01 1.303191440297205017e-01
8.723723723723723822e+01 1.852221008641608745e-09
8.738738738738739187e+01 1.564702998615390139e-01
8.753753753753754552e+01 1.851126142461628210e-01
8.768768768768768496e+01 2.053828255457150753e-01
8.783783783783783861e+01 2.368561603382504099e-01
8.798798798798799226e+01 2.526591334812888223e-01
8.813813813813814591e+01 1.263815396488738585e-01
8.828828828828828534e+01 1.170708446834789152e-09
8.843843843843843899e+01 1.591022109497349790e-01
8.858858858858859264e+01 1.851461757524590634e-01
8.873873873873874629e+01 2.053293574155215795e-01
8.888888888888888573e+01 2.366007939060039422e-01
8.903903903903903938e+01 2.495551334742837912e-01
8.918918918918919303e+01 1.219298345347265417e-01
8.933933933933934668e+01 1.596597723207887712e-09
8.948948948948948612e+01 1.608755311657040499e-01
8.963963963963963977e+01 1.851865144473640590e-01
8.978978978978979342e+01 2.060905445854032125e-01
8.993993993993994707e+01 2.376930201683708499e-01
9.009009009009008651e+01 2.471839093379809005e-01
9.024024024024024015e+01 1.184575157480354524e-01
9.039039039039039380e+01 1.779658086968773904e-09
9.054054054054054745e+01 1.625665376263090989e-01
9.069069069069068689e+01 1.863064701963679515e-01
9.084084084084084054e+01 2.075947459052771005e-01
9.099099099099099419e+01 2.393830344665153764e-01
9.114114114114114784e+01 2.455589292527482481e-01
9.129129129129128728e+01 1.143554958024687040e-01
9.144144144144144093e+01 2.015775565635968130e-09
9.159159159159159458e+01 1.651963636110387046e-01
9.174174174174174823e+01 1.858900738673738839e-01
9.189189189189188767e+01 2.074777952857229102e-01
9.204204204204204132e+01 2.394046289064674649e-01
9.219219219219219497e+01 2.415296620091535174e-01
9.234234234234234862e+01 1.096492657498444739e-01
9.249249249249248805e+01 1.981421190835935177e-09
9.264264264264264170e+01 1.663967522917406960e-01
9.279279279279279535e+01 1.863422298424545209e-01
9.294294294294294900e+01 2.081590423891027386e-01
9.309309309309308844e+01 2.401544620506863847e-01
9.324324324324324209e+01 2.397832392386693157e-01
9.339339339339339574e+01 1.064136977778607218e-01
9.354354354354354939e+01 1.931527196203711432e-09
9.369369369369368883e+01 1.686126653555919397e-01
9.384384384384384248e+01 1.871853443804882278e-01
9.399399399399399613e+01 2.098739591431814655e-01
9.414414414414414978e+01 2.421894121524374166e-01
9.429429429429428922e+01 2.372581113226128191e-01
9.444444444444444287e+01 8.993093773238129465e-10
9.459459459459459651e+01 1.471938655407038096e-09
9.474474474474475016e+01 1.703257223997006187e-01
9.489489489489488960e+01 1.870497416363230969e-01
9.504504504504504325e+01 2.095445599598379505e-01
9.519519519519519690e+01 2.419630299392284412e-01
9.534534534534535055e+01 2.337887007523324623e-01
9.549549549549548999e+01 6.666217544827343713e-10
9.564564564564564364e+01 1.396547010213247388e-09
9.579579579579579729e+01 1.724332756619707807e-01
9.594594594594595094e+01 1.874489744040959971e-01
9.609609609609609038e+01 2.105782443154321226e-01
9.624624624624624403e+01 2.429615209599866876e-01
9.639639639639639768e+01 2.314332308885322653e-01
9.654654654654655133e+01 1.775880468665274493e-10
9.669669669669670498e+01 1.723281785580042268e-09
9.684684684684684441e+01 1.733991446672955017e-01
9.699699699699699806e+01 1.883298776705072397e-01
9.714714714714715171e+01 2.119272231029639408e-01
9.729729729729730536e+01 2.447962361852240865e-01
9.744744744744744480e+01 2.290468981965208262e-01
9.759759759759759845e+01 5.218153695595130019e-10
9.774774774774775210e+01 1.336548082001624498e-09
9.789789789789790575e+01 1.761618440398024232e-01
9.804804804804804519e+01 1.882863283388565567e-01
9.819819819819819884e+01 2.119671942246884044e-01
9.834834834834835249e+01 2.446725900565561995e-01
9.849849849849850614e+01 2.252973642019593659e-01
9.864864864864864558e+01 3.081026932209386732e-10
9.879879879879879923e+01 1.654829279736169772e-09
9.894894894894895288e+01 1.769948732073022279e-01
9.909909909909910652e+01 1.885338326185602986e-01
9.924924924924924596e+01 2.126690271395159648e-01
9.939939939939939961e+01 2.456683359285387058e-01
9.954954954954955326e+01 2.228751587332049033e-01
9.969969969969970691e+01 1.012834617992444452e-09
9.984984984984984635e+01 1.797995093423845355e-09
1.000000000000000000e+02 1.788417088594992377e-01
1.001501501501501536e+02 1.897914402670328182e-01
1.003003003003003073e+02 2.143864285905103806e-01
1.004504504504504467e+02 2.474623397180009954e-01
1.006006006006006004e+02 2.204051687096739987e-01
1.007507507507507540e+02 0.000000000000000000e+00
1.009009009009009077e+02 1.277824213585365744e-09
1.010510510510510471e+02 1.807894492742804227e-01
1.012012012012012008e+02 1.894076579017965334e-01
1.013513513513513544e+02 2.141983259268585571e-01
1.015015015015015081e+02 2.475190221224822795e-01
1.016516516516516475e+02 2.163871636807587762e-01
1.018018018018018012e+02 3.210475788475235978e-10
1.019519519519519548e+02 9.436762515968294407e-02
1.021021021021021085e+02 1.817593701486555635e-01
1.022522522522522479e+02 1.900743130706634976e-01
1.024024024024024015e+02 2.150369668867463391e-01
1.025525525525525552e+02 2.482390276029006193e-01
1.027027027027027088e+02 2.141070612335597978e-01
1.028528528528528483e+02 3.120277782637204861e-10
1.030030030030030019e+02 9.693037194061043804e-02
1.031531531531531556e+02 1.820254575994806612e-01
1.033033033033033092e+02 1.909861197188605086e-01
1.034534534534534487e+02 2.167417679338358438e-01
1.036036036036036023e+02 2.503637200947954056e-01
1.037537537537537560e+02 2.111279917789447291e-01
1.039039039039039096e+02 2.576188989593165197e-10
1.040540540540540491e+02 1.000615475977998936e-01
1.042042042042042027e+02 1.819749226243557172e-01
1.043543543543543564e+02 1.909811675061215963e-01
1.045045045045045100e+02 2.165004826100237478e-01
1.046546546546546494e+02 2.500816595468338677e-01
1.048048048048048031e+02 2.074161075520409014e-01
1.049549549549549567e+02 3.216262719991980210e-10
1.051051051051051104e+02 1.030160583992966311e-01
1.052552552552552498e+02 1.815455607783660330e-01
1.054054054054054035e+02 1.913992409692267249e-01
1.055555555555555571e+02 2.175311923950324078e-01
1.057057057057057108e+02 2.511759238763110469e-01
1.058558558558558644e+02 2.046283101418362727e-01
1.060060060060060039e+02 4.800032141096363835e-10
1.061561561561561575e+02 1.056082358999957949e-01
1.063063063063063112e+02 1.822200651773435154e-01
1.064564564564564648e+02 1.926013506794048702e-01
1.066066066066066043e+02 2.190142855802694188e-01
1.067567567567567579e+02 2.529671151197134815e-01
1.069069069069069116e+02 2.019055724681906860e-01
1.070570570570570652e+02 0.000000000000000000e+00
1.072072072072072046e+02 1.086261879349456616e-01
1.073573573573573583e+02 1.817307009614017033e-01
1.075075075075075119e+02 1.923972705044576514e-01
1.076576576576576656e+02 2.190260811921017625e-01
1.078078078078078050e+02 2.529282632649769158e-01
1.079579579579579587e+02 1.976620877450252778e-01
1.081081081081081123e+02 2.944955143689319101e-10
1.082582582582582660e+02 1.112539595734793191e-01
1.084084084084084054e+02 1.817535377716658906e-01
1.085585585585585591e+02 1.928881082151081006e-01
1.087087087087087127e+02 2.197142648470200021e-01
1.088588588588588664e+02 2.537944229794553141e-01
1.090090090090090058e+02 1.951435902152061919e-01
1.091591591591591595e+02 2.488884112961537168e-10
1.093093093093093131e+02 1.140268984000856189e-01
1.094594594594594668e+02 1.820804927570820464e-01
1.096096096096096062e+02 1.942146331612427113e-01
1.097597597597597598e+02 2.216038063476111764e-01
1.099099099099099135e+02 2.557625886924897451e-01
1.100600600600600671e+02 1.918816850814993868e-01
1.102102102102102066e+02 2.156976392899874502e-10
1.103603603603603602e+02 1.165628838804498857e-01
1.105105105105105139e+02 1.819953663023590185e-01
1.106606606606606675e+02 1.939094913596964842e-01
1.108108108108108070e+02 2.213254492061303424e-01
1.109609609609609606e+02 2.557285037738112887e-01
1.111111111111111143e+02 1.879675964630165841e-01
1.112612612612612679e+02 1.709673554821293126e-10
1.114114114114114074e+02 1.196318082481158535e-01
1.115615615615615610e+02 1.818368987157420458e-01
1.117117117117117147e+02 1.947081658271898885e-01
1.118618618618618683e+02 2.223379596402574043e-01
1.120120120120120077e+02 2.565469736736214479e-01
1.121621621621621614e+02 1.850536499557823289e-01
1.123123123123123150e+02 0.000000000000000000e+00
1.124624624624624687e+02 1.216146213146200306e-01
1.126126126126126081e+02 1.823643031886621191e-01
1.127627627627627618e+02 1.957290321237200315e-01
1.129129129129129154e+02 2.239649267147024447e-01
1.130630630630630691e+02 2.586234636407789278e-01
1.132132132132132085e+02 1.818406194179050805e-01
1.133633633633633622e+02 3.010014852729776078e-10
1.135135135135135158e+02 1.247661319340321318e-01
1.136636636636636695e+02 1.822325517485678947e-01
1.138138138138138089e+02 1.958163991766922185e-01
1.139639639639639626e+02 2.238988860520068902e-01
1.141141141141141162e+02 2.584269074464258242e-01
1.142642642642642699e+02 1.777052537029110146e-01
1.144144144144144093e+02 6.994163793171000081e-10
1.145645645645645629e+02 1.269981678221252241e-01
1.147147147147147166e+02 1.820440901119724231e-01
1.148648648648648702e+02 1.962191219620650351e-01
1.150150150150150097e+02 2.247732156531253023e-01
1.151651651651651633e+02 2.594475346684003703e-01
1.153153153153153170e+02 1.747596377442843518e-01
1.154654654654654706e+02 0.000000000000000000e+00
1.156156156156156243e+02 1.294979093778920176e-01
1.157657657657657637e+02 1.827887879356906164e-01
1.159159159159159174e+02 1.976708296653976182e-01
1.160660660660660710e+02 2.264369950150613153e-01
1.162162162162162247e+02 2.612482926828467167e-01
1.163663663663663641e+02 1.713572712033971102e-01
1.165165165165165178e+02 4.929752590864159949e-10
1.166666666666666714e+02 1.320792902649694234e-01
1.168168168168168251e+02 1.823893658185899713e-01
1.169669669669669645e+02 1.974029653111994687e-01
1.171171171171171181e+02 2.264466306333393908e-01
1.172672672672672718e+02 2.613632778651440725e-01
1.174174174174174254e+02 1.671059516663009337e-01
1.175675675675675649e+02 3.446421039274739264e-10
1.177177177177177185e+02 1.344928933726775577e-01
1.178678678678678722e+02 1.826101209158056404e-01
1.180180180180180258e+02 1.981381551296136634e-01
1.181681681681681653e+02 2.271762304518335496e-01
1.183183183183183189e+02 2.620857796423405883e-01
1.184684684684684726e+02 1.641935724535367735e-01
1.186186186186186262e+02 2.137090192981205176e-09
1.187687687687687657e+02 1.367798151210100066e-01
1.189189189189189193e+02 1.830590731461228804e-01
1.190690690690690730e+02 1.994856067959705492e-01
1.192192192192192266e+02 2.291521154434257579e-01
1.193693693693693660e+02 2.642307457777826052e-01
1.195195195195195197e+02 1.604560520554400016e-01
1.196696696696696733e+02 1.217065205738984401e-09
1.198198198198198270e+02 1.392123717803404048e-01
1.199699699699699664e+02 1.830488380978397001e-01
1.201201201201201201e+02 1.992646595628571882e-01
1.202702702702702737e+02 2.288006490295708406e-01
1.204204204204204274e+02 2.640370682737830377e-01
1.205705705705705668e+02 1.564125658374416472e-01
1.207207207207207205e+02 1.829329445255607534e-09
1.208708708708708741e+02 1.417658687328203215e-01
1.210210210210210278e+02 1.829280958957041070e-01
1.211711711711711672e+02 2.000563495530450209e-01
1.213213213213213209e+02 2.298949442848826630e-01
1.214714714714714745e+02 2.649723369757924218e-01
1.216216216216216282e+02 1.530210887205097903e-01
1.217717717717717676e+02 1.906634745770777652e-09
1.219219219219219212e+02 1.434379129779800588e-01
1.220720720720720749e+02 1.837882820622685209e-01
1.222222222222222285e+02 2.013210917051972138e-01
1.223723723723723680e+02 2.315398754022482686e-01
1.225225225225225216e+02 2.667077226097749332e-01
1.226726726726726753e+02 1.495612230503969853e-01
1.228228228228228289e+02 1.877777449252981581e-09
1.229729729729729684e+02 1.465252937533195188e-01
1.231231231231231220e+02 1.834972147480037064e-01
1.232732732732732757e+02 2.013354566371244603e-01
1.234234234234234293e+02 2.315387549316661464e-01
1.235735735735735688e+02 2.631557816183059395e-01
1.237237237237237224e+02 1.449654385516925548e-01
1.238738738738738761e+02 1.718382107875400147e-09
1.240240240240240297e+02 1.480795140618688388e-01
1.241741741741741691e+02 1.836659824616188319e-01
1.243243243243243228e+02 2.018794734199097496e-01
1.244744744744744764e+02 2.323630019809534153e-01
1.246246246246246301e+02 2.616004778464716685e-01
1.247747747747747695e+02 1.420555178754304426e-01
1.249249249249249232e+02 2.239472188830101044e-09
1.250750750750750768e+02 1.506127644125847265e-01
1.252252252252252305e+02 1.844821664550483908e-01
1.253753753753753841e+02 2.035261655051234242e-01
1.255255255255255236e+02 2.342404278104021076e-01
1.256756756756756772e+02 2.599078735210532121e-01
1.258258258258258309e+02 1.378177621642301121e-01
1.259759759759759845e+02 2.114683664156681167e-09
1.261261261261261239e+02 1.526267614526139182e-01
1.262762762762762776e+02 1.841774989552551756e-01
1.264264264264264312e+02 2.031683732275487431e-01
1.265765765765765849e+02 2.341082760900378978e-01
1.267267267267267243e+02 2.563953121679355962e-01
1.268768768768768780e+02 1.337752277482493479e-01
1.270270270270270316e+02 1.744305196007718723e-09
1.271771771771771853e+02 1.550121340905693534e-01
1.273273273273273247e+02 1.845611658532611832e-01
1.274774774774774784e+02 2.041395417687661695e-01
1.276276276276276320e+02 2.350078917618801944e-01
1.277777777777777857e+02 2.548285518107893388e-01
1.279279279279279251e+02 1.302192346178381310e-01
1.280780780780780788e+02 2.061428492770833449e-09
1.282282282282282324e+02 1.565653597192234181e-01
1.283783783783783861e+02 1.851511065808256751e-01
1.285285285285285397e+02 2.054229951293613243e-01
1.286786786786786934e+02 2.368891017291511192e-01
1.288288288288288186e+02 2.525853813728187736e-01
1.289789789789789722e+02 1.262729730889029789e-01
1.291291291291291259e+02 1.815342188534306156e-09
1.292792792792792795e+02 1.591935828356606797e-01
1.294294294294294332e+02 1.851693498289436191e-01
1.295795795795795868e+02 2.053597191987813764e-01
1.297297297297297405e+02 2.366328955672815371e-01
1.298798798798798941e+02 2.494709105394872506e-01
1.300300300300300194e+02 1.218086179844496131e-01
1.301801801801801730e+02 1.680037352319241664e-09
1.303303303303303267e+02 1.609227829432381962e-01
1.304804804804804803e+02 1.851745537818399734e-01
1.306306306306306340e+02 2.060844118881086651e-01
1.307807807807807876e+02 2.376954971263413319e-01
1.309309309309309413e+02 2.470681098086081051e-01
1.310810810810810949e+02 1.183058559134322341e-01
1.312312312312312201e+02 2.258464581855262931e-09
1.313813813813813738e+02 1.626026668533312458e-01
1.315315315315315274e+02 1.862803316014922939e-01
1.316816816816816811e+02 2.075926510482782872e-01
1.318318318318318347e+02 2.393895110528016512e-01
1.319819819819819884e+02 2.454383764129087486e-01
1.321321321321321420e+02 1.141696681601313684e-01
1.322822822822822957e+02 1.345057653797753677e-09
1.324324324324324209e+02 1.652707836701128308e-01
1.325825825825825746e+02 1.859195141436406629e-01
1.327327327327327282e+02 2.075285699842723264e-01
1.328828828828828819e+02 2.394690652212357329e-01
1.330330330330330355e+02 2.414552559021539146e-01
1.331831831831831892e+02 1.095038350624693430e-01
1.333333333333333428e+02 1.717605262879767476e-09
1.334834834834834965e+02 1.664837769595796380e-01
1.336336336336336217e+02 1.863797436153449283e-01
1.337837837837837753e+02 2.082090892270931082e-01
1.339339339339339290e+02 2.402019376766657832e-01
1.340840840840840826e+02 2.396991176127041823e-01
1.342342342342342363e+02 1.062625292930434728e-01
1.343843843843843899e+02 1.617535407434641197e-09
1.345345345345345436e+02 1.687018020917532002e-01
1.346846846846846972e+02 1.872221557616500220e-01
1.348348348348348509e+02 2.099221223387477964e-01
1.349849849849849761e+02 2.422440137004258087e-01
1.351351351351351298e+02 2.371800940519257217e-01
1.352852852852852834e+02 2.727745125490349784e-10
1.354354354354354371e+02 1.500356869736573262e-09
1.355855855855855907e+02 1.703929696766536273e-01
1.357357357357357444e+02 1.870653157209109241e-01
1.358858858858858980e+02 2.095652865015892319e-01
1.360360360360360517e+02 2.419834674903298677e-01
1.361861861861861769e+02 2.336783921462627922e-01
1.363363363363363305e+02 3.605321815145670678e-10
1.364864864864864842e+02 1.579303437138498265e-09
1.366366366366366378e+02 1.724914983115336808e-01
1.367867867867867915e+02 1.874360652530242810e-01
1.369369369369369451e+02 2.105812183966013773e-01
1.370870870870870988e+02 2.429748133194252202e-01
1.372372372372372524e+02 2.313159206463019368e-01
1.373873873873873777e+02 6.559937774259558071e-10
1.375375375375375313e+02 1.811357320972921453e-09
1.376876876876876850e+02 1.734347410787763777e-01
1.378378378378378386e+02 1.883493289233894308e-01
1.379879879879879923e+02 2.119643023191936371e-01
1.381381381381381459e+02 2.448396715308965577e-01
1.382882882882882996e+02 2.289647550119298380e-01
1.384384384384384532e+02 7.825360853270415732e-10
1.385885885885885784e+02 1.940730112614382548e-09
1.387387387387387321e+02 1.762529275061247569e-01
1.388888888888888857e+02 1.883242314641180859e-01
1.390390390390390394e+02 2.120193683357953218e-01
1.391891891891891930e+02 2.447283777210730316e-01
1.393393393393393467e+02 2.252162814889326903e-01
1.394894894894895003e+02 2.162343347561006920e-10
1.396396396396396540e+02 1.233654565546858142e-09
1.397897897897897792e+02 1.770446021058306174e-01
1.399399399399399329e+02 1.885758488946489009e-01
1.400900900900900865e+02 2.127159057058185254e-01
1.402402402402402402e+02 2.457147065158977739e-01
1.403903903903903938e+02 2.227853610998815348e-01
1.405405405405405475e+02 6.831145639035494529e-10
1.406906906906907011e+02 1.342887994510292910e-09
1.408408408408408548e+02 1.789421649926624391e-01
1.409909909909909800e+02 1.898382540227455118e-01
1.411411411411411336e+02 2.144451873210681814e-01
1.412912912912912873e+02 2.475260658547224213e-01
1.414414414414414409e+02 2.203327958538445208e-01
1.415915915915915946e+02 3.396550367290068338e-10
1.417417417417417482e+02 1.351868199422256995e-09
1.418918918918919019e+02 1.808131692143771507e-01
1.420420420420420555e+02 1.893948929604523657e-01
1.421921921921921808e+02 2.141878896640529439e-01
1.423423423423423344e+02 2.475089098912811592e-01
1.424924924924924881e+02 2.162522663714888382e-01
1.426426426426426417e+02 0.000000000000000000e+00
1.427927927927927954e+02 9.447102578600494183e-02
1.429429429429429490e+02 1.817735116617271163e-01
1.430930930930931027e+02 1.901134695472654346e-01
1.432432432432432563e+02 2.150963620136024934e-01
1.433933933933933815e+02 2.483072354017461791e-01
1.435435435435435352e+02 2.140390092736428607e-01
1.436936936936936888e+02 2.260351395517264126e-10
1.438438438438438425e+02 9.702677246363880514e-02
1.439939939939939961e+02 1.820296493154178186e-01
1.441441441441441498e+02 1.910017246977895877e-01
1.442942942942943034e+02 2.167610204352550252e-01
1.444444444444444571e+02 2.503850421424866357e-01
1.445945945945946107e+02 2.110138762484460861e-01
1.447447447447447360e+02 2.442095707110555438e-10
1.448948948948948896e+02 1.001670518710215535e-01
1.450450450450450433e+02 1.819613636740135265e-01
1.451951951951951969e+02 1.909857816905935479e-01
1.453453453453453506e+02 2.165148614212832057e-01
1.454954954954955042e+02 2.500973101543906840e-01
1.456456456456456579e+02 2.073022949878186305e-01
1.457957957957958115e+02 6.353278061091736803e-10
1.459459459459459367e+02 1.030991557852036222e-01
1.460960960960960904e+02 1.815250047778100562e-01
1.462462462462462440e+02 1.913852939312575274e-01
1.463963963963963977e+02 2.175289914235224997e-01
1.465465465465465513e+02 2.511846584005561489e-01
1.466966966966967050e+02 2.044976747146831642e-01
1.468468468468468586e+02 0.000000000000000000e+00
1.469969969969970123e+02 1.056887956979591092e-01
1.471471471471471375e+02 1.821872418799494187e-01
1.472972972972972912e+02 1.925935340752591707e-01
1.474474474474474448e+02 2.190190710544518971e-01
1.475975975975975985e+02 2.529744719329814484e-01
1.477477477477477521e+02 2.017645598939117879e-01
1.478978978978979058e+02 2.900771143491335717e-10
1.480480480480480594e+02 1.087330606301123992e-01
1.481981981981982130e+02 1.817412023689968237e-01
1.483483483483483383e+02 1.924310958059608223e-01
1.484984984984984919e+02 2.190792627121741776e-01
1.486486486486486456e+02 2.529921460384477183e-01
1.487987987987987992e+02 1.975638422418837803e-01
1.489489489489489529e+02 5.211316099269688182e-10
1.490990990990991065e+02 1.113643988761977566e-01
1.492492492492492602e+02 1.817595832120387223e-01
1.493993993993994138e+02 1.929133167546876193e-01
1.495495495495495391e+02 2.197418175023759801e-01
1.496996996996996927e+02 2.538190706956477971e-01
1.498498498498498464e+02 1.950241605331226313e-01
1.500000000000000000e+02 5.099976858801077878e-10
