0.000000000000000000e+00 1.051959119426042477e-01
1.501501501501501523e-01 2.805863584050469206e-01
3.003003003003003046e-01 4.202720823226175351e-01
4.504504504504504570e-01 4.953744813642972922e-01
6.006006006006006093e-01 4.544351848516260950e-01
7.507507507507507061e-01 4.146847145932196499e-01
9.009009009009009139e-01 5.173716896919019481e-01
1.051051051051051122e+00 6.203367900759978459e-01
1.201201201201201219e+00 6.507295038087901329e-01
1.351351351351351315e+00 6.690063814412648968e-01
1.501501501501501412e+00 6.897286951037144842e-01
1.651651651651651731e+00 6.803229702253291711e-01
1.801801801801801828e+00 6.099140543173487972e-01
1.951951951951951925e+00 5.482160535815040481e-01
2.102102102102102243e+00 5.639680601274790206e-01
2.252252252252252340e+00 5.782460292698284876e-01
2.402402402402402437e+00 5.882189419872942970e-01
2.552552552552552534e+00 6.365093994104912278e-01
2.702702702702702631e+00 7.200231487934615204e-01
2.852852852852852727e+00 7.265754450213314231e-01
3.003003003003002824e+00 6.931218672400585312e-01
3.153153153153153365e+00 6.698014197022136296e-01
3.303303303303303462e+00 7.805872284161008423e-01
3.453453453453453559e+00 8.526533940106518772e-01
3.603603603603603656e+00 8.680926229769843072e-01
3.753753753753753752e+00 8.705935698194416927e-01
3.903903903903903849e+00 8.701237269909490868e-01
4.054054054054054390e+00 8.721388106294963860e-01
4.204204204204204487e+00 8.260431846339200135e-01
4.354354354354354584e+00 7.798583392070825848e-01
4.504504504504504681e+00 7.961851710164121743e-01
4.654654654654654777e+00 8.044466214428916961e-01
4.804804804804804874e+00 8.016021646757194308e-01
4.954954954954954971e+00 8.132211185427455913e-01
5.105105105105105068e+00 8.433697984713921514e-01
5.255255255255255165e+00 8.230208986111658964e-01
5.405405405405405261e+00 7.964746889406973951e-01
5.555555555555555358e+00 8.122493019167881245e-01
5.705705705705705455e+00 8.898317395623989157e-01
5.855855855855855552e+00 9.357782690598159814e-01
6.006006006006005649e+00 9.363188442820346014e-01
6.156156156156156634e+00 9.264447210234881824e-01
6.306306306306306730e+00 9.225163934551855460e-01
6.456456456456456827e+00 9.435893122048785164e-01
6.606606606606606924e+00 9.139973707017736704e-01
6.756756756756757021e+00 8.965687496045509075e-01
6.906906906906907118e+00 9.047585134919965411e-01
7.057057057057057214e+00 9.047288296233951810e-01
7.207207207207207311e+00 8.982264901182520633e-01
7.357357357357357408e+00 8.913688894866588219e-01
7.507507507507507505e+00 8.872567651742038208e-01
7.657657657657657602e+00 8.738789063499826648e-01
7.807807807807807698e+00 8.524332000857083314e-01
7.957957957957957795e+00 8.884248243375182374e-01
8.108108108108108780e+00 9.373624146736942997e-01
8.258258258258258877e+00 9.588007314657183144e-01
8.408408408408408974e+00 9.487542461873041955e-01
8.558558558558559071e+00 9.320317950904557502e-01
8.708708708708709167e+00 9.464613036893629872e-01
8.858858858858859264e+00 9.686343508483752363e-01
9.009009009009009361e+00 9.468808857439307003e-01
9.159159159159159458e+00 9.464220743599119912e-01
9.309309309309309555e+00 9.460324102130116541e-01
9.459459459459459651e+00 9.429364528099638543e-01
9.609609609609609748e+00 9.401896585218681990e-01
9.759759759759759845e+00 9.243159374282634566e-01
9.909909909909909942e+00 9.148934677249903613e-01
1.006006006006006004e+01 9.043421216379017302e-01
1.021021021021021014e+01 8.853503285482765550e-01
1.036036036036036023e+01 9.289121809516186490e-01
1.051051051051051033e+01 9.547974726156779335e-01
1.066066066066066043e+01 9.573031399233667971e-01
1.081081081081081052e+01 9.447068513251446475e-01
1.096096096096096062e+01 9.249984621258885431e-01
1.111111111111111072e+01 9.579659338366507404e-01
1.126126126126126081e+01 9.750553468204233853e-01
1.141141141141141091e+01 9.610010253524305934e-01
1.156156156156156101e+01 9.613774891698566583e-01
1.171171171171171110e+01 9.537554240096683955e-01
1.186186186186186120e+01 9.585967600812749234e-01
1.201201201201201130e+01 9.576772936952396842e-01
1.216216216216216317e+01 9.370630478832522314e-01
1.231231231231231327e+01 9.331258496401382274e-01
1.246246246246246336e+01 9.226126277782950025e-01
1.261261261261261346e+01 9.226746611278998644e-01
1.276276276276276356e+01 9.504800947585152482e-01
1.291291291291291365e+01 9.587877738002611450e-01
1.306306306306306375e+01 9.525459761745085352e-01
1.321321321321321385e+01 9.387825139132339736e-01
1.336336336336336394e+01 9.240384879378473748e-01
1.351351351351351404e+01 9.650412360511327892e-01
1.366366366366366414e+01 9.737163944069187060e-01
1.381381381381381424e+01 9.656407423287484137e-01
1.396396396396396433e+01 9.601853790403985789e-01
1.411411411411411443e+01 9.468655911268367698e-01
1.426426426426426453e+01 9.658871894848338746e-01
1.441441441441441462e+01 9.635832562191541939e-01
1.456456456456456472e+01 9.469777052468524303e-01
1.471471471471471482e+01 9.434313242013577794e-01
1.486486486486486491e+01 9.311926248479693857e-01
1.501501501501501501e+01 9.443791924274115290e-01
1.516516516516516511e+01 9.597591565471698116e-01
1.531531531531531520e+01 9.551723651288006600e-01
1.546546546546546530e+01 9.487635180602380647e-01
1.561561561561561540e+01 9.340761821738762238e-01
1.576576576576576549e+01 9.394787532244657235e-01
1.591591591591591559e+01 9.681821197001201362e-01
1.606606606606606746e+01 9.684748819941543241e-01
1.621621621621621756e+01 9.627531725198830159e-01
1.636636636636636766e+01 9.530387263747803761e-01
1.651651651651651775e+01 9.451747106827050882e-01
1.666666666666666785e+01 9.694684918408298380e-01
1.681681681681681795e+01 9.642734120351632576e-01
1.696696696696696804e+01 9.537974113311391555e-01
1.711711711711711814e+01 9.474454681166635250e-01
1.726726726726726824e+01 9.327497342131481073e-01
1.741741741741741833e+01 9.574179377974083582e-01
1.756756756756756843e+01 9.631311234196712201e-01
1.771771771771771853e+01 9.540641128122663295e-01
1.786786786786786863e+01 9.464315602931749893e-01
1.801801801801801872e+01 9.304835325110475397e-01
1.816816816816816882e+01 9.520358368181118802e-01
1.831831831831831892e+01 9.695895715509559309e-01
1.846846846846846901e+01 9.625064592134653374e-01
1.861861861861861911e+01 9.577272340426700170e-01
1.876876876876876921e+01 9.446535184240417715e-01
1.891891891891891930e+01 9.531748632057639448e-01
1.906906906906906940e+01 9.710665987752334916e-01
1.921921921921921950e+01 9.609665935997011577e-01
1.936936936936936959e+01 9.560450344055996252e-01
1.951951951951951969e+01 9.464869240751232482e-01
1.966966966966966979e+01 9.425680722062359518e-01
1.981981981981981988e+01 9.642724200298682380e-01
1.996996996996996998e+01 9.615916237506436648e-01
2.012012012012012008e+01 9.536394181356266930e-01
2.027027027027027017e+01 9.441957685931989808e-01
2.042042042042042027e+01 9.267447266404124084e-01
2.057057057057057037e+01 9.601760835162230778e-01
2.072072072072072046e+01 9.677721189325000362e-01
2.087087087087087056e+01 9.598300811908806462e-01
2.102102102102102066e+01 9.522779791390449944e-01
2.117117117117117076e+01 9.366545650078695884e-01
2.132132132132132085e+01 9.596448682146697662e-01
2.147147147147147095e+01 9.705192681245190522e-01
2.162162162162162105e+01 9.590797027827063781e-01
2.177177177177177114e+01 9.549526385192280697e-01
2.192192192192192124e+01 9.424461223494595696e-01
2.207207207207207134e+01 9.529841326848311756e-01
2.222222222222222143e+01 9.677570514979915162e-01
2.237237237237237153e+01 9.579080918338219730e-01
2.252252252252252163e+01 9.530798324528981791e-01
2.267267267267267172e+01 9.415602931131621389e-01
2.282282282282282182e+01 9.417003029000706738e-01
2.297297297297297192e+01 9.659522426932949379e-01
2.312312312312312201e+01 9.644017108627416235e-01
2.327327327327327211e+01 9.572649423889516562e-01
2.342342342342342221e+01 9.471862565493405217e-01
2.357357357357357230e+01 9.345893135058063184e-01
2.372372372372372240e+01 9.653078064887729015e-01
2.387387387387387250e+01 9.681299905722758892e-01
2.402402402402402259e+01 9.590150494714365648e-01
2.417417417417417624e+01 9.517607952499759216e-01
2.432432432432432634e+01 9.363678050287326249e-01
2.447447447447447644e+01 9.607861360650380433e-01
2.462462462462462653e+01 9.677874883625133817e-01
2.477477477477477663e+01 9.570069931781848283e-01
2.492492492492492673e+01 9.515157646178825646e-01
2.507507507507507682e+01 9.376631251021975144e-01
2.522522522522522692e+01 9.527321347671422469e-01
2.537537537537537702e+01 9.677579611172562046e-01
2.552552552552552712e+01 9.584291372304767354e-01
2.567567567567567721e+01 9.544191191464680424e-01
2.582582582582582731e+01 9.419974095170143835e-01
2.597597597597597741e+01 9.460845494017875446e-01
2.612612612612612750e+01 9.680244180303622104e-01
2.627627627627627760e+01 9.636344738201182425e-01
2.642642642642642770e+01 9.572998642548262715e-01
2.657657657657657779e+01 9.472827282277075378e-01
2.672672672672672789e+01 9.390467825739381436e-01
2.687687687687687799e+01 9.658334514903736956e-01
2.702702702702702808e+01 9.658226853105890131e-01
2.717717717717717818e+01 9.569582092666655271e-01
2.732732732732732828e+01 9.489418682905313984e-01
2.747747747747747837e+01 9.327719535050179589e-01
2.762762762762762847e+01 9.610265291381892006e-01
2.777777777777777857e+01 9.677627587916609597e-01
2.792792792792792866e+01 9.579235672988131167e-01
2.807807807807807876e+01 9.514634849776431036e-01
2.822822822822822886e+01 9.366927460956264717e-01
2.837837837837837895e+01 9.560073076485791077e-01
2.852852852852852905e+01 9.692827616481397568e-01
2.867867867867867915e+01 9.590584295580875107e-01
2.882882882882882924e+01 9.547548746200725800e-01
2.897897897897897934e+01 9.420069137773553480e-01
2.912912912912912944e+01 9.501060332754406312e-01
2.927927927927927954e+01 9.686549313903505265e-01
2.942942942942942963e+01 9.612416079308907513e-01
2.957957957957957973e+01 9.558150173534692984e-01
2.972972972972972983e+01 9.450979994250964245e-01
2.987987987987987992e+01 9.412023123811879000e-01
3.003003003003003002e+01 9.659034337777436807e-01
3.018018018018018012e+01 9.645391498105517769e-01
3.033033033033033021e+01 9.567979545103069139e-01
3.048048048048048031e+01 9.477835232475919636e-01
3.063063063063063041e+01 9.308297674522406639e-01
3.078078078078078050e+01 9.624544734729620910e-01
3.093093093093093060e+01 9.675035988481296423e-01
3.108108108108108070e+01 9.582961354316932301e-01
3.123123123123123079e+01 9.513169001116671408e-01
3.138138138138138089e+01 9.361651413194611582e-01
3.153153153153153099e+01 9.581638612284150147e-01
3.168168168168168108e+01 9.688983963780238851e-01
3.183183183183183118e+01 9.583732938435153281e-01
3.198198198198198128e+01 9.535693914459797416e-01
3.213213213213213493e+01 9.403809933260580678e-01
3.228228228228228147e+01 9.517935326700780463e-01
3.243243243243243512e+01 9.685863793898337182e-01
3.258258258258258167e+01 9.599090351072034899e-01
3.273273273273273531e+01 9.551014353893909625e-01
3.288288288288288186e+01 9.436282786395807642e-01
3.303303303303303551e+01 9.437843300975116145e-01
3.318318318318318205e+01 9.672281121407255711e-01
3.333333333333333570e+01 9.642349210238571056e-01
3.348348348348348225e+01 9.569676162690676779e-01
3.363363363363363590e+01 9.473558646676474293e-01
3.378378378378378244e+01 9.350472320327936071e-01
3.393393393393393609e+01 9.645763557150826006e-01
3.408408408408408263e+01 9.670097028384804227e-01
3.423423423423423628e+01 9.579417769749853928e-01
3.438438438438438283e+01 9.503635181859082515e-01
3.453453453453453648e+01 9.346297740476662286e-01
3.468468468468468302e+01 9.599844245793556219e-01
3.483483483483483667e+01 9.682499575423186844e-01
3.498498498498498321e+01 9.581700711843105234e-01
3.513513513513513686e+01 9.525166144351491226e-01
3.528528528528528341e+01 9.385528449483372393e-01
3.543543543543543706e+01 9.537554786458820599e-01
3.558558558558558360e+01 9.684968519709984403e-01
3.573573573573573725e+01 9.584133254020946735e-01
3.588588588588588379e+01 9.547296262905280440e-01
3.603603603603603744e+01 9.426141368806254528e-01
3.618618618618618399e+01 9.465356454836895139e-01
3.633633633633633764e+01 9.676579619788304720e-01
3.648648648648648418e+01 9.628530476176158093e-01
3.663663663663663783e+01 9.564453002652247848e-01
3.678678678678678438e+01 9.463249164396495550e-01
3.693693693693693803e+01 9.380456301566039157e-01
3.708708708708708457e+01 9.653340153283348490e-01
3.723723723723723822e+01 9.660606433682999983e-01
3.738738738738738476e+01 9.574131519724807804e-01
3.753753753753753841e+01 9.492231035294134145e-01
3.768768768768768496e+01 9.329107360285147088e-01
3.783783783783783861e+01 9.615017161547265712e-01
3.798798798798798515e+01 9.682222295039892845e-01
3.813813813813813880e+01 9.582186017969196445e-01
3.828828828828828534e+01 9.519336050272375616e-01
3.843843843843843899e+01 9.373337533695406121e-01
3.858858858858859264e+01 9.563398765608247531e-01
3.873873873873873919e+01 9.690825670600146102e-01
3.888888888888889284e+01 9.585364669028060280e-01
3.903903903903903938e+01 9.542541181960022545e-01
3.918918918918919303e+01 9.415099726217694975e-01
3.933933933933933957e+01 9.496069510312380446e-01
3.948948948948949322e+01 9.683509821243277971e-01
3.963963963963963977e+01 9.613363116326459901e-01
3.978978978978979342e+01 9.558564015323606222e-01
3.993993993993993996e+01 9.450008959606195358e-01
4.009009009009009361e+01 9.411203929215180564e-01
4.024024024024024015e+01 9.661394311609242669e-01
4.039039039039039380e+01 9.648587081246877695e-01
4.054054054054054035e+01 9.571329104717026803e-01
4.069069069069069400e+01 9.481947948115730940e-01
4.084084084084084054e+01 9.313431670056693257e-01
4.099099099099099419e+01 9.626780360512336987e-01
4.114114114114114074e+01 9.673827175748029861e-01
4.129129129129129439e+01 9.580249368821708300e-01
4.144144144144144093e+01 9.510989303163163155e-01
4.159159159159159458e+01 9.359879777065879258e-01
4.174174174174174112e+01 9.579179535968809223e-01
4.189189189189189477e+01 9.686937064119639507e-01
4.204204204204204132e+01 9.583271108608417688e-01
4.219219219219219497e+01 9.534286484642793269e-01
4.234234234234234151e+01 9.401485013998498452e-01
4.249249249249249516e+01 9.516825205520293984e-01
4.264264264264264170e+01 9.687126070648176546e-01
4.279279279279279535e+01 9.601454179341487594e-01
4.294294294294294190e+01 9.553549653186083068e-01
4.309309309309309555e+01 9.439012607479712047e-01
4.324324324324324209e+01 9.440680503247611544e-01
4.339339339339339574e+01 9.673671846328585344e-01
4.354354354354354228e+01 9.641660628562521707e-01
4.369369369369369593e+01 9.568853797811659456e-01
4.384384384384384248e+01 9.473228718832593653e-01
4.399399399399399613e+01 9.350491312953257417e-01
4.414414414414414267e+01 9.644582419127405437e-01
4.429429429429429632e+01 9.668809379107768942e-01
4.444444444444444287e+01 9.578376364970382362e-01
4.459459459459459651e+01 9.502097300974736704e-01
4.474474474474474306e+01 9.344260112237734450e-01
4.489489489489489671e+01 9.599176473365684803e-01
4.504504504504504325e+01 9.683268978007618655e-01
4.519519519519519690e+01 9.583177155516123813e-01
4.534534534534534345e+01 9.526545308827720770e-01
4.549549549549549710e+01 9.386869222382971945e-01
4.564564564564564364e+01 9.538984853463581270e-01
4.579579579579579729e+01 9.685709440603320619e-01
4.594594594594594383e+01 9.583752750725884617e-01
4.609609609609609748e+01 9.547312465194462971e-01
4.624624624624624403e+01 9.426521211854069771e-01
4.639639639639639768e+01 9.465619718963890206e-01
4.654654654654654422e+01 9.675880353032378922e-01
4.669669669669669787e+01 9.627534042292789085e-01
4.684684684684684441e+01 9.563421558022039415e-01
4.699699699699699806e+01 9.461958151058971200e-01
4.714714714714714461e+01 9.379165373294493513e-01
4.729729729729729826e+01 9.652907000821064898e-01
4.744744744744744480e+01 9.661127850215880386e-01
4.759759759759759845e+01 9.574956522310359430e-01
4.774774774774774500e+01 9.492888015956720826e-01
4.789789789789789864e+01 9.329645509232186162e-01
4.804804804804804519e+01 9.615858894940886303e-01
4.819819819819819884e+01 9.682652236489004416e-01
4.834834834834835249e+01 9.582232442248912463e-01
4.849849849849849903e+01 9.519647563056184980e-01
4.864864864864865268e+01 9.373896627704075835e-01
4.879879879879879923e+01 9.563579245080671143e-01
4.894894894894895288e+01 9.690335871520729949e-01
4.909909909909909942e+01 9.584684439703190506e-01
4.924924924924925307e+01 9.541754982851838873e-01
4.939939939939939961e+01 9.414189956593806974e-01
4.954954954954955326e+01 9.495361667775157333e-01
4.969969969969969981e+01 9.683307603361598348e-01
4.984984984984985346e+01 9.613741849837348363e-01
5.000000000000000000e+01 9.558943165713443824e-01
5.015015015015015365e+01 9.450212658603345250e-01
5.030030030030030019e+01 9.411555481344764384e-01
5.045045045045045384e+01 9.661932914264000916e-01
5.060060060060060039e+01 9.648905063763454359e-01
5.075075075075075404e+01 9.571628556538768207e-01
5.090090090090090058e+01 9.482406980152869869e-01
5.105105105105105423e+01 9.314186255732117559e-01
5.120120120120120077e+01 9.626931346263465361e-01
5.135135135135135442e+01 9.673437931818706925e-01
5.150150150150150097e+01 9.579725439489317207e-01
5.165165165165165462e+01 9.510444766191300525e-01
5.180180180180180116e+01 9.359303580009187273e-01
5.195195195195195481e+01 9.578693000010228831e-01
5.210210210210210136e+01 9.686768240765394333e-01
5.225225225225225500e+01 9.583503606218802817e-01
5.240240240240240155e+01 9.534358418351546183e-01
5.255255255255255520e+01 9.401415009432164682e-01
5.270270270270270174e+01 9.517037775781167497e-01
5.285285285285285539e+01 9.687437264253955238e-01
5.300300300300300194e+01 9.601622177251464274e-01
5.315315315315315559e+01 9.553821134143439808e-01
5.330330330330330213e+01 9.439377863354214693e-01
5.345345345345345578e+01 9.441116472817578931e-01
5.360360360360360232e+01 9.673700201832737822e-01
5.375375375375375597e+01 9.641351300872667007e-01
5.390390390390390252e+01 9.568544189781055254e-01
5.405405405405405617e+01 9.472900211232215817e-01
5.420420420420420271e+01 9.350272874871299322e-01
5.435435435435435636e+01 9.644390645616894853e-01
5.450450450450450290e+01 9.668773586110004370e-01
5.465465465465465655e+01 9.578412199825377948e-01
5.480480480480480310e+01 9.502059898839899654e-01
5.495495495495495675e+01 9.344153429184119952e-01
5.510510510510510329e+01 9.599261003619106170e-01
5.525525525525525694e+01 9.683419747610055861e-01
5.540540540540540349e+01 9.583354912989144880e-01
5.555555555555555713e+01 9.526723285031336586e-01
5.570570570570570368e+01 9.387053847855900690e-01
5.585585585585585733e+01 9.539284946476410676e-01
5.600600600600600387e+01 9.685754501167518349e-01
5.615615615615615752e+01 9.583591408519341881e-01
5.630630630630630407e+01 9.547181902802469589e-01
5.645645645645645772e+01 9.426414634857479546e-01
5.660660660660660426e+01 9.465595279894142289e-01
5.675675675675675791e+01 9.675720875747935157e-01
5.690690690690690445e+01 9.627389240469993448e-01
5.705705705705705810e+01 9.563275498996106627e-01
5.720720720720720465e+01 9.461751931920802106e-01
5.735735735735735830e+01 9.379048289466247468e-01
5.750750750750750484e+01 9.652885222827334299e-01
5.765765765765765849e+01 9.661195345088139375e-01
5.780780780780781214e+01 9.575081128744951098e-01
5.795795795795795868e+01 9.492980274153210996e-01
5.810810810810811233e+01 9.329717403770065864e-01
5.825825825825825888e+01 9.615997091340222624e-01
5.840840840840841253e+01 9.682708708768740236e-01
5.855855855855855907e+01 9.582260825653272640e-01
5.870870870870871272e+01 9.519691916882838667e-01
5.885885885885885926e+01 9.373958497101387843e-01
5.900900900900901291e+01 9.563649642475267054e-01
5.915915915915915946e+01 9.690297362454655117e-01
5.930930930930931311e+01 9.584614976236019990e-01
5.945945945945945965e+01 9.541663379280528323e-01
5.960960960960961330e+01 9.414075626944550246e-01
5.975975975975975985e+01 9.495368863689276351e-01
5.990990990990991349e+01 9.683316822964525006e-01
6.006006006006006004e+01 9.613746708307481237e-01
6.021021021021021369e+01 9.558932289388327730e-01
6.036036036036036023e+01 9.450197700178606386e-01
6.051051051051051388e+01 9.411696514199475727e-01
6.066066066066066043e+01 9.661946235976655029e-01
6.081081081081081408e+01 9.648821773377270761e-01
6.096096096096096062e+01 9.571561391816539865e-01
6.111111111111111427e+01 9.482308760698104910e-01
6.126126126126126081e+01 9.314229920964459675e-01
6.141141141141141446e+01 9.626947788263423567e-01
6.156156156156156101e+01 9.673429505013632079e-01
6.171171171171171466e+01 9.579759404572849579e-01
6.186186186186186120e+01 9.510446786658456331e-01
6.201201201201201485e+01 9.359278424368833171e-01
6.216216216216216139e+01 9.578732757205368209e-01
6.231231231231231504e+01 9.686799916252325504e-01
6.246246246246246159e+01 9.583568542635877430e-01
6.261261261261261524e+01 9.534409167832924581e-01
6.276276276276276178e+01 9.401458861560104685e-01
6.291291291291291543e+01 9.517180679426413548e-01
6.306306306306306197e+01 9.687451934015456345e-01
6.321321321321321562e+01 9.601520602664530557e-01
6.336336336336336217e+01 9.553757936668988426e-01
6.351351351351351582e+01 9.439316828058093023e-01
6.366366366366366236e+01 9.441177518420389436e-01
6.381381381381381601e+01 9.673655856142074905e-01
6.396396396396396256e+01 9.641269062911619336e-01
6.411411411411411621e+01 9.568438258210494318e-01
6.426426426426426985e+01 9.472784794604605096e-01
6.441441441441440929e+01 9.350273934759016914e-01
6.456456456456456294e+01 9.644359311401989876e-01
6.471471471471471659e+01 9.668750209006663487e-01
6.486486486486487024e+01 9.578438947470118148e-01
6.501501501501500968e+01 9.502025972823435751e-01
6.516516516516516333e+01 9.344061988349858794e-01
6.531531531531531698e+01 9.599392073832623273e-01
6.546546546546547063e+01 9.683511842298593297e-01
6.561561561561561007e+01 9.583410043295238490e-01
6.576576576576576372e+01 9.526794394609201522e-01
6.591591591591591737e+01 9.387138727322466014e-01
6.606606606606607102e+01 9.539419263682756833e-01
6.621621621621621046e+01 9.685718801978220327e-01
6.636636636636636410e+01 9.583508025338686176e-01
6.651651651651651775e+01 9.547069696975616360e-01
6.666666666666667140e+01 9.426272523249338287e-01
6.681681681681681084e+01 9.465542602979355458e-01
6.696696696696696449e+01 9.675693222508923164e-01
6.711711711711711814e+01 9.627407380503025802e-01
6.726726726726727179e+01 9.563327855179998283e-01
6.741741741741742544e+01 9.461763464322253681e-01
6.756756756756756488e+01 9.379165814596880368e-01
6.771771771771771853e+01 9.652967279534188094e-01
6.786786786786787218e+01 9.661214630671202119e-01
6.801801801801802583e+01 9.575112115819708336e-01
6.816816816816816527e+01 9.493021329937301189e-01
6.831831831831831892e+01 9.329771145036701574e-01
6.846846846846847257e+01 9.616046484458223853e-01
6.861861861861862621e+01 9.682638998433356070e-01
6.876876876876876565e+01 9.582218434212387281e-01
6.891891891891891930e+01 9.519602504040223234e-01
6.906906906906907295e+01 9.373826987773152819e-01
6.921921921921922660e+01 9.563688875863354255e-01
6.936936936936936604e+01 9.690338311981178121e-01
6.951951951951951969e+01 9.584678160794614099e-01
6.966966966966967334e+01 9.541710896939479269e-01
6.981981981981982699e+01 9.414109250357899361e-01
6.996996996996996643e+01 9.495518870203566442e-01
7.012012012012012008e+01 9.683365255974345498e-01
7.027027027027027373e+01 9.613679517758734194e-01
7.042042042042042738e+01 9.558892581256598353e-01
7.057057057057056682e+01 9.450153024707063087e-01
7.072072072072072046e+01 9.411765747474335475e-01
7.087087087087087411e+01 9.661953501886068052e-01
7.102102102102102776e+01 9.648776280887211287e-01
7.117117117117116720e+01 9.571539024104308568e-01
7.132132132132132085e+01 9.482248397992758537e-01
7.147147147147147450e+01 9.314269197528597388e-01
7.162162162162162815e+01 9.626976640457632906e-01
7.177177177177176759e+01 9.673441161821132450e-01
7.192192192192192124e+01 9.579800426536864144e-01
7.207207207207207489e+01 9.510471218140077454e-01
7.222222222222222854e+01 9.359292447520001224e-01
7.237237237237236798e+01 9.578874046020567912e-01
7.252252252252252163e+01 9.686751869169956120e-01
7.267267267267267528e+01 9.583467612863063589e-01
7.282282282282282893e+01 9.534300162609409268e-01
7.297297297297296836e+01 9.401340732323698601e-01
7.312312312312312201e+01 9.517185051950741714e-01
7.327327327327327566e+01 9.687376865708700047e-01
7.342342342342342931e+01 9.601441615244484806e-01
7.357357357357356875e+01 9.553693461204442183e-01
7.372372372372372240e+01 9.439205435732165306e-01
7.387387387387387605e+01 9.441160227729664678e-01
7.402402402402402970e+01 9.673690722764213268e-01
7.417417417417416914e+01 9.641331900548509859e-01
7.432432432432432279e+01 9.568481949041524048e-01
7.447447447447447644e+01 9.472851582685067884e-01
7.462462462462463009e+01 9.350506772144153711e-01
7.477477477477476953e+01 9.644419929410992243e-01
7.492492492492492318e+01 9.668652505142563136e-01
7.507507507507507682e+01 9.578313201804729005e-01
7.522522522522523047e+01 9.501881064685866463e-01
7.537537537537536991e+01 9.343893983719019358e-01
7.552552552552552356e+01 9.599364335884895683e-01
7.567567567567567721e+01 9.683489182253469663e-01
7.582582582582583086e+01 9.583450731217763030e-01
7.597597597597597030e+01 9.526783973621806290e-01
7.612612612612612395e+01 9.387078825194817844e-01
7.627627627627627760e+01 9.539516441388364854e-01
7.642642642642643125e+01 9.685790917232167674e-01
7.657657657657657069e+01 9.583575973122738789e-01
7.672672672672672434e+01 9.547133893380087555e-01
7.687687687687687799e+01 9.426333057351268252e-01
7.702702702702703164e+01 9.465755394678041501e-01
7.717717717717718529e+01 9.675731373238515287e-01
7.732732732732732472e+01 9.627286907161736185e-01
7.747747747747747837e+01 9.563226842487031476e-01
7.762762762762763202e+01 9.461660983724784479e-01
7.777777777777778567e+01 9.379203534635918160e-01
7.792792792792792511e+01 9.652895308108383476e-01
7.807807807807807876e+01 9.661126798927236470e-01
7.822822822822823241e+01 9.575083304358862346e-01
7.837837837837838606e+01 9.492932758160790296e-01
7.852852852852852550e+01 9.329628109447092310e-01
7.867867867867867915e+01 9.616094397051483389e-01
7.882882882882883280e+01 9.682704393321716063e-01
7.897897897897898645e+01 9.582273035869961486e-01
7.912912912912912589e+01 9.519673400993433621e-01
7.927927927927927954e+01 9.373914604138273710e-01
7.942942942942943318e+01 9.563839375950984323e-01
7.957957957957958683e+01 9.690303184684879723e-01
7.972972972972972627e+01 9.584522114938911486e-01
7.987987987987987992e+01 9.541560752040239013e-01
8.003003003003003357e+01 9.413957070443111919e-01
8.018018018018018722e+01 9.495452367416636896e-01
8.033033033033032666e+01 9.683287243390030774e-01
8.048048048048048031e+01 9.613660998722846074e-01
8.063063063063063396e+01 9.558859733514394330e-01
8.078078078078078761e+01 9.450059841342901557e-01
8.093093093093092705e+01 9.411807776377627555e-01
8.108108108108108070e+01 9.662045600885919017e-01
8.123123123123123435e+01 9.648856147313467080e-01
8.138138138138138800e+01 9.571646250073668760e-01
8.153153153153152743e+01 9.482348389458571392e-01
8.168168168168168108e+01 9.314527068092529616e-01
8.183183183183183473e+01 9.627102418061694866e-01
8.198198198198198838e+01 9.673404316465509245e-01
8.213213213213212782e+01 9.579753275021816172e-01
8.228228228228228147e+01 9.510415134277760973e-01
8.243243243243243512e+01 9.359225935586108491e-01
8.258258258258258877e+01 9.578876247120781118e-01
8.273273273273272821e+01 9.686701088534448445e-01
8.288288288288288186e+01 9.583458177795918242e-01
8.303303303303303551e+01 9.534253028793190365e-01
8.318318318318318916e+01 9.401261719757544322e-01
8.333333333333332860e+01 9.517154172253431410e-01
8.348348348348348225e+01 9.687403197138204636e-01
8.363363363363363590e+01 9.601503584554437198e-01
8.378378378378378954e+01 9.553780185804500169e-01
8.393393393393392898e+01 9.439277791677860296e-01
8.408408408408408263e+01 9.441344996045285543e-01
8.423423423423423628e+01 9.673779372769067963e-01
8.438438438438438993e+01 9.641293140963911323e-01
8.453453453453452937e+01 9.568512831857721723e-01
8.468468468468468302e+01 9.472844854127531189e-01
8.483483483483483667e+01 9.350608489987237704e-01
8.498498498498499032e+01 9.644509012934900927e-01
8.513513513513512976e+01 9.668693500054396095e-01
8.528528528528528341e+01 9.578340524330817285e-01
8.543543543543543706e+01 9.501918737542135451e-01
8.558558558558559071e+01 9.343939811973461795e-01
8.573573573573573015e+01 9.599463994203596418e-01
8.588588588588588379e+01 9.683426906023352432e-01
8.603603603603603744e+01 9.583345200914011874e-01
8.618618618618619109e+01 9.526656716855693707e-01
8.633633633633633053e+01 9.386926907931927300e-01
8.648648648648648418e+01 9.539497692552512120e-01
8.663663663663663783e+01 9.685762598725530248e-01
8.678678678678679148e+01 9.583619853508190678e-01
8.693693693693694513e+01 9.547131715220261716e-01
8.708708708708708457e+01 9.426289409297892163e-01
8.723723723723723822e+01 9.465847142553486249e-01
8.738738738738739187e+01 9.675774890739181622e-01
8.753753753753754552e+01 9.627270818232289695e-01
8.768768768768768496e+01 9.563239109804381188e-01
8.783783783783783861e+01 9.461675935694744410e-01
8.798798798798799226e+01 9.379319334099763816e-01
8.813813813813814591e+01 9.652898193483565592e-01
8.828828828828828534e+01 9.661044734371075915e-01
8.843843843843843899e+01 9.574928122492263327e-01
8.858858858858859264e+01 9.492818469352429789e-01
8.873873873873874629e+01 9.329546127111610909e-01
8.888888888888888573e+01 9.615978238926152777e-01
8.903903903903903938e+01 9.682545196915444130e-01
8.918918918918919303e+01 9.582171753962385186e-01
8.933933933933934668e+01 9.519496929344091196e-01
8.948948948948948612e+01 9.373665265070263430e-01
8.963963963963963977e+01 9.563769255420520032e-01
8.978978978978979342e+01 9.690401289248609107e-01
8.993993993993994707e+01 9.584769944958982935e-01
9.009009009009008651e+01 9.541764025613350686e-01
9.024024024024024015e+01 9.414123716303003375e-01
9.039039039039039380e+01 9.495632139569448738e-01
9.054054054054054745e+01 9.683483836947228696e-01
9.069069069069068689e+01 9.613732357925509620e-01
9.084084084084084054e+01 9.558993523542328452e-01
9.099099099099099419e+01 9.450222752457543285e-01
9.114114114114114784e+01 9.412088695755796985e-01
9.129129129129128728e+01 9.662119116269292096e-01
9.144144144144144093e+01 9.648722809798206956e-01
9.159159159159159458e+01 9.571510463378093414e-01
9.174174174174174823e+01 9.482202002037728450e-01
9.189189189189188767e+01 9.314600605076218676e-01
9.204204204204204132e+01 9.627051599864595577e-01
9.219219219219219497e+01 9.673308157238970084e-01
9.234234234234234862e+01 9.579660366448091713e-01
9.249249249249248805e+01 9.510298314684690890e-01
9.264264264264264170e+01 9.359083686385375467e-01
9.279279279279279535e+01 9.578833362685447161e-01
9.294294294294294900e+01 9.686664876100841148e-01
9.309309309309308844e+01 9.583510320981994957e-01
9.324324324324324209e+01 9.534255880089723689e-01
9.339339339339339574e+01 9.401222583656995146e-01
9.354354354354354939e+01 9.517246049629088933e-01
9.369369369369368883e+01 9.687475765139365036e-01
9.384384384384384248e+01 9.601515762215803163e-01
9.399399399399399613e+01 9.553835421311528409e-01
9.414414414414414978e+01 9.439344318292619551e-01
9.429429429429428922e+01 9.441501583712264001e-01
9.444444444444444287e+01 9.673790562809725380e-01
9.459459459459459651e+01 9.641197680107632673e-01
9.474474474474475016e+01 9.568407922747896865e-01
9.489489489489488960e+01 9.472736680625973849e-01
9.504504504504504325e+01 9.350627622788343363e-01
9.519519519519519690e+01 9.644479305997807339e-01
9.534534534534535055e+01 9.668652644761717152e-01
9.549549549549548999e+01 9.578313998152272468e-01
9.564564564564564364e+01 9.501853431313174170e-01
9.579579579579579729e+01 9.343836134816828620e-01
9.594594594594595094e+01 9.599510105848987340e-01
9.609609609609609038e+01 9.683477616077367234e-01
9.624624624624624403e+01 9.583425792796465004e-01
9.639639639639639768e+01 9.526714475744048061e-01
9.654654654654655133e+01 9.386962698497367530e-01
9.669669669669670498e+01 9.539656419872950543e-01
9.684684684684684441e+01 9.685800086850446800e-01
9.699699699699699806e+01 9.583575829740729191e-01
9.714714714714715171e+01 9.547094491473393507e-01
9.729729729729730536e+01 9.426255195090588179e-01
9.744744744744744480e+01 9.465926654533360907e-01
9.759759759759759845e+01 9.675734701824871831e-01
9.774774774774775210e+01 9.627169981421946909e-01
9.789789789789790575e+01 9.563177437430029348e-01
9.804804804804804519e+01 9.461564878672722445e-01
9.819819819819819884e+01 9.379314224570720615e-01
9.834834834834835249e+01 9.652912113660039317e-01
9.849849849849850614e+01 9.661081238850144359e-01
9.864864864864864558e+01 9.575083987604670055e-01
9.879879879879879923e+01 9.492902572249536375e-01
9.894894894894895288e+01 9.329575516860596496e-01
9.909909909909910652e+01 9.616159558311789812e-01
9.924924924924924596e+01 9.682680370241080192e-01
9.939939939939939961e+01 9.582257831178008223e-01
9.954954954954955326e+01 9.519633438154202487e-01
9.969969969969970691e+01 9.373853295908668448e-01
9.984984984984984635e+01 9.563941125952382105e-01
1.000000000000000000e+02 9.690305127691382081e-01
1.001501501501501536e+02 9.584535666294764500e-01
1.003003003003003073e+02 9.541523298743040948e-01
1.004504504504504467e+02 9.413868954281719992e-01
1.006006006006006004e+02 9.495495302274739036e-01
1.007507507507507540e+02 9.683376556971893256e-01
1.009009009009009077e+02 9.613727502738662611e-01
1.010510510510510471e+02 9.558985932777737116e-01
1.012012012012012008e+02 9.450139872058500590e-01
1.013513513513513544e+02 9.412157825089401131e-01
1.015015015015015081e+02 9.662245339084611917e-01
1.016516516516516475e+02 9.648812394656911540e-01
1.018018018018018012e+02 9.571609279558475070e-01
1.019519519519519548e+02 9.482322536888879716e-01
1.021021021021021085e+02 9.314857096992456009e-01
1.022522522522522479e+02 9.627139276901398590e-01
1.024024024024024015e+02 9.673213195483754134e-01
1.025525525525525552e+02 9.579597660263662329e-01
1.027027027027027088e+02 9.510186631668248181e-01
1.028528528528528483e+02 9.358928954751223328e-01
1.030030030030030019e+02 9.578837336618933884e-01
1.031531531531531556e+02 9.686671877083981030e-01
1.033033033033033092e+02 9.583586494174284320e-01
1.034534534534534487e+02 9.534303285841664310e-01
1.036036036036036023e+02 9.401248745325795353e-01
1.037537537537537560e+02 9.517383805932038143e-01
1.039039039039039096e+02 9.687501407664095288e-01
1.040540540540540491e+02 9.601428560920175492e-01
1.042042042042042027e+02 9.553774795041921619e-01
1.043543543543543564e+02 9.439307035458949224e-01
1.045045045045045100e+02 9.441570991830967596e-01
1.046546546546546494e+02 9.673723490899667210e-01
1.048048048048048031e+02 9.641068789992934818e-01
1.049549549549549567e+02 9.568303053979818618e-01
1.051051051051051104e+02 9.472573539757926930e-01
1.052552552552552498e+02 9.350534926574995964e-01
1.054054054054054035e+02 9.644481755311190563e-01
1.055555555555555571e+02 9.668745344579497969e-01
1.057057057057057108e+02 9.578467808526398564e-01
1.058558558558558644e+02 9.501974105844372964e-01
1.060060060060060039e+02 9.343927981974056163e-01
1.061561561561561575e+02 9.599721203783562196e-01
1.063063063063063112e+02 9.683542613268527610e-01
1.064564564564564648e+02 9.583393906945777418e-01
1.066066066066066043e+02 9.526714442676323946e-01
1.067567567567567579e+02 9.386989987624597687e-01
1.069069069069069116e+02 9.539730198915481463e-01
1.070570570570570652e+02 9.685713675206255591e-01
1.072072072072072046e+02 9.583483741570072434e-01
1.073573573573573583e+02 9.546952048207620889e-01
1.075075075075075119e+02 9.426063256409366042e-01
1.076576576576576656e+02 9.465870997518281982e-01
1.078078078078078050e+02 9.675711188858330258e-01
1.079579579579579587e+02 9.627203078681734194e-01
1.081081081081081123e+02 9.563243885755090545e-01
1.082582582582582660e+02 9.461598761159448756e-01
1.084084084084084054e+02 9.379476325271883796e-01
1.085585585585585591e+02 9.653005911499246139e-01
1.087087087087087127e+02 9.661068297168209362e-01
1.088588588588588664e+02 9.575077635194871872e-01
1.090090090090090058e+02 9.492904040646290564e-01
1.091591591591591595e+02 9.329586708716308685e-01
1.093093093093093131e+02 9.616116414392396061e-01
1.094594594594594668e+02 9.682665743210453480e-01
1.096096096096096062e+02 9.582255285933043432e-01
1.097597597597597598e+02 9.519622663426419162e-01
1.099099099099099135e+02 9.373835275584760929e-01
1.100600600600600671e+02 9.564001378576232337e-01
1.102102102102102066e+02 9.690303694999135020e-01
1.103603603603603602e+02 9.584520170943349182e-01
1.105105105105105139e+02 9.541489324271889005e-01
1.106606606606606675e+02 9.413817274612911179e-01
1.108108108108108070e+02 9.495654854641907283e-01
1.109609609609609606e+02 9.683396389848184516e-01
1.111111111111111143e+02 9.613630800548523814e-01
1.112612612612612679e+02 9.558899468472971117e-01
1.114114114114114074e+02 9.450035528652606098e-01
1.115615615615615610e+02 9.412211839408559655e-01
1.117117117117117147e+02 9.662225961475449099e-01
1.118618618618618683e+02 9.648754792467761909e-01
1.120120120120120077e+02 9.571586181032767371e-01
1.121621621621621614e+02 9.482245974907375086e-01
1.123123123123123150e+02 9.314852245435240041e-01
1.124624624624624687e+02 9.627188042539884805e-01
1.126126126126126081e+02 9.673272736347384715e-01
1.127627627627627618e+02 9.579680832865057338e-01
1.129129129129129154e+02 9.510266295661785607e-01
1.130630630630630691e+02 9.359010307321871114e-01
1.132132132132132085e+02 9.578962857040722589e-01
1.133633633633633622e+02 9.686641760780128063e-01
1.135135135135135158e+02 9.583492060757083930e-01
1.136636636636636695e+02 9.534214767271641522e-01
1.138138138138138089e+02 9.401164571046830565e-01
1.139639639639639626e+02 9.517372068646618999e-01
1.141141141141141162e+02 9.687415285989550151e-01
1.142642642642642699e+02 9.601350919025711805e-01
1.144144144144144093e+02 9.553721606738829752e-01
1.145645645645645629e+02 9.439184517680773157e-01
1.147147147147147166e+02 9.441547086509405329e-01
1.148648648648648702e+02 9.673807373057118353e-01
1.150150150150150097e+02 9.641194818698097802e-01
1.151651651651651633e+02 9.568444888684514149e-01
1.153153153153153170e+02 9.472730960677494538e-01
1.154654654654654706e+02 9.350866136497859582e-01
1.156156156156156243e+02 9.644618742607240502e-01
1.157657657657657637e+02 9.668659679850021282e-01
1.159159159159159174e+02 9.578297393157797490e-01
1.160660660660660710e+02 9.501832744827548582e-01
1.162162162162162247e+02 9.343804564770440413e-01
1.163663663663663641e+02 9.599621228938827189e-01
1.165165165165165178e+02 9.683422655202349461e-01
1.166666666666666714e+02 9.583356445221973274e-01
1.168168168168168251e+02 9.526593147590851629e-01
1.169669669669669645e+02 9.386787173928783368e-01
1.171171171171171181e+02 9.539730384881475178e-01
1.172672672672672718e+02 9.685810128027100285e-01
1.174174174174174254e+02 9.583678779079637389e-01
1.175675675675675649e+02 9.547124237116660916e-01
1.177177177177177185e+02 9.426218786707840636e-01
1.178678678678678722e+02 9.466120109420601558e-01
1.180180180180180258e+02 9.675826244733626291e-01
1.181681681681681653e+02 9.627135517614308080e-01
1.183183183183183189e+02 9.563221181214883737e-01
1.184684684684684726e+02 9.461591988968959255e-01
1.186186186186186262e+02 9.379622330870419633e-01
1.187687687687687657e+02 9.652977861521384595e-01
1.189189189189189193e+02 9.660937551482107200e-01
1.190690690690690730e+02 9.574955102314725019e-01
1.192192192192192266e+02 9.492754113837530427e-01
1.193693693693693660e+02 9.329411298944145781e-01
1.195195195195195197e+02 9.616135127919558379e-01
1.196696696696696733e+02 9.682566537829826459e-01
1.198198198198198270e+02 9.582205479672790682e-01
1.199699699699699664e+02 9.519510649096546429e-01
1.201201201201201201e+02 9.373664939537440510e-01
1.202702702702702737e+02 9.564003352395281654e-01
1.204204204204204274e+02 9.690373226740844892e-01
1.205705705705705668e+02 9.584639475158539534e-01
1.207207207207207205e+02 9.541596480069448605e-01
1.208708708708708741e+02 9.413913785267932210e-01
1.210210210210210278e+02 9.495894731337711780e-01
1.211711711711711672e+02 9.683484676123305102e-01
1.213213213213213209e+02 9.613529264040249211e-01
1.214714714714714745e+02 9.558834181386440809e-01
1.216216216216216282e+02 9.449981594562921750e-01
1.217717717717717676e+02 9.412261441831708542e-01
1.219219219219219212e+02 9.662178189428962671e-01
1.220720720720720749e+02 9.648675190590632056e-01
1.222222222222222285e+02 9.571536962719781050e-01
1.223723723723723680e+02 9.482140767241252766e-01
1.225225225225225216e+02 9.314889916227508948e-01
1.226726726726726753e+02 9.627240090627554592e-01
1.228228228228228289e+02 9.673307373200379367e-01
1.229729729729729684e+02 9.579761516737099747e-01
1.231231231231231220e+02 9.510318701411382136e-01
1.232732732732732757e+02 9.359043418941465076e-01
1.234234234234234293e+02 9.579082336939186426e-01
1.235735735735735688e+02 9.686652104620628867e-01
1.237237237237237224e+02 9.583521159441584780e-01
1.238738738738738761e+02 9.534216230662392322e-01
1.240240240240240297e+02 9.401145728243939237e-01
1.241741741741741691e+02 9.517366427136576545e-01
1.243243243243243228e+02 9.687433796094363503e-01
1.244744744744744764e+02 9.601375720613437581e-01
1.246246246246246301e+02 9.553779997320841488e-01
1.247747747747747695e+02 9.439235859632887360e-01
1.249249249249249232e+02 9.441733340352225223e-01
1.250750750750750768e+02 9.673864452094891320e-01
1.252252252252252305e+02 9.641111746116403092e-01
1.253753753753753841e+02 9.568376078578343380e-01
1.255255255255255236e+02 9.472658476648592174e-01
1.256756756756756772e+02 9.350929269572305635e-01
1.258258258258258309e+02 9.644600924950967880e-01
1.259759759759759845e+02 9.668607479930018123e-01
1.261261261261261239e+02 9.578281046222386630e-01
1.262762762762762776e+02 9.501767411374774097e-01
1.264264264264264312e+02 9.343691036352983481e-01
1.265765765765765849e+02 9.599697769731546648e-01
1.267267267267267243e+02 9.683471878303149261e-01
1.268768768768768780e+02 9.583405228754671157e-01
1.270270270270270316e+02 9.526634029415480542e-01
1.271771771771771853e+02 9.386820781409281889e-01
1.273273273273273247e+02 9.539860072264071400e-01
1.274774774774774784e+02 9.685817272033102610e-01
1.276276276276276320e+02 9.583604421103132376e-01
1.277777777777777857e+02 9.547052092882206686e-01
1.279279279279279251e+02 9.426147313677030182e-01
1.280780780780780788e+02 9.466177882150049738e-01
1.282282282282282324e+02 9.675758301632046976e-01
1.283783783783783861e+02 9.627020529760546008e-01
1.285285285285285397e+02 9.563143303147487728e-01
1.286786786786786934e+02 9.461459905360580791e-01
1.288288288288288186e+02 9.379591002926389587e-01
1.289789789789789722e+02 9.652983878037071364e-01
1.291291291291291259e+02 9.660979431886944635e-01
1.292792792792792795e+02 9.575043751511156387e-01
1.294294294294294332e+02 9.492822346794010935e-01
1.295795795795795868e+02 9.329467739113080915e-01
1.297297297297297405e+02 9.616242859990822289e-01
1.298798798798798941e+02 9.682579082145267302e-01
1.300300300300300194e+02 9.582177012491335244e-01
1.301801801801801730e+02 9.519497518393028601e-01
1.303303303303303267e+02 9.373665745167550911e-01
1.304804804804804803e+02 9.564046738857050478e-01
1.306306306306306340e+02 9.690316531569711511e-01
1.307807807807807876e+02 9.584570903401384845e-01
1.309309309309309413e+02 9.541494642586851871e-01
1.310810810810810949e+02 9.413776037787201512e-01
1.312312312312312201e+02 9.495818826372107724e-01
1.313813813813813738e+02 9.683500105288581628e-01
1.315315315315315274e+02 9.613611592670263661e-01
1.316816816816816811e+02 9.558923159572811912e-01
1.318318318318318347e+02 9.450042507383142887e-01
1.319819819819819884e+02 9.412413148027219956e-01
1.321321321321321420e+02 9.662302185171509628e-01
1.322822822822822957e+02 9.648693671475848666e-01
1.324324324324324209e+02 9.571547426133972802e-01
1.325825825825825746e+02 9.482176605728931396e-01
1.327327327327327282e+02 9.315111308578283289e-01
1.328828828828828819e+02 9.627267700108627091e-01
1.330330330330330355e+02 9.673184451320677724e-01
1.331831831831831892e+02 9.579631832980540773e-01
1.333333333333333428e+02 9.510160776824300166e-01
1.334834834834834965e+02 9.358855721983387888e-01
1.336336336336336217e+02 9.579026371147006946e-01
1.337837837837837753e+02 9.686606300044486861e-01
1.339339339339339290e+02 9.583493302044335804e-01
1.340840840840840826e+02 9.534180952659097041e-01
1.342342342342342363e+02 9.401103599959680368e-01
1.343843843843843899e+02 9.517493502937731664e-01
1.345345345345345436e+02 9.687396907635196230e-01
1.346846846846846972e+02 9.601238644937852840e-01
1.348348348348348509e+02 9.553667034790419565e-01
1.349849849849849761e+02 9.439095558782605311e-01
1.351351351351351298e+02 9.441694569618208632e-01
1.352852852852852834e+02 9.673840170404165439e-01
1.354354354354354371e+02 9.641136522606692516e-01
1.355855855855855907e+02 9.568425045020770847e-01
1.357357357357357444e+02 9.472672917987323693e-01
1.358858858858858980e+02 9.351037353340631020e-01
1.360360360360360517e+02 9.644710786254828694e-01
1.361861861861861769e+02 9.668663422458478873e-01
1.363363363363363305e+02 9.578338410466659125e-01
1.364864864864864842e+02 9.501820071006431556e-01
1.366366366366366378e+02 9.343739245830733342e-01
1.367867867867867915e+02 9.599823664932268796e-01
1.369369369369369451e+02 9.683473048831043872e-01
1.370870870870870988e+02 9.583344373696859320e-01
1.372372372372372524e+02 9.526577047370304863e-01
1.373873873873873777e+02 9.386763309960971524e-01
1.375375375375375313e+02 9.539891565737064205e-01
1.376876876876876850e+02 9.685761954704339427e-01
1.378378378378378386e+02 9.583591800380230064e-01
1.379879879879879923e+02 9.546985824982142654e-01
1.381381381381381459e+02 9.426031509765766536e-01
1.382882882882882996e+02 9.466221639773501062e-01
1.384384384384384532e+02 9.675796014504868259e-01
1.385885885885885784e+02 9.627039974789424193e-01
1.387387387387387321e+02 9.563195856059814037e-01
1.388888888888888857e+02 9.461502399823211729e-01
1.390390390390390394e+02 9.379750151315995321e-01
1.391891891891891930e+02 9.653029845850921165e-01
1.393393393393393467e+02 9.660924326304577425e-01
1.394894894894895003e+02 9.575003299069303475e-01
1.396396396396396540e+02 9.492769500431340601e-01
1.397897897897897792e+02 9.329404894063104692e-01
1.399399399399399329e+02 9.616255831177752400e-01
1.400900900900900865e+02 9.682538052945982576e-01
1.402402402402402402e+02 9.582151018839514256e-01
1.403903903903903938e+02 9.519447282550723699e-01
1.405405405405405475e+02 9.373591719911029685e-01
1.406906906906907011e+02 9.564062580434480321e-01
1.408408408408408548e+02 9.690330605313873802e-01
1.409909909909909800e+02 9.584620291634332601e-01
1.411411411411411336e+02 9.541518215806022996e-01
1.412912912912912873e+02 9.413777926464786949e-01
1.414414414414414409e+02 9.496007640014484386e-01
1.415915915915915946e+02 9.683567987249840359e-01
1.417417417417417482e+02 9.613537171112900293e-01
1.418918918918919019e+02 9.558884892950579859e-01
1.420420420420420555e+02 9.449997472519303665e-01
1.421921921921921808e+02 9.412539052523876126e-01
1.423423423423423344e+02 9.662305810687121799e-01
1.424924924924924881e+02 9.648611582593188407e-01
1.426426426426426417e+02 9.571497444085992345e-01
1.427927927927927954e+02 9.482078106619988844e-01
1.429429429429429490e+02 9.315123680987673627e-01
1.430930930930931027e+02 9.627296140814697312e-01
1.432432432432432563e+02 9.673206352400577357e-01
1.433933933933933815e+02 9.579691303711772576e-01
1.435435435435435352e+02 9.510198938542131497e-01
1.436936936936936888e+02 9.358880327785080722e-01
1.438438438438438425e+02 9.579143688647215882e-01
1.439939939939939961e+02 9.686594187064746508e-01
1.441441441441441498e+02 9.583445982332553514e-01
1.442942942942943034e+02 9.534132216131226967e-01
1.444444444444444571e+02 9.401054766582287447e-01
1.445945945945946107e+02 9.517518973959921968e-01
1.447447447447447360e+02 9.687334881422188237e-01
1.448948948948948896e+02 9.601153070853243321e-01
1.450450450450450433e+02 9.553587939522963923e-01
1.451951951951951969e+02 9.438991110131522699e-01
1.453453453453453506e+02 9.441668462636222392e-01
1.454954954954955042e+02 9.673831277213990054e-01
1.456456456456456579e+02 9.641153597840232958e-01
1.457957957957958115e+02 9.568461086369335344e-01
1.459459459459459367e+02 9.472682586518044179e-01
1.460960960960960904e+02 9.351162652301784339e-01
1.462462462462462440e+02 9.644801237140372407e-01
1.463963963963963977e+02 9.668680935896064588e-01
1.465465465465465513e+02 9.578347698160190049e-01
1.466966966966967050e+02 9.501829301901393299e-01
1.468468468468468586e+02 9.343747964247169913e-01
1.469969969969970123e+02 9.599889087208063332e-01
1.471471471471471375e+02 9.683440596113410681e-01
1.472972972972972912e+02 9.583316640435990408e-01
1.474474474474474448e+02 9.526516171867811522e-01
1.475975975975975985e+02 9.386668879654442854e-01
1.477477477477477521e+02 9.539918295379519186e-01
1.478978978978979058e+02 9.685782523942517708e-01
1.480480480480480594e+02 9.583664276137832116e-01
1.481981981981982130e+02 9.547027342322085275e-01
1.483483483483483383e+02 9.426043971777842145e-01
1.484984984984984919e+02 9.466356822721457842e-01
1.486486486486486456e+02 9.675851226108255210e-01
1.487987987987987992e+02 9.626997326197704874e-01
1.489489489489489529e+02 9.563183020407389767e-01
1.490990990990991065e+02 9.461492730027629694e-01
1.492492492492492602e+02 9.379889356312872684e-01
1.493993993993994138e+02 9.653022686472606528e-01
1.495495495495495391e+02 9.660819511089332456e-01
1.496996996996996927e+02 9.574933940750484096e-01
1.498498498498498464e+02 9.492662788752181946e-01
1.500000000000000000e+02 9.329264986443543961e-01
