0.000000000000000000e+00 3.305560886930588700e-09
1.501501501501501523e-01 2.467279614572326918e-01
3.003003003003003046e-01 3.065739391467100505e-01
4.504504504504504570e-01 5.299837956541902928e-01
6.006006006006006093e-01 7.218777531830472549e-01
7.507507507507507061e-01 8.592328688641690526e-01
9.009009009009009139e-01 8.906739249511855805e-01
1.051051051051051122e+00 8.230569099365264707e-01
1.201201201201201219e+00 7.129156942086662951e-01
1.351351351351351315e+00 6.364063780516184821e-01
1.501501501501501412e+00 6.275360717209416128e-01
1.651651651651651731e+00 6.264503696618639594e-01
1.801801801801801828e+00 5.981493271336270068e-01
1.951951951951951925e+00 5.689881064091093510e-01
2.102102102102102243e+00 5.413430458896485442e-01
2.252252252252252340e+00 5.170528396940905491e-01
2.402402402402402437e+00 4.971242029855199585e-01
2.552552552552552534e+00 4.815639417568187697e-01
2.702702702702702631e+00 4.696005534798122771e-01
2.852852852852852727e+00 4.603398145921162588e-01
3.003003003003002824e+00 4.534898272402878017e-01
3.153153153153153365e+00 4.497444915128659959e-01
3.303303303303303462e+00 5.477529656626697330e-01
3.453453453453453559e+00 6.675299153509608452e-01
3.603603603603603656e+00 7.219287438039814209e-01
3.753753753753753752e+00 7.110653245273395040e-01
3.903903903903903849e+00 6.888530118986686546e-01
4.054054054054054390e+00 7.049731378043039287e-01
4.204204204204204487e+00 7.445675833908678154e-01
4.354354354354354584e+00 7.662169387621740047e-01
4.504504504504504681e+00 7.710154309156483921e-01
4.654654654654654777e+00 7.924894557373385329e-01
4.804804804804804874e+00 8.017463068188045439e-01
4.954954954954954971e+00 7.866992368912645306e-01
5.105105105105105068e+00 7.694088334429700637e-01
5.255255255255255165e+00 7.512608044912620908e-01
5.405405405405405261e+00 7.335806087379119766e-01
5.555555555555555358e+00 7.174615738617236005e-01
5.705705705705705455e+00 7.036674432290060954e-01
5.855855855855855552e+00 6.925733486321159482e-01
6.006006006006005649e+00 6.841731224529087330e-01
6.156156156156156634e+00 6.782154033549672167e-01
6.306306306306306730e+00 6.875310221453215798e-01
6.456456456456456827e+00 7.619016329236780738e-01
6.606606606606606924e+00 8.069014949977528772e-01
6.756756756756757021e+00 8.022580650205666242e-01
6.906906906906907118e+00 7.576478401309342248e-01
7.057057057057057214e+00 7.092572739420269778e-01
7.207207207207207311e+00 6.947834647379222961e-01
7.357357357357357408e+00 7.239640633970441108e-01
7.507507507507507505e+00 7.770754286970392721e-01
7.657657657657657602e+00 8.364542679555871940e-01
7.807807807807807698e+00 8.933302538918461710e-01
7.957957957957957795e+00 8.981548831488872509e-01
8.108108108108108780e+00 8.793341967543505389e-01
8.258258258258258877e+00 8.580779167146951325e-01
8.408408408408408974e+00 8.356544514906877330e-01
8.558558558558559071e+00 8.133408704290354674e-01
8.708708708708709167e+00 7.922620058590945646e-01
8.858858858858859264e+00 7.732656172636940273e-01
9.009009009009009361e+00 7.568587297171431860e-01
9.159159159159159458e+00 7.432063177327787873e-01
9.309309309309309555e+00 7.321984183367653554e-01
9.459459459459459651e+00 7.476636279997062040e-01
9.609609609609609748e+00 8.369310083154878344e-01
9.759759759759759845e+00 8.679295158377100528e-01
9.909909909909909942e+00 8.222339842195703907e-01
1.006006006006006004e+01 7.352965630800353258e-01
1.021021021021021014e+01 6.733288652663170781e-01
1.036036036036036023e+01 6.764983639860049358e-01
1.051051051051051033e+01 7.276865336338148582e-01
1.066066066066066043e+01 7.919290768836616534e-01
1.081081081081081052e+01 8.585711608300863329e-01
1.096096096096096062e+01 9.225497484432428896e-01
1.111111111111111072e+01 9.227261935436255058e-01
1.126126126126126081e+01 9.029794629902125891e-01
1.141141141141141091e+01 8.801876726296522513e-01
1.156156156156156101e+01 8.557738493767412802e-01
1.171171171171171110e+01 8.311989547666200906e-01
1.186186186186186120e+01 8.077617302407589239e-01
1.201201201201201130e+01 7.864045597724279579e-01
1.216216216216216317e+01 7.675997588092735580e-01
1.231231231231231327e+01 7.513672701420677225e-01
1.246246246246246336e+01 7.374097419892973182e-01
1.261261261261261346e+01 7.657380618743285794e-01
1.276276276276276356e+01 8.673403984466632188e-01
1.291291291291291365e+01 8.898783007093449271e-01
1.306306306306306375e+01 8.235723455067673893e-01
1.321321321321321385e+01 7.178475528611514278e-01
1.336336336336336394e+01 6.460835183463327080e-01
1.351351351351351404e+01 6.487578472513968464e-01
1.366366366366366414e+01 7.026329250957999983e-01
1.381381381381381424e+01 7.729622225563481663e-01
1.396396396396396433e+01 8.523733977257662575e-01
1.411411411411411443e+01 9.307609936464484868e-01
1.426426426426426453e+01 9.250904020770087666e-01
1.441441441441441462e+01 9.022568652669857858e-01
1.456456456456456472e+01 8.765971176896768524e-01
1.471471471471471482e+01 8.497491167676302082e-01
1.486486486486486491e+01 8.233476023011437883e-01
1.501501501501501501e+01 7.988080970753922427e-01
1.516516516516516511e+01 7.771237176810628089e-01
1.531531531531531520e+01 7.587197749944754044e-01
1.546546546546546530e+01 7.434402939393630616e-01
1.561561561561561540e+01 7.307078217816227461e-01
1.576576576576576549e+01 7.766144539384205459e-01
1.591591591591591559e+01 8.791918498579917030e-01
1.606606606606606746e+01 8.896031781743043432e-01
1.621621621621621756e+01 8.075840183416417295e-01
1.636636636636636766e+01 6.965808351798112863e-01
1.651651651651651775e+01 6.328232500822591478e-01
1.666666666666666785e+01 6.443656108714782560e-01
1.681681681681681795e+01 7.024909617349842650e-01
1.696696696696696804e+01 7.755247158684158704e-01
1.711711711711711814e+01 8.589778148514233269e-01
1.726726726726726824e+01 9.394961481687913452e-01
1.741741741741741833e+01 9.272619893602742636e-01
1.756756756756756843e+01 9.039536402486063604e-01
1.771771771771771853e+01 8.777446453014297045e-01
1.786786786786786863e+01 8.503595630611692213e-01
1.801801801801801872e+01 8.235373319679600845e-01
1.816816816816816882e+01 7.987642383725467310e-01
1.831831831831831892e+01 7.770370565358944992e-01
1.846846846846846901e+01 7.587291516457932428e-01
1.861861861861861911e+01 7.436026467797830497e-01
1.876876876876876921e+01 7.309735566155249886e-01
1.891891891891891930e+01 7.883639751336777302e-01
1.906906906906906940e+01 8.893292302819845174e-01
1.921921921921921950e+01 8.895970635860932507e-01
1.936936936936936959e+01 7.982565583994936098e-01
1.951951951951951969e+01 6.837803962015015502e-01
1.966966966966966979e+01 6.261732753682079933e-01
1.981981981981981988e+01 6.445936231619791013e-01
1.996996996996996998e+01 7.040000803031031262e-01
2.012012012012012008e+01 7.777240637258818756e-01
2.027027027027027017e+01 8.643588744435719562e-01
2.042042042042042027e+01 9.461065639097158142e-01
2.057057057057057037e+01 9.263041247578285287e-01
2.072072072072072046e+01 9.021073657689758774e-01
2.087087087087087056e+01 8.750835304769565282e-01
2.102102102102102066e+01 8.470063901944093754e-01
2.117117117117117076e+01 8.196515338868213263e-01
2.132132132132132085e+01 7.945484846716001082e-01
2.147147147147147095e+01 7.727239186146206418e-01
2.162162162162162105e+01 7.545301165938518295e-01
2.177177177177177114e+01 7.396541302632178017e-01
2.192192192192192124e+01 7.273200434063635811e-01
2.207207207207207134e+01 7.984453072858588296e-01
2.222222222222222143e+01 8.934826788448070323e-01
2.237237237237237153e+01 8.853366428734059657e-01
2.252252252252252163e+01 7.885097573102182178e-01
2.267267267267267172e+01 6.764997902176353994e-01
2.282282282282282182e+01 6.231043878621687071e-01
2.297297297297297192e+01 6.460416757543184785e-01
2.312312312312312201e+01 7.078519120804764864e-01
2.327327327327327211e+01 7.825974090453976517e-01
2.342342342342342221e+01 8.696903938799727118e-01
2.357357357357357230e+01 9.445306648073833466e-01
2.372372372372372240e+01 9.241650720427982968e-01
2.387387387387387250e+01 8.994209458845497940e-01
2.402402402402402259e+01 8.719233129690227013e-01
2.417417417417417624e+01 8.435156369452440073e-01
2.432432432432432634e+01 8.160085898287053885e-01
2.447447447447447644e+01 7.909141059596134227e-01
2.462462462462462653e+01 7.692123023567467577e-01
2.477477477477477663e+01 7.512068518974833742e-01
2.492492492492492673e+01 7.365358346068260342e-01
2.507507507507507682e+01 7.243724855103407245e-01
2.522522522522522692e+01 8.085107875041726011e-01
2.537537537537537702e+01 8.980494191437199403e-01
2.552552552552552712e+01 8.810896140893614836e-01
2.567567567567567721e+01 7.782765414558684425e-01
2.582582582582582731e+01 6.686038246236685190e-01
2.597597597597597741e+01 6.235189654562917072e-01
2.612612612612612750e+01 6.500112557341599651e-01
2.627627627627627760e+01 7.119894790098114656e-01
2.642642642642642770e+01 7.880080171542850342e-01
2.657657657657657779e+01 8.766726003060770767e-01
2.672672672672672789e+01 9.429994978862921151e-01
2.687687687687687799e+01 9.221586047228170768e-01
2.702702702702702808e+01 8.970701296632863642e-01
2.717717717717717818e+01 8.693560618816917884e-01
2.732732732732732828e+01 8.408527385874907667e-01
2.747747747747747837e+01 8.133820926490489267e-01
2.762762762762762847e+01 7.884648960856200928e-01
2.777777777777777857e+01 7.670532375279458526e-01
2.792792792792792866e+01 7.493872003326458309e-01
2.807807807807807876e+01 7.350411328585757520e-01
2.822822822822822886e+01 7.231471703913375793e-01
2.837837837837837895e+01 8.164360431140215146e-01
2.852852852852852905e+01 8.998156720469282499e-01
2.867867867867867915e+01 8.749450816777214479e-01
2.882882882882882924e+01 7.689485819297023905e-01
2.897897897897897934e+01 6.603190240800083100e-01
2.912912912912912944e+01 6.209542953299312940e-01
2.927927927927927954e+01 6.535111903619221785e-01
2.942942942942942963e+01 7.172572175311268117e-01
2.957957957957957973e+01 7.936988373447267930e-01
2.972972972972972983e+01 8.830314363979699932e-01
2.987987987987987992e+01 9.417254673799297926e-01
3.003003003003003002e+01 9.204761857025732796e-01
3.018018018018018012e+01 8.950792963361907661e-01
3.033033033033033021e+01 8.672165050895468408e-01
3.048048048048048031e+01 8.387342274741532711e-01
3.063063063063063041e+01 8.114141203703695293e-01
3.078078078078078050e+01 7.867220255211845314e-01
3.093093093093093060e+01 7.655661562481024252e-01
3.108108108108108070e+01 7.481487513968334557e-01
3.123123123123123079e+01 7.340061350072668578e-01
3.138138138138138089e+01 7.222501212622198796e-01
3.153153153153153099e+01 8.280310072956749146e-01
3.168168168168168108e+01 9.023228545284097679e-01
3.183183183183183118e+01 8.688020164453229555e-01
3.198198198198198128e+01 7.595033607344483517e-01
3.213213213213213493e+01 6.566519078588713976e-01
3.228228228228228147e+01 6.223976453237148876e-01
3.243243243243243512e+01 6.574629842454087214e-01
3.258258258258258167e+01 7.227260002124641369e-01
3.273273273273273531e+01 8.008184606215174028e-01
3.288288288288288186e+01 8.899959218921037474e-01
3.303303303303303551e+01 9.402436873962063402e-01
3.318318318318318205e+01 9.186381472044955476e-01
3.333333333333333570e+01 8.929715385622163382e-01
3.348348348348348225e+01 8.649377704957058599e-01
3.363363363363363590e+01 8.364180395480265151e-01
3.378378378378378244e+01 8.092150509156111893e-01
3.393393393393393609e+01 7.847660474988202850e-01
3.408408408408408263e+01 7.639098659810160674e-01
3.423423423423423628e+01 7.467784442030926950e-01
3.438438438438438283e+01 7.328606317429554595e-01
3.453453453453453648e+01 7.212417748279627006e-01
3.468468468468468302e+01 8.363506543922041292e-01
3.483483483483483667e+01 9.040720088861002868e-01
3.498498498498498321e+01 8.628657480084410691e-01
3.513513513513513686e+01 7.496656801630769973e-01
3.528528528528528341e+01 6.495589050539249953e-01
3.543543543543543706e+01 6.237153326764948158e-01
3.558558558558558360e+01 6.626701851720495640e-01
3.573573573573573725e+01 7.280575825572839221e-01
3.588588588588588379e+01 8.070897856224162892e-01
3.603603603603603744e+01 8.971010578444277295e-01
3.618618618618618399e+01 9.386991180889199260e-01
3.633633633633633764e+01 9.167016274730611647e-01
3.648648648648648418e+01 8.907998333891253839e-01
3.663663663663663783e+01 8.626897397108281851e-01
3.678678678678678438e+01 8.342194829708429182e-01
3.693693693693693803e+01 8.071611248908436842e-01
3.708708708708708457e+01 7.829336303283151999e-01
3.723723723723723822e+01 7.623479980338216944e-01
3.738738738738738476e+01 7.454879026314047419e-01
3.753753753753753841e+01 7.317972639552761116e-01
3.768768768768768496e+01 7.203449767532212888e-01
3.783783783783783861e+01 8.442087321539691880e-01
3.798798798798798515e+01 9.037505582937296333e-01
3.813813813813813880e+01 8.550744226888088440e-01
3.828828828828828534e+01 7.411416029961109819e-01
3.843843843843843899e+01 6.443392482081758965e-01
3.858858858858859264e+01 6.229783271569568903e-01
3.873873873873873919e+01 6.663293001477220701e-01
3.888888888888889284e+01 7.336445595411561493e-01
3.903903903903903938e+01 8.134355562281434526e-01
3.918918918918919303e+01 9.031657549349975111e-01
3.933933933933933957e+01 9.372184161760134247e-01
3.948948948948949322e+01 9.148568666133712890e-01
3.963963963963963977e+01 8.886856731357808403e-01
3.978978978978979342e+01 8.604579979102300324e-01
3.993993993993993996e+01 8.320488701010781973e-01
4.009009009009009361e+01 8.051989687427235642e-01
4.024024024024024015e+01 7.812580330615379598e-01
4.039039039039039380e+01 7.609698589920873557e-01
4.054054054054054035e+01 7.443695183902347967e-01
4.069069069069069400e+01 7.308671173727631087e-01
4.084084084084084054e+01 7.196299078561345652e-01
4.099099099099099419e+01 8.541462439432012665e-01
4.114114114114114074e+01 9.046307425090862608e-01
4.129129129129129439e+01 8.479808981002073809e-01
4.144144144144144093e+01 7.315622663704135498e-01
4.159159159159159458e+01 6.417302297305367276e-01
4.174174174174174112e+01 6.264823391056063562e-01
4.189189189189189477e+01 6.714261642533040364e-01
4.204204204204204132e+01 7.394521914055387501e-01
4.219219219219219497e+01 8.209678623228557903e-01
4.234234234234234151e+01 9.102383470075827709e-01
4.249249249249249516e+01 9.356377991945115102e-01
4.264264264264264170e+01 9.129593976042715830e-01
4.279279279279279535e+01 8.865942042672496637e-01
4.294294294294294190e+01 8.582810068657458213e-01
4.309309309309309555e+01 8.298988677346326170e-01
4.324324324324324209e+01 8.032003507966276601e-01
4.339339339339339574e+01 7.795177819351258863e-01
4.354354354354354228e+01 7.595366585298697348e-01
4.369369369369369593e+01 7.432238691243946427e-01
4.384384384384384248e+01 7.299443528746104581e-01
4.399399399399399613e+01 7.289077628658726660e-01
4.414414414414414267e+01 8.602311305372964956e-01
4.429429429429429632e+01 9.035031560258802719e-01
4.444444444444444287e+01 8.403580494855785732e-01
4.459459459459459651e+01 7.222095563311723421e-01
4.474474474474474306e+01 6.351911529565175130e-01
4.489489489489489671e+01 6.274820264752896115e-01
4.504504504504504325e+01 6.763469809184353698e-01
4.519519519519519690e+01 7.448419780826777137e-01
4.534534534534534345e+01 8.270894894547357046e-01
4.549549549549549710e+01 9.165840151827800986e-01
4.564564564564564364e+01 9.340768795227066823e-01
4.579579579579579729e+01 9.110268966892507425e-01
4.594594594594594383e+01 8.844427923070261599e-01
4.609609609609609748e+01 8.560882220142207455e-01
4.624624624624624403e+01 8.278123735543755357e-01
4.639639639639639768e+01 8.013147993278626480e-01
4.654654654654654422e+01 7.778838696643369799e-01
4.669669669669669787e+01 7.581698173714706002e-01
4.684684684684684441e+01 7.421001638276661927e-01
4.699699699699699806e+01 7.290068548330287390e-01
4.714714714714714461e+01 7.431449423065742410e-01
4.729729729729729826e+01 8.678711154515291737e-01
4.744744744744744480e+01 9.018674268646957870e-01
4.759759759759759845e+01 8.316236416471534110e-01
4.774774774774774500e+01 7.146209746719494049e-01
4.789789789789789864e+01 6.332074766027098178e-01
4.804804804804804519e+01 6.292190173312919299e-01
4.819819819819819884e+01 6.807117203830124197e-01
4.834834834834835249e+01 7.510221470434546021e-01
4.849849849849849903e+01 8.342533074500130263e-01
4.864864864864865268e+01 9.225035430879902076e-01
4.879879879879879923e+01 9.324706154238675548e-01
4.894894894894895288e+01 9.091032406847959768e-01
4.909909909909909942e+01 8.822916106846058204e-01
4.924924924924925307e+01 8.538371625546262722e-01
4.939939939939939961e+01 8.256234831171551658e-01
4.954954954954955326e+01 7.993380954505199254e-01
4.969969969969969981e+01 7.762065303298341101e-01
4.984984984984985346e+01 7.568023286455720644e-01
5.000000000000000000e+01 7.409952733668340175e-01
5.015015015015015365e+01 7.280826617528253220e-01
5.030030030030030019e+01 7.531292656950761000e-01
5.045045045045045384e+01 8.751040024224330249e-01
5.060060060060060039e+01 9.005951213086033080e-01
5.075075075075075404e+01 8.236498612052298718e-01
5.090090090090090058e+01 7.048986830686742033e-01
5.105105105105105423e+01 6.305539734550091868e-01
5.120120120120120077e+01 6.333345160290507758e-01
5.135135135135135442e+01 6.861759818927737342e-01
5.150150150150150097e+01 7.567405618209592788e-01
5.165165165165165462e+01 8.415511763565373116e-01
5.180180180180180116e+01 9.290844527164776601e-01
5.195195195195195481e+01 9.307843352308745599e-01
5.210210210210210136e+01 9.071069489342572512e-01
5.225225225225225500e+01 8.801397816064460145e-01
5.240240240240240155e+01 8.516609189177434258e-01
5.255255255255255520e+01 8.235281744290539052e-01
5.270270270270270174e+01 7.974186629317164821e-01
5.285285285285285539e+01 7.745418665315307871e-01
5.300300300300300194e+01 7.554272556317906950e-01
5.315315315315315559e+01 7.398874596883459054e-01
5.330330330330330213e+01 7.271827558094177135e-01
5.345345345345345578e+01 7.638421873665175443e-01
5.360360360360360232e+01 8.795828496834875443e-01
5.375375375375375597e+01 8.970532552090810796e-01
5.390390390390390252e+01 8.148093518239827304e-01
5.405405405405405617e+01 6.970043914954318076e-01
5.420420420420420271e+01 6.259172259081413614e-01
5.435435435435435636e+01 6.346471881849726770e-01
5.450450450450450290e+01 6.909459903969719097e-01
5.465465465465465655e+01 7.625078486134767575e-01
5.480480480480480310e+01 8.477975193289146727e-01
5.495495495495495675e+01 9.346000114396457725e-01
5.510510510510510329e+01 9.291512105162417212e-01
5.525525525525525694e+01 9.051295726202917002e-01
5.540540540540540349e+01 8.779525889637261882e-01
5.555555555555555713e+01 8.494422479270017368e-01
5.570570570570570368e+01 8.214442767590761640e-01
5.585585585585585733e+01 7.955771865200579329e-01
5.600600600600600387e+01 7.729845618958133269e-01
5.615615615615615752e+01 7.541454304184971313e-01
5.630630630630630407e+01 7.388335584598864081e-01
5.645645645645645772e+01 7.262831999826206975e-01
5.660660660660660426e+01 7.771731300111520691e-01
5.675675675675675791e+01 8.861675986450034959e-01
5.690690690690690445e+01 8.942238076233007815e-01
5.705705705705705810e+01 8.055161648951066899e-01
5.720720720720720465e+01 6.900282671888900987e-01
5.735735735735735830e+01 6.263684845045661698e-01
5.750750750750750484e+01 6.385737538220549459e-01
5.765765765765765849e+01 6.960371126041325907e-01
5.780780780780781214e+01 7.691258738854734878e-01
5.795795795795795868e+01 8.555185734377213080e-01
5.810810810810811233e+01 9.402578075317694628e-01
5.825825825825825888e+01 9.274538488850853080e-01
5.840840840840841253e+01 9.031634949938154300e-01
5.855855855855855907e+01 8.758205581376700133e-01
5.870870870870871272e+01 8.472545672630321656e-01
5.885885885885885926e+01 8.193344923892910137e-01
5.900900900900901291e+01 7.936793760588932711e-01
5.915915915915915946e+01 7.713854959338511952e-01
5.930930930930931311e+01 7.528581132684750710e-01
5.945945945945945965e+01 7.378102821077111573e-01
5.960960960960961330e+01 7.254424218965548343e-01
5.975975975975975985e+01 7.857394382372069330e-01
5.990990990990991349e+01 8.904200239356280244e-01
6.006006006006006004e+01 8.904743380090706095e-01
6.021021021021021369e+01 7.968175932322275612e-01
6.036036036036036023e+01 6.806828688307944297e-01
6.051051051051051388e+01 6.234556750270885406e-01
6.066066066066066043e+01 6.424126979354422007e-01
6.081081081081081408e+01 7.014072870346914623e-01
6.096096096096096062e+01 7.747098341567865143e-01
6.111111111111111427e+01 8.623035476939477917e-01
6.126126126126126081e+01 9.458193415758544553e-01
6.141141141141141446e+01 9.257011104418717551e-01
6.156156156156156101e+01 9.011021346044219005e-01
6.171171171171171466e+01 8.736218755010425330e-01
6.186186186186186120e+01 8.450762085469476492e-01
6.201201201201201485e+01 8.172901488337999121e-01
6.216216216216216139e+01 7.918443306336320209e-01
6.231231231231231504e+01 7.698067448181716843e-01
6.246246246246246159e+01 7.515461010528540209e-01
6.261261261261261524e+01 7.367312917863569899e-01
6.276276276276276178e+01 7.245374151814822916e-01
6.291291291291291543e+01 7.974592630587084008e-01
6.306306306306306197e+01 8.938270569152959588e-01
6.321321321321321562e+01 8.852888249876922355e-01
6.336336336336336217e+01 7.874492453765686850e-01
6.351351351351351582e+01 6.749982812828666523e-01
6.366366366366366236e+01 6.218593317340923576e-01
6.381381381381381601e+01 6.448904693971047042e-01
6.396396396396396256e+01 7.064507695680390942e-01
6.411411411411411621e+01 7.811998420695840384e-01
6.426426426426426985e+01 8.689504779214292096e-01
6.441441441441440929e+01 9.444755815031845581e-01
6.456456456456456294e+01 9.239853555875661151e-01
6.471471471471471659e+01 8.990877989681324012e-01
6.486486486486487024e+01 8.714222989111013451e-01
6.501501501501500968e+01 8.428520769019799408e-01
6.516516516516516333e+01 8.152102642191375592e-01
6.531531531531531698e+01 7.900289598444706352e-01
6.546546546546547063e+01 7.683003470300682203e-01
6.561561561561561007e+01 7.503282382044570431e-01
6.576576576576576372e+01 7.357382103561215247e-01
6.591591591591591737e+01 7.236810958752406542e-01
6.606606606606607102e+01 8.085019472203870405e-01
6.621621621621621046e+01 8.983353828879102609e-01
6.636636636636636410e+01 8.810461042050493630e-01
6.651651651651651775e+01 7.777962762256919182e-01
6.666666666666667140e+01 6.680663710647016806e-01
6.681681681681681084e+01 6.233150387416491744e-01
6.696696696696696449e+01 6.499922666500299595e-01
6.711711711711711814e+01 7.118713505721018242e-01
6.726726726726727179e+01 7.878201145002637906e-01
6.741741741741742544e+01 8.766449028543754629e-01
6.756756756756756488e+01 9.430452771467257023e-01
6.771771771771771853e+01 9.221711252292450478e-01
6.786786786786787218e+01 8.970323295332205404e-01
6.801801801801802583e+01 8.692559759613851522e-01
6.816816816816816527e+01 8.406851019389193214e-01
6.831831831831831892e+01 8.131501250132637804e-01
6.846846846846847257e+01 7.881810819997935313e-01
6.861861861861862621e+01 7.667372729384889229e-01
6.876876876876876565e+01 7.490608453196263561e-01
6.891891891891891930e+01 7.347220499053217502e-01
6.906906906906907295e+01 7.228444545725617454e-01
6.921921921921922660e+01 8.165004461850106088e-01
6.936936936936936604e+01 8.999499473432910346e-01
6.951951951951951969e+01 8.749539747336181339e-01
6.966966966966967334e+01 7.688300563344622196e-01
6.981981981981982699e+01 6.601985722425868230e-01
6.996996996996996643e+01 6.208973876090125854e-01
7.012012012012012008e+01 6.534806050093143748e-01
7.027027027027027373e+01 7.171792787278405967e-01
7.042042042042042738e+01 7.935873386717484657e-01
7.057057057057056682e+01 8.829740841268524099e-01
7.072072072072072046e+01 9.416663016488008298e-01
7.087087087087087411e+01 9.203863979165940457e-01
7.102102102102102776e+01 8.949529720893752982e-01
7.117117117117116720e+01 8.670509940927928483e-01
7.132132132132132085e+01 8.385309054711075349e-01
7.147147147147147450e+01 8.111782728039907964e-01
7.162162162162162815e+01 7.864621664995022909e-01
7.177177177177176759e+01 7.652929921586661965e-01
7.192192192192192124e+01 7.478734999168965558e-01
7.207207207207207489e+01 7.337382014531170782e-01
7.222222222222222854e+01 7.219950946651747525e-01
7.237237237237236798e+01 8.280569809282481986e-01
7.252252252252252163e+01 9.023455029870572908e-01
7.267267267267267528e+01 8.687282823760658079e-01
7.282282282282282893e+01 7.593461907175056425e-01
7.297297297297296836e+01 6.565496093277586320e-01
7.312312312312312201e+01 6.223988511062074069e-01
7.327327327327327566e+01 6.574796466392730521e-01
7.342342342342342931e+01 7.227133579203778302e-01
7.357357357357356875e+01 8.008116667222175966e-01
7.372372372372372240e+01 8.900252625407663043e-01
7.387387387387387605e+01 9.402162915191111248e-01
7.402402402402402970e+01 9.186026264631271809e-01
7.417417417417416914e+01 8.929275623826773423e-01
7.432432432432432279e+01 8.648854649712072185e-01
7.447447447447447644e+01 8.363584608682096411e-01
7.462462462462463009e+01 8.091506475494280037e-01
7.477477477477476953e+01 7.847004984998665611e-01
7.492492492492492318e+01 7.638471338203289829e-01
7.507507507507507682e+01 7.467217674867626664e-01
7.522522522522523047e+01 7.328119643357793311e-01
7.537537537537536991e+01 7.212015789636285756e-01
7.552552552552552356e+01 8.364309399569828107e-01
7.567567567567567721e+01 9.040847790328438993e-01
7.582582582582583086e+01 8.627825368302575182e-01
7.597597597597597030e+01 7.495481690711764955e-01
7.612612612612612395e+01 6.494600449054052094e-01
7.627627627627627760e+01 6.237099963447466644e-01
7.642642642642643125e+01 6.627276071871767149e-01
7.657657657657657069e+01 7.281166548935855687e-01
7.672672672672672434e+01 8.071489329131096291e-01
7.687687687687687799e+01 8.971741890038106293e-01
7.702702702702703164e+01 9.386720061780537971e-01
7.717717717717718529e+01 9.166652260881492653e-01
7.732732732732732472e+01 8.907552147808399656e-01
7.747747747747747837e+01 8.626388948079724006e-01
7.762762762762763202e+01 8.341645485695521334e-01
7.777777777777778567e+01 8.071039320628665692e-01
7.792792792792792511e+01 7.828758067563714729e-01
7.807807807807807876e+01 7.622911144482688028e-01
7.822822822822823241e+01 7.454332482606540466e-01
7.837837837837838606e+01 7.317455097950645859e-01
7.852852852852852550e+01 7.202962835823321086e-01
7.867867867867867915e+01 8.443109084054701841e-01
7.882882882882883280e+01 9.037464947651429048e-01
7.897897897897898645e+01 8.549734792029286545e-01
7.912912912912912589e+01 7.410283236847995392e-01
7.927927927927927954e+01 6.443049793968632644e-01
7.942942942942943318e+01 6.229920833805302482e-01
7.957957957957958683e+01 6.663712083625409344e-01
7.972972972972972627e+01 7.337056319266432869e-01
7.987987987987987992e+01 8.135125516494838838e-01
8.003003003003003357e+01 9.032355653035436527e-01
8.018018018018018722e+01 9.371960093288423943e-01
8.033033033033032666e+01 9.148304354488421275e-01
8.048048048048048031e+01 8.886561229493346037e-01
8.063063063063063396e+01 8.604266256572451477e-01
8.078078078078078761e+01 8.320176058601356228e-01
8.093093093093092705e+01 8.051699741087363638e-01
8.108108108108108070e+01 7.812329285298329484e-01
8.123123123123123435e+01 7.609492738657124278e-01
8.138138138138138800e+01 7.443532229787291898e-01
8.153153153153152743e+01 7.308542945761843379e-01
8.168168168168168108e+01 7.197296430824023927e-01
8.183183183183183473e+01 8.542426911015116309e-01
8.198198198198198838e+01 9.046360824374404253e-01
8.213213213213212782e+01 8.478986832720669664e-01
8.228228228228228147e+01 7.314386372698660210e-01
8.243243243243243512e+01 6.416691936499659965e-01
8.258258258258258877e+01 6.265232987280913157e-01
8.273273273273272821e+01 6.714947381735048015e-01
8.288288288288288186e+01 7.395171772797608511e-01
8.303303303303303551e+01 8.210496379071687834e-01
8.318318318318318916e+01 9.103242066979249092e-01
8.333333333333332860e+01 9.356206224342923372e-01
8.348348348348348225e+01 9.129381376357867950e-01
8.363363363363363590e+01 8.865707461192338101e-01
8.378378378378378954e+01 8.582570068874637581e-01
8.393393393393392898e+01 8.298755254058810538e-01
8.408408408408408263e+01 8.031786714529055571e-01
8.423423423423423628e+01 7.794987235242635260e-01
8.438438438438438993e+01 7.595208694302532093e-01
8.453453453453452937e+01 7.432113738099419553e-01
8.468468468468468302e+01 7.299346430667763563e-01
8.483483483483483667e+01 7.290606486766184613e-01
8.498498498498499032e+01 8.603039448618501339e-01
8.513513513513512976e+01 9.034769012911706421e-01
8.528528528528528341e+01 8.402528952219824321e-01
8.543543543543543706e+01 7.221128757824196720e-01
8.558558558558559071e+01 6.351275446279867065e-01
8.573573573573573015e+01 6.274822191651536762e-01
8.588588588588588379e+01 6.764007930220202747e-01
8.603603603603603744e+01 7.449146513565920724e-01
8.618618618618619109e+01 8.271664494093456943e-01
8.633633633633633053e+01 9.166542191823937591e-01
8.648648648648648418e+01 9.340415306071078172e-01
8.663663663663663783e+01 9.109839766038785314e-01
8.678678678678679148e+01 8.843940766284261734e-01
8.693693693693694513e+01 8.560362436060774405e-01
8.708708708708708457e+01 8.277598417859641788e-01
8.723723723723723822e+01 8.012638339425199874e-01
8.738738738738739187e+01 7.778356341635808135e-01
8.753753753753754552e+01 7.581246768888092458e-01
8.768768768768768496e+01 7.420578800845571976e-01
8.783783783783783861e+01 7.289667875509200368e-01
8.798798798798799226e+01 7.432766348204311591e-01
8.813813813813814591e+01 8.679572598558775720e-01
8.828828828828828534e+01 9.018430119977662862e-01
8.843843843843843899e+01 8.315103695540009276e-01
8.858858858858859264e+01 7.145046335192068998e-01
8.873873873873874629e+01 6.331893240255621613e-01
8.888888888888888573e+01 6.292546718748567303e-01
8.903903903903903938e+01 6.807598385302066069e-01
8.918918918918919303e+01 7.510862575462289303e-01
8.933933933933934668e+01 8.343407374210329852e-01
8.948948948948948612e+01 9.225779457558598295e-01
8.963963963963963977e+01 9.324447646782246801e-01
8.978978978978979342e+01 9.090741970046349874e-01
8.993993993993994707e+01 8.822612050812957962e-01
9.009009009009008651e+01 8.538070487833412381e-01
9.024024024024024015e+01 8.255954820043061027e-01
9.039039039039039380e+01 7.993141220337810493e-01
9.054054054054054745e+01 7.761879946373403394e-01
9.069069069069068689e+01 7.567895815407044147e-01
9.084084084084084054e+01 7.409876952678482454e-01
9.099099099099099419e+01 7.280790797172213002e-01
9.114114114114114784e+01 7.532331879529240437e-01
9.129129129129128728e+01 8.751646232276990567e-01
9.144144144144144093e+01 9.005607321825808143e-01
9.159159159159159458e+01 8.235461768419447548e-01
9.174174174174174823e+01 7.047753574842761104e-01
9.189189189189188767e+01 6.304854878997766532e-01
9.204204204204204132e+01 6.333646908719465785e-01
9.219219219219219497e+01 6.862416290836165222e-01
9.234234234234234862e+01 7.568083261867594169e-01
9.249249249249248805e+01 8.416323881500539228e-01
9.264264264264264170e+01 9.291628573349687281e-01
9.279279279279279535e+01 9.307684741943400564e-01
9.294294294294294900e+01 9.070876192670431770e-01
9.309309309309308844e+01 8.801190084124552726e-01
9.324324324324324209e+01 8.516407757331276862e-01
9.339339339339339574e+01 8.235101968042808362e-01
9.354354354354354939e+01 7.974037327675959075e-01
9.369369369369368883e+01 7.745303956429685499e-01
9.384384384384384248e+01 7.554192377073490894e-01
9.399399399399399613e+01 7.398823888501812052e-01
9.414414414414414978e+01 7.271797889423696759e-01
9.429429429429428922e+01 7.640112785000175988e-01
9.444444444444444287e+01 8.796503416427503552e-01
9.459459459459459651e+01 8.970128465906075377e-01
9.474474474474475016e+01 8.147008845509752240e-01
9.489489489489488960e+01 6.969359173827733844e-01
9.504504504504504325e+01 6.259021426854544101e-01
9.519519519519519690e+01 6.346712730647406930e-01
9.534534534534535055e+01 6.910030143593745011e-01
9.549549549549548999e+01 7.625869466554905385e-01
9.564564564564564364e+01 8.478804787877312066e-01
9.579579579579579729e+01 9.346615463529385215e-01
9.594594594594595094e+01 9.291338926385488417e-01
9.609609609609609038e+01 9.051089073981668509e-01
9.624624624624624403e+01 8.779294721268292578e-01
9.639639639639639768e+01 8.494182864861969939e-01
9.654654654654655133e+01 8.214214919071316512e-01
9.669669669669670498e+01 7.955572112822137942e-01
9.684684684684684441e+01 7.729680827615803551e-01
9.699699699699699806e+01 7.541322427992849242e-01
9.714714714714715171e+01 7.388229107122207262e-01
9.729729729729730536e+01 7.262740225038715192e-01
9.744744744744744480e+01 7.772794453889324551e-01
9.759759759759759845e+01 8.862348642217613426e-01
9.774774774774775210e+01 8.942039899717491025e-01
9.789789789789790575e+01 8.054337412445032873e-01
9.804804804804804519e+01 6.899437053960352229e-01
9.819819819819819884e+01 6.263756583014193913e-01
9.834834834834835249e+01 6.386310320666105378e-01
9.849849849849850614e+01 6.960925231494480281e-01
9.864864864864864558e+01 7.691852451616577602e-01
9.879879879879879923e+01 8.555949606843992195e-01
9.894894894894895288e+01 9.403167552421211051e-01
9.909909909909910652e+01 9.274549053267227006e-01
9.924924924924924596e+01 9.031653164645297993e-01
9.939939939939939961e+01 8.758239714832974920e-01
9.954954954954955326e+01 8.472600027677719137e-01
9.969969969969970691e+01 8.193422886809627048e-01
9.984984984984984635e+01 7.936899977612791313e-01
1.000000000000000000e+02 7.713993631095669157e-01
1.001501501501501536e+02 7.528751921658566326e-01
1.003003003003003073e+02 7.378299867001011370e-01
1.004504504504504467e+02 7.254638680165602649e-01
1.006006006006006004e+02 7.858675010380811177e-01
1.007507507507507540e+02 8.904693617205603484e-01
1.009009009009009077e+02 8.904338148171840883e-01
1.010510510510510471e+02 7.967371162980165789e-01
1.012012012012012008e+02 6.806137430519771936e-01
1.013513513513513544e+02 6.234254440749315007e-01
1.015015015015015081e+02 6.424538015662965007e-01
1.016516516516516475e+02 7.014790640737020855e-01
1.018018018018018012e+02 7.747844722668673079e-01
1.019519519519519548e+02 8.623778641975347048e-01
1.021021021021021085e+02 9.458194241176642869e-01
1.022522522522522479e+02 9.256985692868605620e-01
1.024024024024024015e+02 9.010969598017664062e-01
1.025525525525525552e+02 8.736149511843979143e-01
1.027027027027027088e+02 8.450688642388655136e-01
1.028528528528528483e+02 8.172833647485608921e-01
1.030030030030030019e+02 7.918384180275437334e-01
1.031531531531531556e+02 7.698015875391323037e-01
1.033033033033033092e+02 7.515414575808028186e-01
1.034534534534534487e+02 7.367267676097070117e-01
1.036036036036036023e+02 7.245324631979702668e-01
1.037537537537537560e+02 7.976205886345454354e-01
1.039039039039039096e+02 8.938912317332958768e-01
1.040540540540540491e+02 8.852501553704876791e-01
1.042042042042042027e+02 7.873516787636758441e-01
1.043543543543543564e+02 6.749578487748506550e-01
1.045045045045045100e+02 6.218901028765148054e-01
1.046546546546546494e+02 6.449432640562742236e-01
1.048048048048048031e+02 7.065146634017324123e-01
1.049549549549549567e+02 7.812823618379307611e-01
1.051051051051051104e+02 8.690346746131761835e-01
1.052552552552552498e+02 9.444511872489995685e-01
1.054054054054054035e+02 9.239547677327194508e-01
1.055555555555555571e+02 8.990519893993588196e-01
1.057057057057057108e+02 8.713822153243688806e-01
1.058558558558558644e+02 8.428090617061791967e-01
1.060060060060060039e+02 8.151662495734606217e-01
1.061561561561561575e+02 7.899858047585969212e-01
1.063063063063063112e+02 7.682592125198779431e-01
1.064564564564564648e+02 7.502894128938445428e-01
1.066066066066066043e+02 7.357013866781774158e-01
1.067567567567567579e+02 7.236455930586718210e-01
1.069069069069069116e+02 8.085724100568864037e-01
1.070570570570570652e+02 8.983600293065729936e-01
1.072072072072072046e+02 8.809865863137102959e-01
1.073573573573573583e+02 7.776865132621154642e-01
1.075075075075075119e+02 6.679551111217403303e-01
1.076576576576576656e+02 6.232954430329180617e-01
1.078078078078078050e+02 6.500372495602393386e-01
1.079579579579579587e+02 7.119212492245703405e-01
1.081081081081081123e+02 7.878747648128334724e-01
1.082582582582582660e+02 8.767179001588667475e-01
1.084084084084084054e+02 9.430240908254206023e-01
1.085585585585585591e+02 9.221446598330327316e-01
1.087087087087087127e+02 8.970026851505159549e-01
1.088588588588588664e+02 8.692255096014549487e-01
1.090090090090090058e+02 8.406557654544121183e-01
1.091591591591591595e+02 8.131232803541316168e-01
1.093093093093093131e+02 7.881576854974678970e-01
1.094594594594594668e+02 7.667179429412809277e-01
1.096096096096096062e+02 7.490456807725970334e-01
1.097597597597597598e+02 7.347105673601750375e-01
1.099099099099099135e+02 7.228359088510811770e-01
1.100600600600600671e+02 8.166197667693186890e-01
1.102102102102102066e+02 8.999640870252865188e-01
1.103603603603603602e+02 8.748689974795713642e-01
1.105105105105105139e+02 7.687197294126282276e-01
1.106606606606606675e+02 6.601360333757387844e-01
1.108108108108108070e+02 6.208772764979271219e-01
1.109609609609609606e+02 6.535136514221729920e-01
1.111111111111111143e+02 7.172440881463779672e-01
1.112612612612612679e+02 7.936667837070522369e-01
1.114114114114114074e+02 8.830512287103522429e-01
1.115615615615615610e+02 9.416413237583548534e-01
1.117117117117117147e+02 9.203551949017233502e-01
1.118618618618618683e+02 8.949167673785943800e-01
1.120120120120120077e+02 8.670117223033299014e-01
1.121621621621621614e+02 8.384910982384541356e-01
1.123123123123123150e+02 8.111402924127815162e-01
1.124624624624624687e+02 7.864274959471987403e-01
1.126126126126126081e+02 7.652620881989360413e-01
1.127627627627627618e+02 7.478460531721391469e-01
1.129129129129129154e+02 7.337134230573579829e-01
1.130630630630630691e+02 7.219720008745370565e-01
1.132132132132132085e+02 8.281776326846979064e-01
1.133633633633633622e+02 9.023726833134251279e-01
1.135135135135135158e+02 8.686547887992743799e-01
1.136636636636636695e+02 7.592180427455433867e-01
1.138138138138138089e+02 6.564862134972431207e-01
1.139639639639639626e+02 6.224300563606460779e-01
1.141141141141141162e+02 6.575369471412274569e-01
1.142642642642642699e+02 7.227739824376210320e-01
1.144144144144144093e+02 8.008941881568348853e-01
1.145645645645645629e+02 8.901149237440331152e-01
1.147147147147147166e+02 9.401804159049531595e-01
1.148648648648648702e+02 9.185596878814010768e-01
1.150150150150150097e+02 8.928799803281202152e-01
1.151651651651651633e+02 8.648353437815403666e-01
1.153153153153153170e+02 8.363077752270016152e-01
1.154654654654654706e+02 8.091014881269525949e-01
1.156156156156156243e+02 7.846547922103697115e-01
1.157657657657657637e+02 7.638060202027644463e-01
1.159159159159159174e+02 7.466853605453991349e-01
1.160660660660660710e+02 7.327796484722260972e-01
1.162162162162162247e+02 7.211724229353445592e-01
1.163663663663663641e+02 8.364936098200732584e-01
1.165165165165165178e+02 9.040700978117205411e-01
1.166666666666666714e+02 8.626803314103099751e-01
1.168168168168168251e+02 7.494196621689765969e-01
1.169669669669669645e+02 6.493452295416687337e-01
1.171171171171171181e+02 6.236807002592962279e-01
1.172672672672672718e+02 6.627679981083869354e-01
1.174174174174174254e+02 7.281733271370732785e-01
1.175675675675675649e+02 8.072144999027895951e-01
1.177177177177177185e+02 8.972508220635637688e-01
1.178678678678678722e+02 9.386717524150960390e-01
1.180180180180180258e+02 9.166645768363631541e-01
1.181681681681681653e+02 8.907556314764764060e-01
1.183183183183183189e+02 8.626423814473618279e-01
1.184684684684684726e+02 8.341728483183064036e-01
1.186186186186186262e+02 8.071179489923469008e-01
1.187687687687687657e+02 7.828956316340190957e-01
1.189189189189189193e+02 7.623162806063858987e-01
1.190690690690690730e+02 7.454628341708491313e-01
1.192192192192192266e+02 7.317781971874220970e-01
1.193693693693693660e+02 7.203306615893021458e-01
1.195195195195195197e+02 8.444584968633580546e-01
1.196696696696696733e+02 9.037692124860111642e-01
1.198198198198198270e+02 8.548976457685824037e-01
1.199699699699699664e+02 7.409447451013029262e-01
1.201201201201201201e+02 6.443021927213878897e-01
1.202702702702702737e+02 6.230324011304033682e-01
1.204204204204204274e+02 6.664359827930343982e-01
1.205705705705705668e+02 7.337910611685948270e-01
1.207207207207207205e+02 8.136122457076251369e-01
1.208708708708708741e+02 9.033184719807698659e-01
1.210210210210210278e+02 9.371784222161305689e-01
1.211711711711711672e+02 9.148078359960436501e-01
1.213213213213213209e+02 8.886289890150647075e-01
1.214714714714714745e+02 8.603957943159369348e-01
1.216216216216216282e+02 8.319846017099223889e-01
1.217717717717717676e+02 8.051366139734363880e-01
1.219219219219219212e+02 7.812005719162574691e-01
1.220720720720720749e+02 7.609184473133716597e-01
1.222222222222222285e+02 7.443237702090588215e-01
1.223723723723723680e+02 7.308256570978782785e-01
1.225225225225225216e+02 7.198108754573655510e-01
1.226726726726726753e+02 8.543245633225999836e-01
1.228228228228228289e+02 9.046371576974279183e-01
1.229729729729729684e+02 8.478196608846934046e-01
1.231231231231231220e+02 7.313178072314771017e-01
1.232732732732732757e+02 6.416041095823692419e-01
1.234234234234234293e+02 6.265556290679084039e-01
1.235735735735735688e+02 6.715545018510652442e-01
1.237237237237237224e+02 7.395734046931874417e-01
1.238738738738738761e+02 8.211215592358003246e-01
1.240240240240240297e+02 9.104012294931065341e-01
1.241741741741741691e+02 9.355935980880698555e-01
1.243243243243243228e+02 9.129060361538926527e-01
1.244744744744744764e+02 8.865358176660796952e-01
1.246246246246246301e+02 8.582212506251046813e-01
1.247747747747747695e+02 8.298404430455834646e-01
1.249249249249249232e+02 8.031454850754033981e-01
1.250750750750750768e+02 7.794685083756615063e-01
1.252252252252252305e+02 7.594943014883356325e-01
1.253753753753753841e+02 7.431884578225842475e-01
1.255255255255255236e+02 7.299148609597418957e-01
1.256756756756756772e+02 7.291879652687923707e-01
1.258258258258258309e+02 8.603599628061039395e-01
1.259759759759759845e+02 9.034473303725641946e-01
1.261261261261261239e+02 8.401551101353278428e-01
1.262762762762762776e+02 7.220257463459778258e-01
1.264264264264264312e+02 6.350655441642072407e-01
1.265765765765765849e+02 6.274727715986192500e-01
1.267267267267267243e+02 6.764398962318183273e-01
1.268768768768768780e+02 7.449724880675970828e-01
1.270270270270270316e+02 8.272297638873097325e-01
1.271771771771771853e+02 9.167141276161814289e-01
1.273273273273273247e+02 9.340210410992648704e-01
1.274774774774774784e+02 9.109592574678513355e-01
1.276276276276276320e+02 8.843665792972699169e-01
1.277777777777777857e+02 8.560081819406893944e-01
1.279279279279279251e+02 8.277335434433994443e-01
1.280780780780780788e+02 8.012409429160389784e-01
1.282282282282282324e+02 7.778168334228311442e-01
1.283783783783783861e+02 7.581098804418491266e-01
1.285285285285285397e+02 7.420465067598362996e-01
1.286786786786786934e+02 7.289579310915315080e-01
1.288288288288288186e+02 7.434362503527203181e-01
1.289789789789789722e+02 8.680627798155873265e-01
1.291291291291291259e+02 9.018322300895609267e-01
1.292792792792792795e+02 8.314094976588978225e-01
1.294294294294294332e+02 7.144018037275020605e-01
1.295795795795795868e+02 6.331865875689898226e-01
1.297297297297297405e+02 6.293061145829450531e-01
1.298798798798798941e+02 6.808222461068661469e-01
1.300300300300300194e+02 7.511630106528046635e-01
1.301801801801801730e+02 8.344378663689128173e-01
1.303303303303303267e+02 9.226574931053876938e-01
1.304804804804804803e+02 9.324538950578183938e-01
1.306306306306306340e+02 9.090853115016650499e-01
1.307807807807807876e+02 8.822746852146493568e-01
1.309309309309309413e+02 8.538230407902059893e-01
1.310810810810810949e+02 8.256143733482221858e-01
1.312312312312312201e+02 7.993366154364972553e-01
1.313813813813813738e+02 7.762145755922154056e-01
1.315315315315315274e+02 7.568200310769289674e-01
1.316816816816816811e+02 7.410210751436747678e-01
1.318318318318318347e+02 7.281140323667896208e-01
1.319819819819819884e+02 7.533599511968285256e-01
1.321321321321321420e+02 8.752455800377142436e-01
1.322822822822822957e+02 9.005568138080630725e-01
1.324324324324324209e+02 8.234836163465913961e-01
1.325825825825825746e+02 7.046944268854731241e-01
1.327327327327327282e+02 6.304490066433836581e-01
1.328828828828828819e+02 6.334139106380272111e-01
1.330330330330330355e+02 6.863179523912655844e-01
1.331831831831831892e+02 7.568797087578946758e-01
1.333333333333333428e+02 8.417078767902403946e-01
1.334834834834834965e+02 9.292314938314156780e-01
1.336336336336336217e+02 9.307457953083447810e-01
1.337837837837837753e+02 9.070585947816838246e-01
1.339339339339339290e+02 8.800852055960246556e-01
1.340840840840840826e+02 8.516037652867675112e-01
1.342342342342342363e+02 8.234710972756599245e-01
1.343843843843843899e+02 7.973632619433467239e-01
1.345345345345345436e+02 7.744892508774585682e-01
1.346846846846846972e+02 7.553780414770061569e-01
1.348348348348348509e+02 7.398415162022523583e-01
1.349849849849849761e+02 7.271392961990666981e-01
1.351351351351351298e+02 7.641478043635033801e-01
1.352852852852852834e+02 8.797013831796871575e-01
1.354354354354354371e+02 8.969675987586688271e-01
1.355855855855855907e+02 8.145914959038784708e-01
1.357357357357357444e+02 6.968638202794333880e-01
1.358858858858858980e+02 6.258788333613864996e-01
1.360360360360360517e+02 6.346828494790641706e-01
1.361861861861861769e+02 6.910454005154951229e-01
1.363363363363363305e+02 7.626508704599215260e-01
1.364864864864864842e+02 8.479502054082901363e-01
1.366366366366366378e+02 9.347150855284269699e-01
1.367867867867867915e+02 9.290987883299579586e-01
1.369369369369369451e+02 9.050682768550141200e-01
1.370870870870870988e+02 8.778849298204977059e-01
1.372372372372372524e+02 8.493720186640592029e-01
1.373873873873873777e+02 8.213760321017212762e-01
1.375375375375375313e+02 7.955146955582101942e-01
1.376876876876876850e+02 7.729296825989167008e-01
1.378378378378378386e+02 7.540981398823035642e-01
1.379879879879879923e+02 7.387925912387004468e-01
1.381381381381381459e+02 7.262465706676574095e-01
1.382882882882882996e+02 7.773912601131450772e-01
1.384384384384384532e+02 8.862991973894377429e-01
1.385885885885885784e+02 8.941618970453294457e-01
1.387387387387387321e+02 8.053148455476247802e-01
1.388888888888888857e+02 6.898240599252002392e-01
1.390390390390390394e+02 6.263625096206955067e-01
1.391891891891891930e+02 6.386838938764384244e-01
1.393393393393393467e+02 6.961514897212589537e-01
1.394894894894895003e+02 7.692541271985877671e-01
1.396396396396396540e+02 8.556872056251392245e-01
1.397897897897897792e+02 9.403905850576532721e-01
1.399399399399399329e+02 9.274125636721956001e-01
1.400900900900900865e+02 9.031168533858496827e-01
1.402402402402402402e+02 8.757722033378043669e-01
1.403903903903903938e+02 8.472072821466249959e-01
1.405405405405405475e+02 8.192905729305932638e-01
1.406906906906907011e+02 7.936410950549936949e-01
1.408408408408408548e+02 7.713546919087542753e-01
1.409909909909909800e+02 7.528353438780263085e-01
1.411411411411411336e+02 7.377946952399252467e-01
1.412912912912912873e+02 7.254324206867527325e-01
1.414414414414414409e+02 7.859589608546340145e-01
1.415915915915915946e+02 8.904857043186115151e-01
1.417417417417417482e+02 8.903529253575587221e-01
1.418918918918919019e+02 7.966077054429605564e-01
1.420420420420420555e+02 6.804959502956847706e-01
1.421921921921921808e+02 6.233554580599506290e-01
1.423423423423423344e+02 6.424670366119930032e-01
1.424924924924924881e+02 7.015320046578610302e-01
1.426426426426426417e+02 7.748488234883846859e-01
1.427927927927927954e+02 8.624520507260708957e-01
1.429429429429429490e+02 9.457988682642212153e-01
1.430930930930931027e+02 9.256728008320700418e-01
1.432432432432432563e+02 9.010676340993143407e-01
1.433933933933933815e+02 8.735845925527694344e-01
1.435435435435435352e+02 8.450403075571184530e-01
1.436936936936936888e+02 8.172589115878906574e-01
1.438438438438438425e+02 7.918193231776947671e-01
1.439939939939939961e+02 7.697881256405427752e-01
1.441441441441441498e+02 7.515331717007506240e-01
1.442942942942943034e+02 7.367226468887118074e-01
1.444444444444444571e+02 7.245312345224445005e-01
1.445945945945946107e+02 7.977862514374738367e-01
1.447447447447447360e+02 8.939481139796185971e-01
1.448948948948948896e+02 8.851915245583659164e-01
1.450450450450450433e+02 7.872284840077213852e-01
1.451951951951951969e+02 6.748957612306594189e-01
1.453453453453453506e+02 6.219095458028995882e-01
1.454954954954955042e+02 6.449927906482136875e-01
1.456456456456456579e+02 7.065801956362899316e-01
1.457957957957958115e+02 7.813722376709854034e-01
1.459459459459459367e+02 8.691308011482767881e-01
1.460960960960960904e+02 9.444400021018319880e-01
1.462462462462462440e+02 9.239406598326457276e-01
1.463963963963963977e+02 8.990361695976177847e-01
1.465465465465465513e+02 8.713656713743114235e-01
1.466966966966967050e+02 8.427929869381712846e-01
1.468468468468468586e+02 8.151522030304181321e-01
1.469969969969970123e+02 7.899753082584028974e-01
1.471471471471471375e+02 7.682530375211683582e-01
1.472972972972972912e+02 7.502873321501218884e-01
1.474474474474474448e+02 7.357024887083941644e-01
1.475975975975975985e+02 7.236486024515440540e-01
1.477477477477477521e+02 8.086815685152702882e-01
1.478978978978979058e+02 8.984024872901590353e-01
1.480480480480480594e+02 8.809292307413927325e-01
1.481981981981982130e+02 7.775740183573087716e-01
1.483483483483483383e+02 6.678465046905480706e-01
1.484984984984984919e+02 6.232879255065358892e-01
1.486486486486486456e+02 6.501021700606915976e-01
1.487987987987987992e+02 7.119939106748004454e-01
1.489489489489489529e+02 7.879513327350922136e-01
1.490990990990991065e+02 8.768081784405465928e-01
1.492492492492492602e+02 9.430483273376015774e-01
1.493993993993994138e+02 9.221725547428744063e-01
1.495495495495495391e+02 8.970346758945491050e-01
1.496996996996996927e+02 8.692621474835902085e-01
1.498498498498498464e+02 8.406970439084964219e-01
1.500000000000000000e+02 8.131686476996825563e-01
