0.000000000000000000e+00 1.890469762418821309e-01
1.501501501501501523e-01 3.931058630010025312e-01
3.003003003003003046e-01 5.049516417759116749e-01
4.504504504504504570e-01 6.272749255199305818e-01
6.006006006006006093e-01 7.511200197750109719e-01
7.507507507507507061e-01 7.618846813538709961e-01
9.009009009009009139e-01 7.527721807559821787e-01
1.051051051051051122e+00 7.467942036125161387e-01
1.201201201201201219e+00 7.445112526913072459e-01
1.351351351351351315e+00 7.900963666411348063e-01
1.501501501501501412e+00 8.014865462550113673e-01
1.651651651651651731e+00 7.500544126480684914e-01
1.801801801801801828e+00 6.821609611215936342e-01
1.951951951951951925e+00 6.684654533490516082e-01
2.102102102102102243e+00 6.813355694407032814e-01
2.252252252252252340e+00 6.872971285123872232e-01
2.402402402402402437e+00 6.865161973233160353e-01
2.552552552552552534e+00 6.922201171309767531e-01
2.702702702702702631e+00 7.441249721895528690e-01
2.852852852852852727e+00 8.059431971334666267e-01
3.003003003003002824e+00 8.688015491916178945e-01
3.153153153153153365e+00 9.085874416288164390e-01
3.303303303303303462e+00 9.020392592249248942e-01
3.453453453453453559e+00 8.935819224854191223e-01
3.603603603603603656e+00 8.839901853353100414e-01
3.753753753753753752e+00 8.739658007638785309e-01
3.903903903903903849e+00 9.065860860870184057e-01
4.054054054054054390e+00 9.012880255886448477e-01
4.204204204204204487e+00 8.580988924142356478e-01
4.354354354354354584e+00 8.028775442131658169e-01
4.504504504504504681e+00 7.949518766137463333e-01
4.654654654654654777e+00 7.967632177527319559e-01
4.804804804804804874e+00 7.913088434807631355e-01
4.954954954954954971e+00 7.794602954410480011e-01
5.105105105105105068e+00 7.913157126964389665e-01
5.255255255255255165e+00 8.269716094621215596e-01
5.405405405405405261e+00 8.656834328735527606e-01
5.555555555555555358e+00 8.948776466136719732e-01
5.705705705705705455e+00 8.979074331359198080e-01
5.855855855855855552e+00 8.941592618945889415e-01
6.006006006006005649e+00 8.865540718581769175e-01
6.156156156156156634e+00 8.762351969684258890e-01
6.306306306306306730e+00 8.739047941253936802e-01
6.456456456456456827e+00 8.973178789877540584e-01
6.606606606606606924e+00 8.871084278320494620e-01
6.756756756756757021e+00 8.578552941637742624e-01
6.906906906906907118e+00 8.233350567450883339e-01
7.057057057057057214e+00 8.247066386063779397e-01
7.207207207207207311e+00 8.200593175811430324e-01
7.357357357357357408e+00 8.091840322703313104e-01
7.507507507507507505e+00 7.936814550096862320e-01
7.657657657657657602e+00 8.197983683174383529e-01
7.807807807807807698e+00 8.443728569970062603e-01
7.957957957957957795e+00 8.692776982325504109e-01
8.108108108108108780e+00 8.783753955799302737e-01
8.258258258258258877e+00 8.748668146561908721e-01
8.408408408408408974e+00 8.729334531134211872e-01
8.558558558558559071e+00 8.665682935651249919e-01
8.708708708708709167e+00 8.572034029241677455e-01
8.858858858858859264e+00 8.676834185038672098e-01
9.009009009009009361e+00 8.766412801435955471e-01
9.159159159159159458e+00 8.654107385329297131e-01
9.309309309309309555e+00 8.494932382973598983e-01
9.459459459459459651e+00 8.347585692178089989e-01
9.609609609609609748e+00 8.337527852614700086e-01
9.759759759759759845e+00 8.262138419354631003e-01
9.909909909909909942e+00 8.137426668412386377e-01
1.006006006006006004e+01 8.008877001469926205e-01
1.021021021021021014e+01 8.341857726819708052e-01
1.036036036036036023e+01 8.505107709980677111e-01
1.051051051051051033e+01 8.679317208034270648e-01
1.066066066066066043e+01 8.669738711862980951e-01
1.081081081081081052e+01 8.668437160160181731e-01
1.096096096096096062e+01 8.647241638815309495e-01
1.111111111111111072e+01 8.582852142642548587e-01
1.126126126126126081e+01 8.490965198941788916e-01
1.141141141141141091e+01 8.661607798846444606e-01
1.156156156156156101e+01 8.658031496002553951e-01
1.171171171171171110e+01 8.573677990524991577e-01
1.186186186186186120e+01 8.488951779654918539e-01
1.201201201201201130e+01 8.424509295503327388e-01
1.216216216216216317e+01 8.393554006824068825e-01
1.231231231231231327e+01 8.306481723004399687e-01
1.246246246246246336e+01 8.180700481594298523e-01
1.261261261261261346e+01 8.219464054935005093e-01
1.276276276276276356e+01 8.445071555933870711e-01
1.291291291291291365e+01 8.568539102282228814e-01
1.306306306306306375e+01 8.685226467407802797e-01
1.321321321321321385e+01 8.634104728748576152e-01
1.336336336336336394e+01 8.654266103596804927e-01
1.351351351351351404e+01 8.620528542524448223e-01
1.366366366366366414e+01 8.547137743111899999e-01
1.381381381381381424e+01 8.449993549273060456e-01
1.396396396396396433e+01 8.666638320034716347e-01
1.411411411411411443e+01 8.624039684667696992e-01
1.426426426426426453e+01 8.571742028050877149e-01
1.441441441441441462e+01 8.501429553332982003e-01
1.456456456456456472e+01 8.476476010557306706e-01
1.471471471471471482e+01 8.433206446710418414e-01
1.486486486486486491e+01 8.340552979368938136e-01
1.501501501501501501e+01 8.216108838355149491e-01
1.516516516516516511e+01 8.381211225916063157e-01
1.531531531531531520e+01 8.525559659279001723e-01
1.546546546546546530e+01 8.625785976300683888e-01
1.561561561561561540e+01 8.687583648146014470e-01
1.576576576576576549e+01 8.646687333240561379e-01
1.591591591591591559e+01 8.648451178378453452e-01
1.606606606606606746e+01 8.599838477203013420e-01
1.621621621621621756e+01 8.515505712129214366e-01
1.636636636636636766e+01 8.517740936796716067e-01
1.651651651651651775e+01 8.669953226766257126e-01
1.666666666666666785e+01 8.623642856770977749e-01
1.681681681681681795e+01 8.591281138598838574e-01
1.696696696696696804e+01 8.504505020433759110e-01
1.711711711711711814e+01 8.510397857317095749e-01
1.726726726726726824e+01 8.457128040414383374e-01
1.741741741741741833e+01 8.359701757694535385e-01
1.756756756756756843e+01 8.235481052458333284e-01
1.771771771771771853e+01 8.487478202462093169e-01
1.786786786786786863e+01 8.582954373567888151e-01
1.801801801801801872e+01 8.667253903790655967e-01
1.816816816816816882e+01 8.676438069780313400e-01
1.831831831831831892e+01 8.650827388540798246e-01
1.846846846846846901e+01 8.634781465233436482e-01
1.861861861861861911e+01 8.571752310815740072e-01
1.876876876876876921e+01 8.476958801478855499e-01
1.891891891891891930e+01 8.581649468794715352e-01
1.906906906906906940e+01 8.665900947677023236e-01
1.921921921921921950e+01 8.633537865541136558e-01
1.936936936936936959e+01 8.607087377201476652e-01
1.951951951951951969e+01 8.537998141939819874e-01
1.966966966966966979e+01 8.529454841503296691e-01
1.981981981981981988e+01 8.465951252681300776e-01
1.996996996996996998e+01 8.362966318693256795e-01
2.012012012012012008e+01 8.290187584012074229e-01
2.027027027027027017e+01 8.550288620399827400e-01
2.042042042042042027e+01 8.617747407927696113e-01
2.057057057057057037e+01 8.686222204400795288e-01
2.072072072072072046e+01 8.645186573619789705e-01
2.087087087087087056e+01 8.644987842175719805e-01
2.102102102102102066e+01 8.612737497674706200e-01
2.117117117117117076e+01 8.536830416839472635e-01
2.132132132132132085e+01 8.433048393731463754e-01
2.147147147147147095e+01 8.620655855231035281e-01
2.162162162162162105e+01 8.655338601793717279e-01
2.177177177177177114e+01 8.639954142522211500e-01
2.192192192192192124e+01 8.603488026364900509e-01
2.207207207207207134e+01 8.558894651948000254e-01
2.222222222222222143e+01 8.536501662464408557e-01
2.237237237237237153e+01 8.462934317681750640e-01
2.252252252252252163e+01 8.354240399327212963e-01
2.267267267267267172e+01 8.420460979469815976e-01
2.282282282282282182e+01 8.587339127010054085e-01
2.297297297297297192e+01 8.638994365970802392e-01
2.312312312312312201e+01 8.684172759468353764e-01
2.327327327327327211e+01 8.624334102943711500e-01
2.342342342342342221e+01 8.632076857044319596e-01
2.357357357357357230e+01 8.585402741031354923e-01
2.372372372372372240e+01 8.498682072999663717e-01
2.387387387387387250e+01 8.388071010426725316e-01
2.402402402402402259e+01 8.641296938440026221e-01
2.417417417417417624e+01 8.647338523326921766e-01
2.432432432432432634e+01 8.644110042385210191e-01
2.447447447447447644e+01 8.582534963831733865e-01
2.462462462462462653e+01 8.569779681091211909e-01
2.477477477477477663e+01 8.534076421097150922e-01
2.492492492492492673e+01 8.451251809230102552e-01
2.507507507507507682e+01 8.337698946223436325e-01
2.522522522522522692e+01 8.509009305686850988e-01
2.537537537537537702e+01 8.611394421437749136e-01
2.552552552552552712e+01 8.656995111590979342e-01
2.567567567567567721e+01 8.671485180462277231e-01
2.582582582582582731e+01 8.623993203128119678e-01
2.597597597597597741e+01 8.615201446968122623e-01
2.612612612612612750e+01 8.555358825119491195e-01
2.627627627627627760e+01 8.459527809031572865e-01
2.642642642642642770e+01 8.475782044773204627e-01
2.657657657657657779e+01 8.647325838510552254e-01
2.672672672672672789e+01 8.646475690505592837e-01
2.687687687687687799e+01 8.647830806429115391e-01
2.702702702702702808e+01 8.565051821055836845e-01
2.717717717717717818e+01 8.573654573067794882e-01
2.732732732732732828e+01 8.524956163624610728e-01
2.747747747747747837e+01 8.433497348828745688e-01
2.762762762762762847e+01 8.315925591888557733e-01
2.777777777777777857e+01 8.563395692995643405e-01
2.792792792792792866e+01 8.624930042252958451e-01
2.807807807807807876e+01 8.669173670372022356e-01
2.822822822822822886e+01 8.648762102492214554e-01
2.837837837837837895e+01 8.620901131487496150e-01
2.852852852852852905e+01 8.596505405886208928e-01
2.867867867867867915e+01 8.524585272955643722e-01
2.882882882882882924e+01 8.420867330840120513e-01
2.897897897897897934e+01 8.545302225497694026e-01
2.912912912912912944e+01 8.643522222926337539e-01
2.927927927927927954e+01 8.647728781466905712e-01
2.942942942942942963e+01 8.641758474393343992e-01
2.957957957957957973e+01 8.579335957639496746e-01
2.972972972972972983e+01 8.572291564094812744e-01
2.987987987987987992e+01 8.511440699561864109e-01
3.003003003003003002e+01 8.412115007849415571e-01
3.018018018018018012e+01 8.371608891422501753e-01
3.033033033033033021e+01 8.596039896796632274e-01
3.048048048048048031e+01 8.633049252819193775e-01
3.063063063063063041e+01 8.670874271373120168e-01
3.078078078078078050e+01 8.608727117215084768e-01
3.093093093093093060e+01 8.614919380409445937e-01
3.108108108108108070e+01 8.576247989458516408e-01
3.123123123123123079e+01 8.493744967409346813e-01
3.138138138138138089e+01 8.383609516622794189e-01
3.153153153153153099e+01 8.593386052201094083e-01
3.168168168168168108e+01 8.639746102622047896e-01
3.183183183183183118e+01 8.651016027433048317e-01
3.198198198198198128e+01 8.622954585587594423e-01
3.213213213213213493e+01 8.587482262785099962e-01
3.228228228228228147e+01 8.565753515442745547e-01
3.243243243243243512e+01 8.494011035495745432e-01
3.258258258258258167e+01 8.388100597305152561e-01
3.273273273273273531e+01 8.475454345281024926e-01
3.288288288288288186e+01 8.616523492609882151e-01
3.303303303303303551e+01 8.644371266217948380e-01
3.318318318318318205e+01 8.666575157258976647e-01
3.333333333333333570e+01 8.603166123012435662e-01
3.348348348348348225e+01 8.605672672831594650e-01
3.363363363363363590e+01 8.553754198461899216e-01
3.378378378378378244e+01 8.462090238090852479e-01
3.393393393393393609e+01 8.363668664395713659e-01
3.408408408408408263e+01 8.620355045384225923e-01
3.423423423423423628e+01 8.641286598909836414e-01
3.438438438438438283e+01 8.657390440075045657e-01
3.453453453453453648e+01 8.598863290438886198e-01
3.468468468468468302e+01 8.590494490848576969e-01
3.483483483483483667e+01 8.554588526038705565e-01
3.498498498498498321e+01 8.472818120191103475e-01
3.513513513513513686e+01 8.361409963885390040e-01
3.528528528528528341e+01 8.543272141500372063e-01
3.543543543543543706e+01 8.627033187630369637e-01
3.558558558558558360e+01 8.656866696526195337e-01
3.573573573573573725e+01 8.655817004888194388e-01
3.588588588588588379e+01 8.607254503828974945e-01
3.603603603603603744e+01 8.593753257510690080e-01
3.618618618618618399e+01 8.529383407585449106e-01
3.633633633633633764e+01 8.429534530336193487e-01
3.648648648648648418e+01 8.465361715650813190e-01
3.663663663663663783e+01 8.630250337130140892e-01
3.678678678678678438e+01 8.644211856645636072e-01
3.693693693693693803e+01 8.657754606833784061e-01
3.708708708708708457e+01 8.582056916969309501e-01
3.723723723723723822e+01 8.589200683486988286e-01
3.738738738738738476e+01 8.539941352277569120e-01
3.753753753753753841e+01 8.448942326007199410e-01
3.768768768768768496e+01 8.332789089193418652e-01
3.783783783783783861e+01 8.586163820150645165e-01
3.798798798798798515e+01 8.630788838404857000e-01
3.813813813813813880e+01 8.662964092181976161e-01
3.828828828828828534e+01 8.629246364885080345e-01
3.843843843843843899e+01 8.607594023612775702e-01
3.858858858858859264e+01 8.579266826489786446e-01
3.873873873873873919e+01 8.503684289470844204e-01
3.888888888888889284e+01 8.396822281254501252e-01
3.903903903903903938e+01 8.541020760708969428e-01
3.918918918918919303e+01 8.633042056112357754e-01
3.933933933933933957e+01 8.648162966572436883e-01
3.948948948948949322e+01 8.646098004358324651e-01
3.963963963963963977e+01 8.591769106099615971e-01
3.978978978978979342e+01 8.583354154688878079e-01
3.993993993993993996e+01 8.522029044700882849e-01
4.009009009009009361e+01 8.423102522959882155e-01
4.024024024024024015e+01 8.410272535899534496e-01
4.039039039039039380e+01 8.612889965588224062e-01
4.054054054054054035e+01 8.637318809609758619e-01
4.069069069069069400e+01 8.664395018579645891e-01
4.084084084084084054e+01 8.588416340502484925e-01
4.099099099099099419e+01 8.603721833179697187e-01
4.114114114114114074e+01 8.561612634660857868e-01
4.129129129129129439e+01 8.476214184946392338e-01
4.144144144144144093e+01 8.363850825059708782e-01
4.159159159159159458e+01 8.589400217469965737e-01
4.174174174174174112e+01 8.636630121600173959e-01
4.189189189189189477e+01 8.656349759929335974e-01
4.204204204204204132e+01 8.628153387869036406e-01
4.219219219219219497e+01 8.596514483518440386e-01
4.234234234234234151e+01 8.573078127361870582e-01
4.249249249249249516e+01 8.500656816035170316e-01
4.264264264264264170e+01 8.395039629058734798e-01
4.279279279279279535e+01 8.499219022646427035e-01
4.294294294294294190e+01 8.626507787948048955e-01
4.309309309309309555e+01 8.648187937887017451e-01
4.324324324324324209e+01 8.662025164058427817e-01
4.339339339339339574e+01 8.597577810680201438e-01
4.354354354354354228e+01 8.596321595509569535e-01
4.369369369369369593e+01 8.541118714056036287e-01
4.384384384384384248e+01 8.446864818125023877e-01
4.399399399399399613e+01 8.371356904269600108e-01
4.414414414414414267e+01 8.614348418889805625e-01
4.429429429429429632e+01 8.639935212876161952e-01
4.444444444444444287e+01 8.662307905294602817e-01
4.459459459459459651e+01 8.603239038892038781e-01
4.474474474474474306e+01 8.597183029581126901e-01
4.489489489489489671e+01 8.559437695375134991e-01
4.504504504504504325e+01 8.476692056552378451e-01
4.519519519519519690e+01 8.365210925703348011e-01
4.534534534534534345e+01 8.559152882954020880e-01
4.549549549549549710e+01 8.629930441586066703e-01
4.564564564564564364e+01 8.656136286688889125e-01
4.579579579579579729e+01 8.646631981467570727e-01
4.594594594594594383e+01 8.602608343140909497e-01
4.609609609609609748e+01 8.585858862328251684e-01
4.624624624624624403e+01 8.518643361745553699e-01
4.639639639639639768e+01 8.416564316798499368e-01
4.654654654654654422e+01 8.475412149455052724e-01
4.669669669669669787e+01 8.625594898190511728e-01
4.684684684684684441e+01 8.642855190506164575e-01
4.699699699699699806e+01 8.657954306797274180e-01
4.714714714714714461e+01 8.588577155976487854e-01
4.729729729729729826e+01 8.593524467620844431e-01
4.744744744744744480e+01 8.542720334950574257e-01
4.759759759759759845e+01 8.450902787911197533e-01
4.774774774774774500e+01 8.334672463877741411e-01
4.789789789789789864e+01 8.598599322146871504e-01
4.804804804804804519e+01 8.633137940390567255e-01
4.819819819819819884e+01 8.660808500351943051e-01
4.834834834834835249e+01 8.615908443423082597e-01
4.849849849849849903e+01 8.603066568199224662e-01
4.864864864864865268e+01 8.571898635618411255e-01
4.879879879879879923e+01 8.494059043734030201e-01
4.894894894894895288e+01 8.385609227199146698e-01
4.909909909909909942e+01 8.547559565216081845e-01
4.924924924924925307e+01 8.632506132408165334e-01
4.939939939939939961e+01 8.650653834124955033e-01
4.954954954954955326e+01 8.646893009498415328e-01
4.969969969969969981e+01 8.596185355216733326e-01
4.984984984984985346e+01 8.585413895233966475e-01
5.000000000000000000e+01 8.522594572123459722e-01
5.015015015015015365e+01 8.423032932491366642e-01
5.030030030030030019e+01 8.431839475762482605e-01
5.045045045045045384e+01 8.620579589242404195e-01
5.060060060060060039e+01 8.641434214195771180e-01
5.075075075075075404e+01 8.664298941278140154e-01
5.090090090090090058e+01 8.587596829074684024e-01
5.105105105105105423e+01 8.599477356342402068e-01
5.120120120120120077e+01 8.554539195589204725e-01
5.135135135135135442e+01 8.467076900458897493e-01
5.150150150150150097e+01 8.353478881388768373e-01
5.165165165165165462e+01 8.590493243185256533e-01
5.180180180180180116e+01 8.636563828114625085e-01
5.195195195195195481e+01 8.660034752818061010e-01
5.210210210210210136e+01 8.630046069118992857e-01
5.225225225225225500e+01 8.599694238870588814e-01
5.240240240240240155e+01 8.573795545233964255e-01
5.255255255255255520e+01 8.499703687882341763e-01
5.270270270270270174e+01 8.393296222813545482e-01
5.285285285285285539e+01 8.513663339431691846e-01
5.300300300300300194e+01 8.628006464456681179e-01
5.315315315315315559e+01 8.649434539368967556e-01
5.330330330330330213e+01 8.658445734385236126e-01
5.345345345345345578e+01 8.596830057584503582e-01
5.360360360360360232e+01 8.592519274411787311e-01
5.375375375375375597e+01 8.534719115890049279e-01
5.390390390390390252e+01 8.438544226491324629e-01
5.405405405405405617e+01 8.390704598492551014e-01
5.420420420420420271e+01 8.613705661794325286e-01
5.435435435435435636e+01 8.638047002768123317e-01
5.450450450450450290e+01 8.661878368863268340e-01
5.465465465465465655e+01 8.597614389670157342e-01
5.480480480480480310e+01 8.598993682244367998e-01
5.495495495495495675e+01 8.559136663820550162e-01
5.510510510510510329e+01 8.474927495935068444e-01
5.525525525525525694e+01 8.362715784952969855e-01
5.540540540540540349e+01 8.571259195763516470e-01
5.555555555555555713e+01 8.630562321258119507e-01
5.570570570570570368e+01 8.655338504677719813e-01
5.585585585585585733e+01 8.637683097571347002e-01
5.600600600600600387e+01 8.601260930802960836e-01
5.615615615615615752e+01 8.581852013204765983e-01
5.630630630630630407e+01 8.512543574812961866e-01
5.645645645645645772e+01 8.409031065600125476e-01
5.660660660660660426e+01 8.489849223487816454e-01
5.675675675675675791e+01 8.626995818293364815e-01
5.690690690690690445e+01 8.643826766048404719e-01
5.705705705705705810e+01 8.657275848478507285e-01
5.720720720720720465e+01 8.591472812280227522e-01
5.735735735735735830e+01 8.593762771945410162e-01
5.750750750750750484e+01 8.541054793136485523e-01
5.765765765765765849e+01 8.448109706294001375e-01
5.780780780780781214e+01 8.340563351773322420e-01
5.795795795795795868e+01 8.606539097486675116e-01
5.810810810810811233e+01 8.636538800777424640e-01
5.825825825825825888e+01 8.662292095917560886e-01
5.840840840840841253e+01 8.609438319367774817e-01
5.855855855855855907e+01 8.601256493909057443e-01
5.870870870870871272e+01 8.567406259762865295e-01
5.885885885885885926e+01 8.487664329152185827e-01
5.900900900900901291e+01 8.378132840969667594e-01
5.915915915915915946e+01 8.554188659156543029e-01
5.930930930930931311e+01 8.633755778256234636e-01
5.945945945945945965e+01 8.654197932524682058e-01
5.960960960960961330e+01 8.648296265860020426e-01
5.975975975975975985e+01 8.598314494062556657e-01
5.990990990990991349e+01 8.584762864799042603e-01
6.006006006006006004e+01 8.519926283070405892e-01
6.021021021021021369e+01 8.419216855244898712e-01
6.036036036036036023e+01 8.447904988762354739e-01
6.051051051051051388e+01 8.622485606376290024e-01
6.066066066066066043e+01 8.643467245553779765e-01
6.081081081081081408e+01 8.664084352650089915e-01
6.096096096096096062e+01 8.588854838766644129e-01
6.111111111111111427e+01 8.597647791271879614e-01
6.126126126126126081e+01 8.550102144141947802e-01
6.141141141141141446e+01 8.460748774599485822e-01
6.156156156156156101e+01 8.346065748009903196e-01
6.171171171171171466e+01 8.593335319008007511e-01
6.186186186186186120e+01 8.634808626539700604e-01
6.201201201201201485e+01 8.660406728833240919e-01
6.216216216216216139e+01 8.625891700309366028e-01
6.231231231231231504e+01 8.600956969357592685e-01
6.246246246246246159e+01 8.572609233774602933e-01
6.261261261261261524e+01 8.496671300144512662e-01
6.276276276276276178e+01 8.389154576602453339e-01
6.291291291291291543e+01 8.528010795683517165e-01
6.306306306306306197e+01 8.627990640577090087e-01
6.321321321321321562e+01 8.648956970096455255e-01
6.336336336336336217e+01 8.652677279883259631e-01
6.351351351351351582e+01 8.597210119101555970e-01
6.366366366366366236e+01 8.590234032731184355e-01
6.381381381381381601e+01 8.530284981279320222e-01
6.396396396396396256e+01 8.432600492492685618e-01
6.411411411411411621e+01 8.412334227367627149e-01
6.426426426426426985e+01 8.617065318426541110e-01
6.441441441441440929e+01 8.637946037418798850e-01
6.456456456456456294e+01 8.661006751983411078e-01
6.471471471471471659e+01 8.586726602993567381e-01
6.486486486486487024e+01 8.598916645660275027e-01
6.501501501501500968e+01 8.556931355621948398e-01
6.516516516516516333e+01 8.471294019821984378e-01
6.531531531531531698e+01 8.358383156188924357e-01
6.546546546546547063e+01 8.581227419108219401e-01
6.561561561561561007e+01 8.633162492397868926e-01
6.576576576576576372e+01 8.657023002366979192e-01
6.591591591591591737e+01 8.632671102662999862e-01
6.606606606606607102e+01 8.600831939747026755e-01
6.621621621621621046e+01 8.578756789586866605e-01
6.636636636636636410e+01 8.507542297527471709e-01
6.651651651651651775e+01 8.402916147927986801e-01
6.666666666666667140e+01 8.501721248950361298e-01
6.681681681681681084e+01 8.629640924887538311e-01
6.696696696696696449e+01 8.647159688744678885e-01
6.711711711711711814e+01 8.658757183609308017e-01
6.726726726726727179e+01 8.593464589933560438e-01
6.741741741741742544e+01 8.592796462416690817e-01
6.756756756756756488e+01 8.537877881145500281e-01
6.771771771771771853e+01 8.443576127838169354e-01
6.786786786786787218e+01 8.359573071302908165e-01
6.801801801801802583e+01 8.610063012513389236e-01
6.816816816816816527e+01 8.638854384819516508e-01
6.831831831831831892e+01 8.664163980420946931e-01
6.846846846846847257e+01 8.607390176090793377e-01
6.861861861861862621e+01 8.600582133356151626e-01
6.876876876876876565e+01 8.564036256723398521e-01
6.891891891891891930e+01 8.482345979174265027e-01
6.906906906906907295e+01 8.371706875463191810e-01
6.921921921921922660e+01 8.560605304113535485e-01
6.936936936936936604e+01 8.632553119437815781e-01
6.951951951951951969e+01 8.655531975428835123e-01
6.966966966966967334e+01 8.646051984970140047e-01
6.981981981981982699e+01 8.599548535867352905e-01
6.996996996996996643e+01 8.583325650451756328e-01
7.012012012012012008e+01 8.516399399180940577e-01
7.027027027027027373e+01 8.414349700585501690e-01
7.042042042042042738e+01 8.465595782931792934e-01
7.057057057057056682e+01 8.622584958384836851e-01
7.072072072072072046e+01 8.642761664709474045e-01
7.087087087087087411e+01 8.660900381451989150e-01
7.102102102102102776e+01 8.590444712988941633e-01
7.117117117117116720e+01 8.596471042768841775e-01
7.132132132132132085e+01 8.546633489768825642e-01
7.147147147147147450e+01 8.455625736955934002e-01
7.162162162162162815e+01 8.340006709713049249e-01
7.177177177177176759e+01 8.599083465497563417e-01
7.192192192192192124e+01 8.633753828866623792e-01
7.207207207207207489e+01 8.659599516397238350e-01
7.222222222222222854e+01 8.616675760982073218e-01
7.237237237237236798e+01 8.601003999396203969e-01
7.252252252252252163e+01 8.570356374371561614e-01
7.267267267267267528e+01 8.492750727896479779e-01
7.282282282282282893e+01 8.384265134860644508e-01
7.297297297297296836e+01 8.541248998182835450e-01
7.312312312312312201e+01 8.629965814346600705e-01
7.327327327327327566e+01 8.649987588212950662e-01
7.342342342342342931e+01 8.648767223914289870e-01
7.357357357357356875e+01 8.597730072996636608e-01
7.372372372372372240e+01 8.588060593134589915e-01
7.387387387387387605e+01 8.526141727498780520e-01
7.402402402402402970e+01 8.427245302222188261e-01
7.417417417417416914e+01 8.429794783585181639e-01
7.432432432432432279e+01 8.621352443334612259e-01
7.447447447447447644e+01 8.640621576240918866e-01
7.462462462462463009e+01 8.662475783212710834e-01
7.477477477477476953e+01 8.585332924117496933e-01
7.492492492492492318e+01 8.598063828068998049e-01
7.507507507507507682e+01 8.553726483965967686e-01
7.522522522522523047e+01 8.466568439719248662e-01
7.537537537537536991e+01 8.352980534106712041e-01
7.552552552552552356e+01 8.587331658584179683e-01
7.567567567567567721e+01 8.635602670045204876e-01
7.582582582582583086e+01 8.659967891921892535e-01
7.597597597597597030e+01 8.631767703018645710e-01
7.612612612612612395e+01 8.600952344840812058e-01
7.627627627627627760e+01 8.576087851983374977e-01
7.642642642642643125e+01 8.502850772463177442e-01
7.657657657657657069e+01 8.397060943649375941e-01
7.672672672672672434e+01 8.511873679636987600e-01
7.687687687687687799e+01 8.629541503701989580e-01
7.702702702702703164e+01 8.649251905096568827e-01
7.717717717717718529e+01 8.658481912168133343e-01
7.732732732732732472e+01 8.595161322620076261e-01
7.747747747747747837e+01 8.591600149395820507e-01
7.762762762762763202e+01 8.534362653111629005e-01
7.777777777777778567e+01 8.438512915235846235e-01
7.792792792792792511e+01 8.381306802643622156e-01
7.807807807807807876e+01 8.611610432612075705e-01
7.822822822822823241e+01 8.638111116318507587e-01
7.837837837837838606e+01 8.663195652991627638e-01
7.852852852852852550e+01 8.601774345191568472e-01
7.867867867867867915e+01 8.600234181498425112e-01
7.882882882882883280e+01 8.561225102317239211e-01
7.897897897897898645e+01 8.477695179460023045e-01
7.912912912912912589e+01 8.365955545795965564e-01
7.927927927927927954e+01 8.569375092222394352e-01
7.942942942942943318e+01 8.631081675816925092e-01
7.957957957957958683e+01 8.655017652261700611e-01
7.972972972972972627e+01 8.639172634710837739e-01
7.987987987987987992e+01 8.600269264179691842e-01
8.003003003003003357e+01 8.581551395110132985e-01
8.018018018018018722e+01 8.512696512225041978e-01
8.033033033033032666e+01 8.409396021679386157e-01
8.048048048048048031e+01 8.483626175001974801e-01
8.063063063063063396e+01 8.625050819211890207e-01
8.078078078078078761e+01 8.643086253189881107e-01
8.093093093093092705e+01 8.658050413783073829e-01
8.108108108108108070e+01 8.591735911083425714e-01
8.123123123123123435e+01 8.595034295989143480e-01
8.138138138138138800e+01 8.543116342782827166e-01
8.153153153153152743e+01 8.450721161424263883e-01
8.168168168168168108e+01 8.335447890977647489e-01
8.183183183183183473e+01 8.605613882334146592e-01
8.198198198198198838e+01 8.635725266520332122e-01
8.213213213213212782e+01 8.661034460631843457e-01
8.228228228228228147e+01 8.609820323593548874e-01
8.243243243243243512e+01 8.600696790746518161e-01
8.258258258258258877e+01 8.567603281420097527e-01
8.273273273273272821e+01 8.488341760700397476e-01
8.288288288288288186e+01 8.379007475150445083e-01
8.303303303303303551e+01 8.551027002077938866e-01
8.318318318318318916e+01 8.632873359575296002e-01
8.333333333333332860e+01 8.653287720024847030e-01
8.348348348348348225e+01 8.648668918205156819e-01
8.363363363363363590e+01 8.598494716196767307e-01
8.378378378378378954e+01 8.585934071022798264e-01
8.393393393393392898e+01 8.521888673487965082e-01
8.408408408408408263e+01 8.421716597736296217e-01
8.423423423423423628e+01 8.443894190840534053e-01
8.438438438438438993e+01 8.622994123289470236e-01
8.453453453453452937e+01 8.643228726903031678e-01
8.468468468468468302e+01 8.663947096399383652e-01
8.483483483483483667e+01 8.587697857134708457e-01
8.498498498498499032e+01 8.597357357871410199e-01
8.513513513513512976e+01 8.550522051761209053e-01
8.528528528528528341e+01 8.461654110161688225e-01
8.543543543543543706e+01 8.347208367992102751e-01
8.558558558558559071e+01 8.591299657940263401e-01
8.573573573573573015e+01 8.635130745017276510e-01
8.588588588588588379e+01 8.660833228059647837e-01
8.603603603603603744e+01 8.628525742879914473e-01
8.618618618618619109e+01 8.601274435669707952e-01
8.633633633633633053e+01 8.573760257544051910e-01
8.648648648648648418e+01 8.498486202403748857e-01
8.663663663663663783e+01 8.391418271158117559e-01
8.678678678678679148e+01 8.524141238134381737e-01
8.693693693693694513e+01 8.628248739794219802e-01
8.708708708708708457e+01 8.648993823505036760e-01
8.723723723723723822e+01 8.654110728694748289e-01
8.738738738738739187e+01 8.596547066664818049e-01
8.753753753753754552e+01 8.590350129216302033e-01
8.768768768768768496e+01 8.530983237287187437e-01
8.783783783783783861e+01 8.433664451391219563e-01
8.798798798798799226e+01 8.404931801642933076e-01
8.813813813813814591e+01 8.615160654829281395e-01
8.828828828828828534e+01 8.637501339119961763e-01
8.843843843843843899e+01 8.661332143396566208e-01
8.858858858858859264e+01 8.590652414150459215e-01
8.873873873873874629e+01 8.599533252526768701e-01
8.888888888888888573e+01 8.558298406732574026e-01
8.903903903903903938e+01 8.473180047373565227e-01
8.918918918918919303e+01 8.360549099698904030e-01
8.933933933933934668e+01 8.578936117779657478e-01
8.948948948948948612e+01 8.632391994187564865e-01
8.963963963963963977e+01 8.656048028866965005e-01
8.978978978978979342e+01 8.633288638355565148e-01
8.993993993993994707e+01 8.600503681041273829e-01
9.009009009009008651e+01 8.579261353799274570e-01
9.024024024024024015e+01 8.508614136181590348e-01
9.039039039039039380e+01 8.404281054203136536e-01
9.054054054054054745e+01 8.497768335201529855e-01
9.069069069069068689e+01 8.628647214042816094e-01
9.084084084084084054e+01 8.646017661691984824e-01
9.099099099099099419e+01 8.658474821984354364e-01
9.114114114114114784e+01 8.593147870740417416e-01
9.129129129129128728e+01 8.593482436705808247e-01
9.144144144144144093e+01 8.539353207959149428e-01
9.159159159159159458e+01 8.445575357914407721e-01
9.174174174174174823e+01 8.353973807294130527e-01
9.189189189189188767e+01 8.609661515960541633e-01
9.204204204204204132e+01 8.638505205383099073e-01
9.219219219219219497e+01 8.663616429315771361e-01
9.234234234234234862e+01 8.607783020057165890e-01
9.249249249249248805e+01 8.600437361812155457e-01
9.264264264264264170e+01 8.564701004064860790e-01
9.279279279279279535e+01 8.483593855272775208e-01
9.294294294294294900e+01 8.373278426634002125e-01
9.309309309309308844e+01 8.558006378624741783e-01
9.324324324324324209e+01 8.632981078524284424e-01
9.339339339339339574e+01 8.655483086409533344e-01
9.354354354354354939e+01 8.647593912048324727e-01
9.369369369369368883e+01 8.599487784860241346e-01
9.384384384384384248e+01 8.584104729478588824e-01
9.399399399399399613e+01 8.517852357864086343e-01
9.414414414414414978e+01 8.416257078454809637e-01
9.429429429429428922e+01 8.460020381021502445e-01
9.444444444444444287e+01 8.622678197826506574e-01
9.459459459459459651e+01 8.643135694033872163e-01
9.474474474474475016e+01 8.661963417081687266e-01
9.489489489489488960e+01 8.589746733184420169e-01
9.504504504504504325e+01 8.596621948633276222e-01
9.519519519519519690e+01 8.547458138896093516e-01
9.534534534534535055e+01 8.456914650300754177e-01
9.549549549549548999e+01 8.341532271241660634e-01
9.564564564564564364e+01 8.596758007946093683e-01
9.579579579579579729e+01 8.633725247826180560e-01
9.594594594594595094e+01 8.659828817066407280e-01
9.609609609609609038e+01 8.619956961638278736e-01
9.624624624624624403e+01 8.601292453414991490e-01
9.639639639639639768e+01 8.571400451256604436e-01
9.654654654654655133e+01 8.494334397617637755e-01
9.669669669669670498e+01 8.386159217209917527e-01
9.684684684684684441e+01 8.537603178878074850e-01
9.699699699699699806e+01 8.629273610052630161e-01
9.714714714714715171e+01 8.649360536235364272e-01
9.729729729729730536e+01 8.649424100548024352e-01
9.744744744744744480e+01 8.597381096557058511e-01
9.759759759759759845e+01 8.588584779898843502e-01
9.774774774774775210e+01 8.527283336675821612e-01
9.789789789789790575e+01 8.428739559860404240e-01
9.804804804804804519e+01 8.424485466509029630e-01
9.819819819819819884e+01 8.619966829366818573e-01
9.834834834834835249e+01 8.639553760631580870e-01
9.849849849849850614e+01 8.661923336781978122e-01
9.864864864864864558e+01 8.584752286626058382e-01
9.879879879879879923e+01 8.598515277808399526e-01
9.894894894894895288e+01 8.554989032872408750e-01
9.909909909909910652e+01 8.468372523139028329e-01
9.924924924924924596e+01 8.355045733911896644e-01
9.939939939939939961e+01 8.585973022873883975e-01
9.954954954954955326e+01 8.635139860163633108e-01
9.969969969969970691e+01 8.659050546422538686e-01
9.984984984984984635e+01 8.631827505297318126e-01
1.000000000000000000e+02 8.600725610541560817e-01
1.001501501501501536e+02 8.576737067895907618e-01
1.003003003003003073e+02 8.504142602876595403e-01
1.004504504504504467e+02 8.398724292584222040e-01
1.006006006006006004e+02 8.508344109909344866e-01
1.007507507507507540e+02 8.629775837919290149e-01
1.009009009009009077e+02 8.648898262060945585e-01
1.010510510510510471e+02 8.659128901834177716e-01
1.012012012012012008e+02 8.594776525117322485e-01
1.013513513513513544e+02 8.592118798980242778e-01
1.015015015015015081e+02 8.535623403673273657e-01
1.016516516516516475e+02 8.440288105076892977e-01
1.018018018018018012e+02 8.374021873138960403e-01
1.019519519519519548e+02 8.611158530507472264e-01
1.021021021021021085e+02 8.638597373067311569e-01
1.022522522522522479e+02 8.663737324160678543e-01
1.024024024024024015e+02 8.604203155045112572e-01
1.025525525525525552e+02 8.600243305579278186e-01
1.027027027027027088e+02 8.561982006706994053e-01
1.028528528528528483e+02 8.479004210820689780e-01
1.030030030030030019e+02 8.367587848613665669e-01
1.031531531531531556e+02 8.566181682139841769e-01
1.033033033033033092e+02 8.631254715026273061e-01
1.034534534534534487e+02 8.655183144080479396e-01
1.036036036036036023e+02 8.641685978563360404e-01
1.037537537537537560e+02 8.600188883956269015e-01
1.039039039039039096e+02 8.582270399432522234e-01
1.040540540540540491e+02 8.514021860344421766e-01
1.042042042042042027e+02 8.411110053887713711e-01
1.043543543543543564e+02 8.478210810771291683e-01
1.045045045045045100e+02 8.624061226371680933e-01
1.046546546546546494e+02 8.642699817262561313e-01
1.048048048048048031e+02 8.658608934853961880e-01
1.049549549549549567e+02 8.591287606609648853e-01
1.051051051051051104e+02 8.595475051901786401e-01
1.052552552552552498e+02 8.544214000501261230e-01
1.054054054054054035e+02 8.452235210283560729e-01
1.055555555555555571e+02 8.336121541651559941e-01
1.057057057057057108e+02 8.603602416321408652e-01
1.058558558558558644e+02 8.634801689570268390e-01
1.060060060060060039e+02 8.660325453450579136e-01
1.061561561561561575e+02 8.611453323893255574e-01
1.063063063063063112e+02 8.600877082809038621e-01
1.064564564564564648e+02 8.568595550135503780e-01
1.066066066066066043e+02 8.489881833488299723e-01
1.067567567567567579e+02 8.380824019852094464e-01
1.069069069069069116e+02 8.548435663828499731e-01
1.070570570570570652e+02 8.632190599232919537e-01
1.072072072072072046e+02 8.652184034067359475e-01
1.073573573573573583e+02 8.648456815841222278e-01
1.075075075075075119e+02 8.598172419763651098e-01
1.076576576576576656e+02 8.586544325915631548e-01
1.078078078078078050e+02 8.523193973184923777e-01
1.079579579579579587e+02 8.423440911853959934e-01
1.081081081081081123e+02 8.439322986384044656e-01
1.082582582582582660e+02 8.622811213905187122e-01
1.084084084084084054e+02 8.642677133076058782e-01
1.085585585585585591e+02 8.663821401581915937e-01
1.087087087087087127e+02 8.586994150328504105e-01
1.088588588588588664e+02 8.597621791502938482e-01
1.090090090090090058e+02 8.551593595440277751e-01
1.091591591591591595e+02 8.463295478383435766e-01
1.093093093093093131e+02 8.349155279622825221e-01
1.094594594594594668e+02 8.590068273788874498e-01
1.096096096096096062e+02 8.635611714814903639e-01
1.097597597597597598e+02 8.660875914916057461e-01
1.099099099099099135e+02 8.630164126263433211e-01
1.100600600600600671e+02 8.601134055166365089e-01
1.102102102102102066e+02 8.574435741186487991e-01
1.103603603603603602e+02 8.499793795344264824e-01
1.105105105105105139e+02 8.393127175214801783e-01
1.106606606606606675e+02 8.519844900768124285e-01
1.108108108108108070e+02 8.628476645577428661e-01
1.109609609609609606e+02 8.649182002314103057e-01
1.111111111111111143e+02 8.655858741119617505e-01
1.112612612612612679e+02 8.596213159220936761e-01
1.114114114114114074e+02 8.590838569886264375e-01
1.115615615615615610e+02 8.532125399907529717e-01
1.117117117117117147e+02 8.435254867302325321e-01
1.118618618618618683e+02 8.397636412690918650e-01
1.120120120120120077e+02 8.613806341669222322e-01
1.121621621621621614e+02 8.637469045805166168e-01
1.123123123123123150e+02 8.661745530439584062e-01
1.124624624624624687e+02 8.594431350999666153e-01
1.126126126126126081e+02 8.599751502449154428e-01
1.127627627627627618e+02 8.559222013243017457e-01
1.129129129129129154e+02 8.474588570770115181e-01
1.130630630630630691e+02 8.362211331571590689e-01
1.132132132132132085e+02 8.575937712338199681e-01
1.133633633633633622e+02 8.631595251639043731e-01
1.135135135135135158e+02 8.655411809190889372e-01
1.136636636636636695e+02 8.634720231149168868e-01
1.138138138138138089e+02 8.600485940482576197e-01
1.139639639639639626e+02 8.580076099918721999e-01
1.141141141141141162e+02 8.510011838688393837e-01
1.142642642642642699e+02 8.406005708210839700e-01
1.144144144144144093e+02 8.493766728814601263e-01
1.145645645645645629e+02 8.627613359379127100e-01
1.147147147147147166e+02 8.644882119834534917e-01
1.148648648648648702e+02 8.658035319907332328e-01
1.150150150150150097e+02 8.592667064244224884e-01
1.151651651651651633e+02 8.593964637454394317e-01
1.153153153153153170e+02 8.540560156038388140e-01
1.154654654654654706e+02 8.447233268707792231e-01
1.156156156156156243e+02 8.348173140562245020e-01
1.157657657657657637e+02 8.608762249515983234e-01
1.159159159159159174e+02 8.637828662089955811e-01
1.160660660660660710e+02 8.662929842215801868e-01
1.162162162162162247e+02 8.608211633636246862e-01
1.163663663663663641e+02 8.600539554994285352e-01
1.165165165165165178e+02 8.565652515706020376e-01
1.166666666666666714e+02 8.485150168721824482e-01
1.168168168168168251e+02 8.375166279648685874e-01
1.169669669669669645e+02 8.555885088274346462e-01
1.171171171171171181e+02 8.633395043769123145e-01
1.172672672672672718e+02 8.655132792566582189e-01
1.174174174174174254e+02 8.648427045092114129e-01
1.175675675675675649e+02 8.599170200790945406e-01
1.177177177177177185e+02 8.584662794811960262e-01
1.178678678678678722e+02 8.519103600658941566e-01
1.180180180180180258e+02 8.417961362221577648e-01
1.181681681681681653e+02 8.454435065956775741e-01
1.183183183183183189e+02 8.622759554832855056e-01
1.184684684684684726e+02 8.643429703463373359e-01
1.186186186186186262e+02 8.663007496253544160e-01
1.187687687687687657e+02 8.589183118963336083e-01
1.189189189189189193e+02 8.596925604831139323e-01
1.190690690690690730e+02 8.548479297725060100e-01
1.192192192192192266e+02 8.458452260613842366e-01
1.193693693693693660e+02 8.343359281908460101e-01
1.195195195195195197e+02 8.594811369213644081e-01
1.196696696696696733e+02 8.634051206816026891e-01
1.198198198198198270e+02 8.660154181616478430e-01
1.199699699699699664e+02 8.623055725325188270e-01
1.201201201201201201e+02 8.601293250818661251e-01
1.202702702702702737e+02 8.572153962918194203e-01
1.204204204204204274e+02 8.495640032097622196e-01
1.205705705705705668e+02 8.387793720364762340e-01
1.207207207207207205e+02 8.533354419167420435e-01
1.208708708708708741e+02 8.628550339412753845e-01
1.210210210210210278e+02 8.648959035798978734e-01
1.211711711711711672e+02 8.650636303435498276e-01
1.213213213213213209e+02 8.597175197175149775e-01
1.214714714714714745e+02 8.589232535108706212e-01
1.216216216216216282e+02 8.528554024378620646e-01
1.217717717717717676e+02 8.430393902278335849e-01
1.219219219219219212e+02 8.418908207084243589e-01
1.220720720720720749e+02 8.618475651024678497e-01
1.222222222222222285e+02 8.638581076345995813e-01
1.223723723723723680e+02 8.661378572782081342e-01
1.225225225225225216e+02 8.584064850014985204e-01
1.226726726726726753e+02 8.598811300339985753e-01
1.228228228228228289e+02 8.556033512292705590e-01
1.229729729729729684e+02 8.469899647490406469e-01
1.231231231231231220e+02 8.356786920250349748e-01
1.232732732732732757e+02 8.584074311906400023e-01
1.234234234234234293e+02 8.634323220575470526e-01
1.235735735735735688e+02 8.658032493413191366e-01
1.237237237237237224e+02 8.631963348912831124e-01
1.238738738738738761e+02 8.600623277907197828e-01
1.240240240240240297e+02 8.577540366989040432e-01
1.241741741741741691e+02 8.505603922528039984e-01
1.243243243243243228e+02 8.400565538442937852e-01
1.244744744744744764e+02 8.505143083244736113e-01
1.246246246246246301e+02 8.629786403755578261e-01
1.247747747747747695e+02 8.648169632821599562e-01
1.249249249249249232e+02 8.659177791151444481e-01
1.250750750750750768e+02 8.594198315339197647e-01
1.252252252252252305e+02 8.592470235652140964e-01
1.253753753753753841e+02 8.536727162641601918e-01
1.255255255255255236e+02 8.441901297484796229e-01
1.256756756756756772e+02 8.367017431942055383e-01
1.258258258258258309e+02 8.610661629392951655e-01
1.259759759759759845e+02 8.638837460517722056e-01
1.261261261261261239e+02 8.664064954405686914e-01
1.262762762762762776e+02 8.605999568860425164e-01
1.264264264264264312e+02 8.600334124698585381e-01
1.265765765765765849e+02 8.562857670490550133e-01
1.267267267267267243e+02 8.480471876265217590e-01
1.268768768768768780e+02 8.369416261246125366e-01
1.270270270270270316e+02 8.563303041994135834e-01
1.271771771771771853e+02 8.631709756915992848e-01
1.273273273273273247e+02 8.655359296700976257e-01
1.274774774774774784e+02 8.643957304008642595e-01
1.276276276276276320e+02 8.599990087767889202e-01
1.277777777777777857e+02 8.582847670771421855e-01
1.279279279279279251e+02 8.515198293923733619e-01
1.280780780780780788e+02 8.412675135518213887e-01
1.282282282282282324e+02 8.472416992034929040e-01
1.283783783783783861e+02 8.623290500223228516e-01
1.285285285285285397e+02 8.642632637639440230e-01
1.286786786786786934e+02 8.659535310941677277e-01
1.288288288288288186e+02 8.590815433052219063e-01
1.289789789789789722e+02 8.595892451581321758e-01
1.291291291291291259e+02 8.545307845535813351e-01
1.292792792792792795e+02 8.453778936666664912e-01
1.294294294294294332e+02 8.337881134325539900e-01
1.295795795795795868e+02 8.601406901870677357e-01
1.297297297297297405e+02 8.634069899430349970e-01
1.298798798798798941e+02 8.659823502282539831e-01
1.300300300300300194e+02 8.613695750071319601e-01
1.301801801801801730e+02 8.601023593961090175e-01
1.303303303303303267e+02 8.569523149617257474e-01
1.304804804804804803e+02 8.491338028878145927e-01
1.306306306306306340e+02 8.382552428319939297e-01
1.307807807807807876e+02 8.545367953915354864e-01
1.309309309309309413e+02 8.631248136355824663e-01
1.310810810810810949e+02 8.651088556992831968e-01
1.312312312312312201e+02 8.648400162651478373e-01
1.313813813813813738e+02 8.597922671112809834e-01
1.315315315315315274e+02 8.587224491839285934e-01
1.316816816816816811e+02 8.524554659887171315e-01
1.318318318318318347e+02 8.425204896813105471e-01
1.319819819819819884e+02 8.434873122700172754e-01
1.321321321321321420e+02 8.622319745252173817e-01
1.322822822822822957e+02 8.641828187913487280e-01
1.324324324324324209e+02 8.663329191835041909e-01
1.325825825825825746e+02 8.586248876052479106e-01
1.327327327327327282e+02 8.597866606415277557e-01
1.328828828828828819e+02 8.552646727855244269e-01
1.330330330330330355e+02 8.464903660634405247e-01
1.331831831831831892e+02 8.351043894397477407e-01
1.333333333333333428e+02 8.588888317961309582e-01
1.334834834834834965e+02 8.635843566282660477e-01
1.336336336336336217e+02 8.660635913510311701e-01
1.337837837837837753e+02 8.631202191754827613e-01
1.339339339339339290e+02 8.601036709475831099e-01
1.340840840840840826e+02 8.575180480526458648e-01
1.342342342342342363e+02 8.501186201754102889e-01
1.343843843843843899e+02 8.394925012486675886e-01
1.345345345345345436e+02 8.515867551867828400e-01
1.346846846846846972e+02 8.628962815994611901e-01
1.348348348348348509e+02 8.649352492019745098e-01
1.349849849849849761e+02 8.657362921809144130e-01
1.351351351351351298e+02 8.595813698962950777e-01
1.352852852852852834e+02 8.591276116617400094e-01
1.354354354354354371e+02 8.533239183922340931e-01
1.355855855855855907e+02 8.436835133142419618e-01
1.357357357357357444e+02 8.390009553817878718e-01
1.358858858858858980e+02 8.612705748016525886e-01
1.360360360360360517e+02 8.637747031668826514e-01
1.361861861861861769e+02 8.662409727245097280e-01
1.363363363363363305e+02 8.598122546499555874e-01
1.364864864864864842e+02 8.599995862120606294e-01
1.366366366366366378e+02 8.560167903470565776e-01
1.367867867867867915e+02 8.476029746490667538e-01
1.369369369369369451e+02 8.363923950350860004e-01
1.370870870870870988e+02 8.572861940495939415e-01
1.372372372372372524e+02 8.631197351949307928e-01
1.373873873873873777e+02 8.655122250582142351e-01
1.375375375375375313e+02 8.636665982202473835e-01
1.376876876876876850e+02 8.600441715470720228e-01
1.378378378378378386e+02 8.580845390502409575e-01
1.379879879879879923e+02 8.511354346920906311e-01
1.381381381381381459e+02 8.407674090846998238e-01
1.382882882882882996e+02 8.489255521185724573e-01
1.384384384384384532e+02 8.626448275472581306e-01
1.385885885885885784e+02 8.643936553935049893e-01
1.387387387387387321e+02 8.657881811140817341e-01
1.388888888888888857e+02 8.592252793001833311e-01
1.390390390390390394e+02 8.594505389784619087e-01
1.391891891891891930e+02 8.541809376920330710e-01
1.393393393393393467e+02 8.448920481882491451e-01
1.394894894894895003e+02 8.342410139730382923e-01
1.396396396396396540e+02 8.607540623203226993e-01
1.397897897897897792e+02 8.636940347407798813e-01
1.399399399399399329e+02 8.662073098562454998e-01
1.400900900900900865e+02 8.608748082339701124e-01
1.402402402402402402e+02 8.600601302683038574e-01
1.403903903903903938e+02 8.566569597452373674e-01
1.405405405405405475e+02 8.486663460428227612e-01
1.406906906906907011e+02 8.376993900652248692e-01
1.408408408408408548e+02 8.553681045642853586e-01
1.409909909909909800e+02 8.633387542466584019e-01
1.411411411411411336e+02 8.654444978757986906e-01
1.412912912912912873e+02 8.648780372960700458e-01
1.414414414414414409e+02 8.598860048988552496e-01
1.415915915915915946e+02 8.585267184292013631e-01
1.417417417417417482e+02 8.520428035855840410e-01
1.418918918918919019e+02 8.419754709061263442e-01
1.420420420420420555e+02 8.449279913263247899e-01
1.421921921921921808e+02 8.622911095673433390e-01
1.423423423423423344e+02 8.643491024328674444e-01
1.424924924924924881e+02 8.663674101132262662e-01
1.426426426426426417e+02 8.588489263107119687e-01
1.427927927927927954e+02 8.597118608360094782e-01
1.429429429429429490e+02 8.549418154719465868e-01
1.430930930930931027e+02 8.459931453759363951e-01
1.432432432432432563e+02 8.345144373940764915e-01
1.433933933933933815e+02 8.592980697340559804e-01
1.435435435435435352e+02 8.634495948623619466e-01
1.436936936936936888e+02 8.660518934787183598e-01
1.438438438438438425e+02 8.625919211816210908e-01
1.439939939939939961e+02 8.601335124988449543e-01
1.441441441441441498e+02 8.572941501124874408e-01
1.442942942942943034e+02 8.496990187461253008e-01
1.444444444444444571e+02 8.389492962231982487e-01
1.445945945945946107e+02 8.529043615676575874e-01
1.447447447447447360e+02 8.628247671934288210e-01
1.448948948948948896e+02 8.648863522153875660e-01
1.450450450450450433e+02 8.652145862746598581e-01
1.451951951951951969e+02 8.596882796581979402e-01
1.453453453453453506e+02 8.589768637887903457e-01
1.454954954954955042e+02 8.529700366065594563e-01
1.456456456456456579e+02 8.431920965196006978e-01
1.457957957957958115e+02 8.412620346761703338e-01
1.459459459459459367e+02 8.616875443486819997e-01
1.460960960960960904e+02 8.637887113803519590e-01
1.462462462462462440e+02 8.661171309310039534e-01
1.463963963963963977e+02 8.586566735334281164e-01
1.465465465465465513e+02 8.599167447315695378e-01
1.466966966966967050e+02 8.557129554727054277e-01
1.468468468468468586e+02 8.471477818112721492e-01
1.469969969969970123e+02 8.358587705451554495e-01
1.471471471471471375e+02 8.581868388062700026e-01
1.472972972972972912e+02 8.633407436507302135e-01
1.474474474474474448e+02 8.657016492309252964e-01
1.475975975975975985e+02 8.632331098871403041e-01
1.477477477477477521e+02 8.600525622025785299e-01
1.478978978978979058e+02 8.578329192386752178e-01
1.480480480480480594e+02 8.507019714394254972e-01
1.481981981981982130e+02 8.402328057647671100e-01
1.483483483483483383e+02 8.501753048473251750e-01
1.484984984984984919e+02 8.629414381681370649e-01
1.486486486486486456e+02 8.647224041793223348e-01
1.487987987987987992e+02 8.658964590897068048e-01
1.489489489489489529e+02 8.593773967890002696e-01
1.490990990990991065e+02 8.592994732433733018e-01
1.492492492492492602e+02 8.538001826160146468e-01
1.493993993993994138e+02 8.443668475891901171e-01
1.495495495495495391e+02 8.360667845957107103e-01
1.496996996996996927e+02 8.610376038349238925e-01
1.498498498498498464e+02 8.638950686456210448e-01
1.500000000000000000e+02 8.664065524107640304e-01
