0.000000000000000000e+00 3.788298225311914624e-01
1.501501501501501523e-01 4.637191560846422589e-01
3.003003003003003046e-01 7.038155214365147128e-01
4.504504504504504570e-01 8.626002563682955149e-01
6.006006006006006093e-01 9.008439558147295356e-01
7.507507507507507061e-01 8.986727943987927736e-01
9.009009009009009139e-01 9.027898707565813474e-01
1.051051051051051122e+00 9.123043632815550641e-01
1.201201201201201219e+00 9.153305153528974447e-01
1.351351351351351315e+00 9.007718726179637647e-01
1.501501501501501412e+00 8.728892532518288672e-01
1.651651651651651731e+00 8.674003354310113600e-01
1.801801801801801828e+00 8.886436508332244966e-01
1.951951951951951925e+00 9.013010640233187765e-01
2.102102102102102243e+00 9.052667111423743362e-01
2.252252252252252340e+00 8.897840909847529733e-01
2.402402402402402437e+00 8.875783030117597727e-01
2.552552552552552534e+00 9.121254449830821232e-01
2.702702702702702631e+00 9.228970568472505409e-01
2.852852852852852727e+00 9.071378062603229209e-01
3.003003003003002824e+00 8.880259241956725003e-01
3.153153153153153365e+00 8.789329185984149362e-01
3.303303303303303462e+00 9.610545344048045946e-01
3.453453453453453559e+00 9.832474315727459668e-01
3.603603603603603656e+00 9.887907130270162659e-01
3.753753753753753752e+00 9.924565166601708732e-01
3.903903903903903849e+00 9.928358656693376805e-01
4.054054054054054390e+00 9.923603643706107036e-01
4.204204204204204487e+00 9.935876638132048466e-01
4.354354354354354584e+00 1.008612337806728210e+00
4.504504504504504681e+00 9.912670265717133944e-01
4.654654654654654777e+00 9.469918360295240811e-01
4.804804804804804874e+00 9.291021606875546901e-01
4.954954954954954971e+00 9.199178271127502748e-01
5.105105105105105068e+00 9.051649871122433577e-01
5.255255255255255165e+00 8.973502804122353016e-01
5.405405405405405261e+00 9.775574873387280483e-01
5.555555555555555358e+00 1.016943689725718691e+00
5.705705705705705455e+00 1.014976651042227118e+00
5.855855855855855552e+00 1.011275160488307012e+00
6.006006006006005649e+00 1.010063808141534292e+00
6.156156156156156634e+00 1.007815037241274192e+00
6.306306306306306730e+00 1.008351781420555815e+00
6.456456456456456827e+00 1.027491811110466724e+00
6.606606606606606924e+00 1.032365952931574293e+00
6.756756756756757021e+00 1.014578205857232351e+00
6.906906906906907118e+00 1.004642628849755859e+00
7.057057057057057214e+00 1.001102354558440544e+00
7.207207207207207311e+00 9.933834664487559696e-01
7.357357357357357408e+00 9.902010563705532231e-01
7.507507507507507505e+00 1.023358206201707477e+00
7.657657657657657602e+00 1.035536393319917980e+00
7.807807807807807698e+00 1.025783166521650802e+00
7.957957957957957795e+00 1.020572353276863131e+00
8.108108108108108780e+00 1.016419877440310371e+00
8.258258258258258877e+00 1.009488930166394294e+00
8.408408408408408974e+00 1.010710282667945048e+00
8.558558558558559071e+00 1.039187932692744010e+00
8.708708708708709167e+00 1.042625026968525326e+00
8.858858858858859264e+00 1.033494867595931010e+00
9.009009009009009361e+00 1.028048380140437867e+00
9.159159159159159458e+00 1.023101280987936734e+00
9.309309309309309555e+00 1.016521165447062280e+00
9.459459459459459651e+00 1.017863862938689579e+00
9.609609609609609748e+00 1.042977525831202845e+00
9.759759759759759845e+00 1.041236753681000993e+00
9.909909909909909942e+00 1.019056497998727107e+00
1.006006006006006004e+01 1.011203460619114702e+00
1.021021021021021014e+01 1.005171124783340142e+00
1.036036036036036023e+01 9.961692096707872590e-01
1.051051051051051033e+01 1.000392034816427911e+00
1.066066066066066043e+01 1.038994690949732735e+00
1.081081081081081052e+01 1.045673405462398620e+00
1.096096096096096062e+01 1.031530592564872784e+00
1.111111111111111072e+01 1.026360746060563489e+00
1.126126126126126081e+01 1.022790922417106341e+00
1.141141141141141091e+01 1.017860012345512377e+00
1.156156156156156101e+01 1.020954033205864642e+00
1.171171171171171110e+01 1.044108904291977780e+00
1.186186186186186120e+01 1.045750571952785979e+00
1.201201201201201130e+01 1.027427557418407966e+00
1.216216216216216317e+01 1.020726591079773371e+00
1.231231231231231327e+01 1.015484520552468517e+00
1.246246246246246336e+01 1.007688764371302836e+00
1.261261261261261346e+01 1.012551888261126409e+00
1.276276276276276356e+01 1.043259513062440025e+00
1.291291291291291365e+01 1.047691155304638189e+00
1.306306306306306375e+01 1.032529845577258021e+00
1.321321321321321385e+01 1.027863264302990798e+00
1.336336336336336394e+01 1.024103456452021943e+00
1.351351351351351404e+01 1.018319913951611255e+00
1.366366366366366414e+01 1.023867236055774343e+00
1.381381381381381424e+01 1.046497694105926968e+00
1.396396396396396433e+01 1.046767380482883869e+00
1.411411411411411443e+01 1.032518849875624811e+00
1.426426426426426453e+01 1.027601623818182208e+00
1.441441441441441462e+01 1.022540440013975482e+00
1.456456456456456472e+01 1.015676691525576603e+00
1.471471471471471482e+01 1.022179005228857740e+00
1.486486486486486491e+01 1.046988951792704459e+00
1.501501501501501501e+01 1.046100992653906214e+00
1.516516516516516511e+01 1.028719740055718646e+00
1.531531531531531520e+01 1.023665584979724263e+00
1.546546546546546530e+01 1.018647295840390710e+00
1.561561561561561540e+01 1.011442946610754623e+00
1.576576576576576549e+01 1.020391212757077781e+00
1.591591591591591559e+01 1.046870401005520756e+00
1.606606606606606746e+01 1.046552544854524980e+00
1.621621621621621756e+01 1.030817377739279284e+00
1.636636636636636766e+01 1.026749055038702396e+00
1.651651651651651775e+01 1.022232477259190420e+00
1.666666666666666785e+01 1.016080012519209985e+00
1.681681681681681795e+01 1.024619556468101989e+00
1.696696696696696804e+01 1.047549084353290194e+00
1.711711711711711814e+01 1.045826260801871799e+00
1.726726726726726824e+01 1.028133970657812757e+00
1.741741741741741833e+01 1.024050702377757194e+00
1.756756756756756843e+01 1.019001289893479267e+00
1.771771771771771853e+01 1.011826068784157595e+00
1.786786786786786863e+01 1.022005755305277930e+00
1.801801801801801872e+01 1.047195095376944884e+00
1.816816816816816882e+01 1.046389317576825295e+00
1.831831831831831892e+01 1.030233639685824931e+00
1.846846846846846901e+01 1.026652657096860821e+00
1.861861861861861911e+01 1.022134357574835839e+00
1.876876876876876921e+01 1.015774425025388616e+00
1.891891891891891930e+01 1.026462902262797794e+00
1.906906906906906940e+01 1.048330016831881650e+00
1.921921921921921950e+01 1.045881076778796714e+00
1.936936936936936959e+01 1.029408150352260520e+00
1.951951951951951969e+01 1.026116114939082946e+00
1.966966966966966979e+01 1.021088163532735349e+00
1.981981981981981988e+01 1.014116120185326597e+00
1.996996996996996998e+01 1.026184593826142244e+00
2.012012012012012008e+01 1.048489664158224421e+00
2.027027027027027017e+01 1.045286261587578869e+00
2.042042042042042027e+01 1.028516208417715738e+00
2.057057057057057037e+01 1.025510732721085283e+00
2.072072072072072046e+01 1.020643177028916160e+00
2.087087087087087056e+01 1.013824179223547839e+00
2.102102102102102066e+01 1.026744180999640044e+00
2.117117117117117076e+01 1.048495757190988753e+00
2.132132132132132085e+01 1.044961802497920145e+00
2.147147147147147095e+01 1.028989817765960213e+00
2.162162162162162105e+01 1.025775003384495232e+00
2.177177177177177114e+01 1.020716068138759702e+00
2.192192192192192124e+01 1.013830594848199151e+00
2.207207207207207134e+01 1.028067849015895874e+00
2.222222222222222143e+01 1.049180135766243804e+00
2.237237237237237153e+01 1.044709367201574146e+00
2.252252252252252163e+01 1.028015172947908562e+00
2.267267267267267172e+01 1.024912761387539062e+00
2.282282282282282182e+01 1.019883334137575037e+00
2.297297297297297192e+01 1.012847222557369697e+00
2.312312312312312201e+01 1.027992294621647096e+00
2.327327327327327211e+01 1.048880733193224835e+00
2.342342342342342221e+01 1.044275593609623298e+00
2.357357357357357230e+01 1.028880484892901626e+00
2.372372372372372240e+01 1.025753773762607235e+00
2.387387387387387250e+01 1.020801969578162272e+00
2.402402402402402259e+01 1.013993920321626385e+00
2.417417417417417624e+01 1.029684495496903551e+00
2.432432432432432634e+01 1.049309046774314913e+00
2.447447447447447644e+01 1.044059974872684871e+00
2.462462462462462653e+01 1.028401549319823971e+00
2.477477477477477663e+01 1.025092823128727737e+00
2.492492492492492673e+01 1.019874020336486886e+00
2.507507507507507682e+01 1.012684982696050451e+00
2.522522522522522692e+01 1.029887399369623591e+00
2.537537537537537702e+01 1.049492974497551412e+00
2.552552552552552712e+01 1.043631367479883165e+00
2.567567567567567721e+01 1.028609350286512791e+00
2.582582582582582731e+01 1.025375092808398003e+00
2.597597597597597741e+01 1.020278816965132007e+00
2.612612612612612750e+01 1.013264881237275983e+00
2.627627627627627760e+01 1.031323206473508503e+00
2.642642642642642770e+01 1.049714814325783951e+00
2.657657657657657779e+01 1.043182402301724654e+00
2.672672672672672789e+01 1.028510317053449752e+00
2.687687687687687799e+01 1.025175583074304342e+00
2.702702702702702808e+01 1.019984709120415278e+00
2.717717717717717818e+01 1.012861018416540748e+00
2.732732732732732828e+01 1.031467645714799986e+00
2.747747747747747837e+01 1.049537214886666847e+00
2.762762762762762847e+01 1.042633167781941372e+00
2.777777777777777857e+01 1.028122909421402387e+00
2.792792792792792866e+01 1.024640909178341275e+00
2.807807807807807876e+01 1.019292592425144806e+00
2.822822822822822886e+01 1.012018179175491417e+00
2.837837837837837895e+01 1.032434934151242212e+00
2.852852852852852905e+01 1.050107360246463450e+00
2.867867867867867915e+01 1.042585293063584606e+00
2.882882882882882924e+01 1.028426501795700831e+00
2.897897897897897934e+01 1.025082187449390725e+00
2.912912912912912944e+01 1.019861346248427392e+00
2.927927927927927954e+01 1.012677224880549565e+00
2.942942942942942963e+01 1.033320740242330116e+00
2.957957957957957973e+01 1.049836312234581071e+00
2.972972972972972983e+01 1.041795731122164392e+00
2.987987987987987992e+01 1.028170049406197162e+00
3.003003003003003002e+01 1.024656798076435837e+00
3.018018018018018012e+01 1.019306953278400041e+00
3.033033033033033021e+01 1.012030347241409611e+00
3.048048048048048031e+01 1.033716671182918434e+00
3.063063063063063041e+01 1.049974069714977976e+00
3.078078078078078050e+01 1.041620605242414177e+00
3.093093093093093060e+01 1.028157036204186081e+00
3.108108108108108070e+01 1.024594589094547370e+00
3.123123123123123079e+01 1.019140791841259830e+00
3.138138138138138089e+01 1.011723719067313620e+00
3.153153153153153099e+01 1.034735676462216203e+00
3.168168168168168108e+01 1.050246172895876962e+00
3.183183183183183118e+01 1.041203947462327140e+00
3.198198198198198128e+01 1.028154070008402865e+00
3.213213213213213493e+01 1.024598483517734859e+00
3.228228228228228147e+01 1.019206890658205911e+00
3.243243243243243512e+01 1.011858511272486272e+00
3.258258258258258167e+01 1.035403904448734425e+00
3.273273273273273531e+01 1.050060310260364727e+00
3.288288288288288186e+01 1.040566418505177060e+00
3.303303303303303551e+01 1.028029724578396920e+00
3.318318318318318205e+01 1.024408902482065731e+00
3.333333333333333570e+01 1.018908918225279514e+00
3.348348348348348225e+01 1.011452107395196531e+00
3.363363363363363590e+01 1.035912026785615225e+00
3.378378378378378244e+01 1.050121935882333712e+00
3.393393393393393609e+01 1.040326483866383711e+00
3.408408408408408263e+01 1.027892108567651785e+00
3.423423423423423628e+01 1.024158555938615267e+00
3.438438438438438283e+01 1.018588483468466865e+00
3.453453453453453648e+01 1.011051351348716487e+00
3.468468468468468302e+01 1.036703531392318745e+00
3.483483483483483667e+01 1.050247811101246320e+00
3.498498498498498321e+01 1.039833757852162588e+00
3.513513513513513686e+01 1.027949215796688520e+00
3.528528528528528341e+01 1.024252468520816084e+00
3.543543543543543706e+01 1.018669521713094550e+00
3.558558558558558360e+01 1.011114537239655720e+00
3.573573573573573725e+01 1.037523994554655937e+00
3.588588588588588379e+01 1.050198448467330348e+00
3.603603603603603744e+01 1.039367791848429201e+00
3.618618618618618399e+01 1.027828938726359720e+00
3.633633633633633764e+01 1.024086617089619677e+00
3.648648648648648418e+01 1.018506667184571945e+00
3.663663663663663783e+01 1.010938480587070032e+00
3.678678678678678438e+01 1.037775181590002926e+00
3.693693693693693803e+01 1.049930384666546868e+00
3.708708708708708457e+01 1.038883696883465158e+00
3.723723723723723822e+01 1.027696141051195333e+00
3.738738738738738476e+01 1.023779432278878909e+00
3.753753753753753841e+01 1.017997718888002945e+00
3.768768768768768496e+01 1.010262864355257362e+00
3.783783783783783861e+01 1.038842793579568768e+00
3.798798798798798515e+01 1.050378039800039520e+00
3.813813813813813880e+01 1.038642654760156825e+00
3.828828828828828534e+01 1.027710028458656666e+00
3.843843843843843899e+01 1.023915537001982123e+00
3.858858858858859264e+01 1.018246193862912596e+00
3.873873873873873919e+01 1.010546405920521806e+00
3.888888888888889284e+01 1.039224085470213721e+00
3.903903903903903938e+01 1.049832723134724199e+00
3.918918918918919303e+01 1.037852218699921281e+00
3.933933933933933957e+01 1.027633785714178627e+00
3.948948948948949322e+01 1.023691963734090216e+00
3.963963963963963977e+01 1.017917236429955130e+00
3.978978978978979342e+01 1.010189563912085031e+00
3.993993993993993996e+01 1.039847447412505010e+00
4.009009009009009361e+01 1.049991436573612269e+00
4.024024024024024015e+01 1.037712349438699055e+00
4.039039039039039380e+01 1.027420470360937532e+00
4.054054054054054035e+01 1.023416845880647630e+00
4.069069069069069400e+01 1.017525212797334877e+00
4.084084084084084054e+01 1.009641506112126885e+00
4.099099099099099419e+01 1.040439676721133910e+00
4.114114114114114074e+01 1.049915491952308599e+00
4.129129129129129439e+01 1.037099232634812296e+00
4.144144144144144093e+01 1.027520098880611688e+00
4.159159159159159458e+01 1.023527986950473867e+00
4.174174174174174112e+01 1.017694601589796743e+00
4.189189189189189477e+01 1.011148954593521498e+00
4.204204204204204132e+01 1.041196268302803096e+00
4.219219219219219497e+01 1.049754548574159285e+00
4.234234234234234151e+01 1.036665963532842127e+00
4.249249249249249516e+01 1.027383518906911597e+00
4.264264264264264170e+01 1.023348255667802409e+00
4.279279279279279535e+01 1.017430256927530419e+00
4.294294294294294190e+01 1.011461236396683283e+00
4.309309309309309555e+01 1.041379846690843047e+00
4.324324324324324209e+01 1.049500843855059484e+00
4.339339339339339574e+01 1.036203221072439007e+00
4.354354354354354228e+01 1.027186198894313396e+00
4.369369369369369593e+01 1.022997233368108772e+00
4.384384384384384248e+01 1.016971588289023787e+00
4.399399399399399613e+01 1.012410035893242854e+00
4.414414414414414267e+01 1.042292804671083539e+00
4.429429429429429632e+01 1.049673995800432857e+00
4.444444444444444287e+01 1.035847378226296023e+00
4.459459459459459651e+01 1.027293366442636913e+00
4.474474474474474306e+01 1.023187154104010954e+00
4.489489489489489671e+01 1.017179149544039429e+00
4.504504504504504325e+01 1.013647323674645495e+00
4.519519519519519690e+01 1.042693701596172584e+00
4.534534534534534345e+01 1.049244209003478812e+00
4.549549549549549710e+01 1.035198052837540406e+00
4.564564564564564364e+01 1.027100266966776143e+00
4.579579579579579729e+01 1.022903810348620768e+00
4.594594594594594383e+01 1.016875499332611232e+00
4.609609609609609748e+01 1.014035576037099373e+00
4.624624624624624403e+01 1.043016678845991141e+00
4.639639639639639768e+01 1.049077905296291746e+00
4.654654654654654422e+01 1.034904445560760555e+00
4.669669669669669787e+01 1.026975134396072242e+00
4.684684684684684441e+01 1.022648319308749665e+00
4.699699699699699806e+01 1.016430783588008424e+00
4.714714714714714461e+01 1.015119769276862760e+00
4.729729729729729826e+01 1.043823878442025732e+00
4.744744744744744480e+01 1.049184281722900902e+00
4.759759759759759845e+01 1.034449303698316225e+00
4.774774774774774500e+01 1.026986555545762014e+00
4.789789789789789864e+01 1.022745940573499768e+00
4.804804804804804519e+01 1.016639304220999573e+00
4.819819819819819884e+01 1.016071144357852063e+00
4.834834834834835249e+01 1.044102514744423171e+00
4.849849849849849903e+01 1.048617780777005848e+00
4.864864864864865268e+01 1.033816650697064743e+00
4.879879879879879923e+01 1.026903794634351552e+00
4.894894894894895288e+01 1.022544134064094834e+00
4.909909909909909942e+01 1.016316816287887059e+00
4.924924924924925307e+01 1.016858877399944072e+00
4.939939939939939961e+01 1.044554975276021480e+00
4.954954954954955326e+01 1.048609718787284040e+00
4.969969969969969981e+01 1.033620797525812929e+00
4.984984984984985346e+01 1.026651078312693199e+00
5.000000000000000000e+01 1.022214576210233483e+00
5.015015015015015365e+01 1.015898861862461811e+00
5.030030030030030019e+01 1.017485495196834844e+00
5.045045045045045384e+01 1.045049404990140651e+00
5.060060060060060039e+01 1.048384052928057475e+00
5.075075075075075404e+01 1.032965337786627025e+00
5.090090090090090058e+01 1.026776883857134059e+00
5.105105105105105423e+01 1.022349476819387037e+00
5.120120120120120077e+01 1.016046787531961204e+00
5.135135135135135442e+01 1.018933523051793966e+00
5.150150150150150097e+01 1.045604940972548080e+00
5.165165165165165462e+01 1.048120316653196271e+00
5.180180180180180116e+01 1.032621364491880689e+00
5.195195195195195481e+01 1.026591052382253011e+00
5.210210210210210136e+01 1.022139827058851980e+00
5.225225225225225500e+01 1.015801784659994267e+00
5.240240240240240155e+01 1.019161792630556285e+00
5.255255255255255520e+01 1.045601451248740155e+00
5.270270270270270174e+01 1.047701010412422473e+00
5.285285285285285539e+01 1.032108608643977687e+00
5.300300300300300194e+01 1.026401429404961929e+00
5.315315315315315559e+01 1.021768258403925822e+00
5.330330330330330213e+01 1.015274699072678422e+00
5.345345345345345578e+01 1.020365344631651849e+00
5.360360360360360232e+01 1.046515724880168419e+00
5.375375375375375597e+01 1.047834304494977165e+00
5.390390390390390252e+01 1.031813466061528128e+00
5.405405405405405617e+01 1.026489215345787187e+00
5.420420420420420271e+01 1.021972627840756376e+00
5.435435435435435636e+01 1.015534492824653467e+00
5.450450450450450290e+01 1.021252748641097163e+00
5.465465465465465655e+01 1.046512423207961895e+00
5.480480480480480310e+01 1.047123012554308952e+00
5.495495495495495675e+01 1.031106905133530205e+00
5.510510510510510329e+01 1.026319034005222841e+00
5.525525525525525694e+01 1.021678760315855694e+00
5.540540540540540349e+01 1.015190175595104938e+00
5.555555555555555713e+01 1.021945475808250681e+00
5.570570570570570368e+01 1.046943899440037962e+00
5.585585585585585733e+01 1.047065045279618190e+00
5.600600600600600387e+01 1.030996756732361241e+00
5.615615615615615752e+01 1.026132319719027075e+00
5.630630630630630407e+01 1.021397680206099112e+00
5.645645645645645772e+01 1.014741473437984265e+00
5.660660660660660426e+01 1.022779881348506947e+00
5.675675675675675791e+01 1.047369277540134869e+00
5.690690690690690445e+01 1.046803448346734777e+00
5.705705705705705810e+01 1.030327139785392143e+00
5.720720720720720465e+01 1.026177119837101026e+00
5.735735735735735830e+01 1.021487299751776767e+00
5.750750750750750484e+01 1.014921573676362376e+00
5.765765765765765849e+01 1.023887919107524080e+00
5.780780780780781214e+01 1.047664879579289998e+00
5.795795795795795868e+01 1.046341373100948324e+00
5.810810810810811233e+01 1.029967617379693667e+00
5.825825825825825888e+01 1.026060444292758778e+00
5.840840840840841253e+01 1.021294397858897529e+00
5.855855855855855907e+01 1.014617347841363371e+00
5.870870870870871272e+01 1.024410545983528653e+00
5.885885885885885926e+01 1.047772724385293674e+00
5.900900900900901291e+01 1.046061530953203533e+00
5.915915915915915946e+01 1.029619970530262663e+00
5.930930930930931311e+01 1.025779769312642031e+00
5.945945945945945965e+01 1.020900138710089999e+00
5.960960960960961330e+01 1.014137272417990454e+00
5.975975975975975985e+01 1.025301246308334191e+00
5.990990990990991349e+01 1.048326532028397429e+00
6.006006006006006004e+01 1.045864462541381323e+00
6.021021021021021369e+01 1.029110422482595322e+00
6.036036036036036023e+01 1.025935456199104534e+00
6.051051051051051388e+01 1.021090951432282568e+00
6.066066066066066043e+01 1.014321251700754267e+00
6.081081081081081408e+01 1.026426319060372627e+00
6.096096096096096062e+01 1.048481442392616536e+00
6.111111111111111427e+01 1.045356221064406732e+00
6.126126126126126081e+01 1.028749836792496097e+00
6.141141141141141446e+01 1.025707417667558907e+00
6.156156156156156101e+01 1.020825902935373009e+00
6.171171171171171466e+01 1.014048968125630390e+00
6.186186186186186120e+01 1.026768585779878951e+00
6.201201201201201485e+01 1.048499850740121975e+00
6.216216216216216139e+01 1.044988537432506748e+00
6.231231231231231504e+01 1.028674386220147507e+00
6.246246246246246159e+01 1.025521617782943373e+00
6.261261261261261524e+01 1.020461031348552483e+00
6.276276276276276178e+01 1.013493655624828627e+00
6.291291291291291543e+01 1.027924584606415115e+00
6.306306306306306197e+01 1.049169972452138166e+00
6.321321321321321562e+01 1.044900162876984506e+00
6.336336336336336217e+01 1.028661079709516146e+00
6.351351351351351582e+01 1.025579104034482825e+00
6.366366366366366236e+01 1.020637724773112653e+00
6.381381381381381601e+01 1.013757221718758039e+00
6.396396396396396256e+01 1.028641365340722924e+00
6.411411411411411621e+01 1.048975966210436317e+00
6.426426426426426985e+01 1.044140358312986461e+00
6.441441441441440929e+01 1.028630344207201563e+00
6.456456456456456294e+01 1.025426366029633884e+00
6.471471471471471659e+01 1.020350612830250414e+00
6.486486486486487024e+01 1.013384042744539304e+00
6.501501501501500968e+01 1.029379715634130665e+00
6.516516516516516333e+01 1.049320799453790976e+00
6.531531531531531698e+01 1.044047746726395998e+00
6.546546546546547063e+01 1.028451057471573282e+00
6.561561561561561007e+01 1.025174591713241545e+00
6.576576576576576372e+01 1.020026245167566348e+00
6.591591591591591737e+01 1.012929533946395066e+00
6.606606606606607102e+01 1.030082648496073672e+00
6.621621621621621046e+01 1.049495502066024599e+00
6.636636636636636410e+01 1.043579481193065650e+00
6.651651651651651775e+01 1.028547605476582305e+00
6.666666666666667140e+01 1.025279340417243779e+00
6.681681681681681084e+01 1.020142977360389391e+00
6.696696696696696449e+01 1.013095756960246785e+00
6.711711711711711814e+01 1.031205193780680984e+00
6.726726726726727179e+01 1.049712839948119703e+00
6.741741741741742544e+01 1.043169243509447064e+00
6.756756756756756488e+01 1.028415309057526539e+00
6.771771771771771853e+01 1.025110761957639394e+00
6.786786786786787218e+01 1.019939241370801497e+00
6.801801801801802583e+01 1.012814322422866731e+00
6.816816816816816527e+01 1.031476773908263977e+00
6.831831831831831892e+01 1.049531825500857884e+00
6.846846846846847257e+01 1.042694376890152874e+00
6.861861861861862621e+01 1.028304887035604853e+00
6.876876876876876565e+01 1.024826017365435549e+00
6.891891891891891930e+01 1.019496238802185983e+00
6.906906906906907295e+01 1.012259663443685787e+00
6.921921921921922660e+01 1.032589995290406737e+00
6.936936936936936604e+01 1.050124613130984930e+00
6.951951951951951969e+01 1.042537710880498736e+00
6.966966966966967334e+01 1.028336506088190605e+00
6.981981981981982699e+01 1.024973851110194900e+00
6.996996996996996643e+01 1.019717816964095469e+00
7.012012012012012008e+01 1.012482049418897079e+00
7.027027027027027373e+01 1.033268305282663890e+00
7.042042042042042738e+01 1.049841262626390437e+00
7.057057057057056682e+01 1.041795822187051801e+00
7.072072072072072046e+01 1.028235455778451657e+00
7.087087087087087411e+01 1.024731968898000556e+00
7.102102102102102776e+01 1.019406353087807915e+00
7.117117117117116720e+01 1.012165158573036683e+00
7.132132132132132085e+01 1.033820019078101948e+00
7.147147147147147450e+01 1.049979851227972105e+00
7.162162162162162815e+01 1.041585424532108339e+00
7.177177177177176759e+01 1.028108167917610505e+00
7.192192192192192124e+01 1.024529376089819532e+00
7.207207207207207489e+01 1.019053797074843892e+00
7.222222222222222854e+01 1.011612606399861169e+00
7.237237237237236798e+01 1.034697252312611226e+00
7.252252252252252163e+01 1.050246976789390052e+00
7.267267267267267528e+01 1.041185111855006618e+00
7.282282282282282893e+01 1.028132650710516405e+00
7.297297297297296836e+01 1.024586537591740676e+00
7.312312312312312201e+01 1.019204031382507480e+00
7.327327327327327566e+01 1.011861327220394902e+00
7.342342342342342931e+01 1.035436973913711700e+00
7.357357357357356875e+01 1.050061898040658193e+00
7.372372372372372240e+01 1.040574668763387889e+00
7.387387387387387605e+01 1.028066854604150482e+00
7.402402402402402970e+01 1.024443737907652974e+00
7.417417417417416914e+01 1.018944737934719180e+00
7.432432432432432279e+01 1.011493348102400214e+00
7.447447447447447644e+01 1.035948191223449166e+00
7.462462462462463009e+01 1.050121245786013846e+00
7.477477477477476953e+01 1.040298312024197092e+00
7.492492492492492318e+01 1.027862966023788349e+00
7.507507507507507682e+01 1.024125119771478909e+00
7.522522522522523047e+01 1.018545958612089741e+00
7.537537537537536991e+01 1.010994638927392053e+00
7.552552552552552356e+01 1.036717642178132781e+00
7.567567567567567721e+01 1.050252060990362057e+00
7.582582582582583086e+01 1.039832924708116169e+00
7.597597597597597030e+01 1.027976234858940963e+00
7.612612612612612395e+01 1.024281650989982806e+00
7.627627627627627760e+01 1.018705040751734181e+00
7.642642642642643125e+01 1.011159742095496306e+00
7.657657657657657069e+01 1.037564557137439669e+00
7.672672672672672434e+01 1.050192888635883115e+00
7.687687687687687799e+01 1.039338157775102189e+00
7.702702702702703164e+01 1.027803521223853211e+00
7.717717717717718529e+01 1.024052908238400672e+00
7.732732732732732472e+01 1.018462988597702346e+00
7.747747747747747837e+01 1.010883769091560191e+00
7.762762762762763202e+01 1.037779903363388545e+00
7.777777777777778567e+01 1.049932140532920721e+00
7.792792792792792511e+01 1.038869479951491481e+00
7.807807807807807876e+01 1.027694037100127300e+00
7.822822822822823241e+01 1.023780738174598692e+00
7.837837837837838606e+01 1.018002598479140985e+00
7.852852852852852550e+01 1.010270590446713301e+00
7.867867867867867915e+01 1.038868874057373493e+00
7.882882882882883280e+01 1.050374085257389956e+00
7.897897897897898645e+01 1.038630150234899574e+00
7.912912912912912589e+01 1.027712610369041935e+00
7.927927927927927954e+01 1.023914780503036193e+00
7.942942942942943318e+01 1.018243192717475321e+00
7.957957957957958683e+01 1.010542204765439989e+00
7.972972972972972627e+01 1.039244337789690720e+00
7.987987987987987992e+01 1.049830478633926312e+00
8.003003003003003357e+01 1.037833633883191053e+00
8.018018018018018722e+01 1.027625999384783606e+00
8.033033033033032666e+01 1.023683014711757933e+00
8.048048048048048031e+01 1.017904981347721449e+00
8.063063063063063396e+01 1.010172115161101836e+00
8.078078078078078761e+01 1.039868904715044451e+00
8.093093093093092705e+01 1.049989891476517778e+00
8.108108108108108070e+01 1.037702780094358790e+00
8.123123123123123435e+01 1.027428268489432917e+00
8.138138138138138800e+01 1.023423760032059260e+00
8.153153153153152743e+01 1.017533347698301505e+00
8.168168168168168108e+01 1.009689459478164020e+00
8.183183183183183473e+01 1.040466055785937982e+00
8.198198198198198838e+01 1.049908832987705321e+00
8.213213213213212782e+01 1.037075198096921724e+00
8.228228228228228147e+01 1.027506469203286033e+00
8.243243243243243512e+01 1.023509511117077331e+00
8.258258258258258877e+01 1.017669746212563453e+00
8.273273273273272821e+01 1.011159921705817366e+00
8.288288288288288186e+01 1.041211912201499334e+00
8.303303303303303551e+01 1.049753094035594136e+00
8.318318318318318916e+01 1.036650705511059423e+00
8.333333333333332860e+01 1.027377996888312106e+00
8.348348348348348225e+01 1.023342826181846021e+00
8.363363363363363590e+01 1.017425966057140752e+00
8.378378378378378954e+01 1.011492236991989202e+00
8.393393393393392898e+01 1.041396862148376012e+00
8.408408408408408263e+01 1.049492625174765603e+00
8.423423423423423628e+01 1.036183773099481842e+00
8.438438438438438993e+01 1.027178723601571475e+00
8.453453453453452937e+01 1.022986009699827559e+00
8.468468468468468302e+01 1.016956438781138949e+00
8.483483483483483667e+01 1.012439213413486083e+00
8.498498498498499032e+01 1.042312309252129143e+00
8.513513513513512976e+01 1.049672093376291304e+00
8.528528528528528341e+01 1.035831030171989742e+00
8.543543543543543706e+01 1.027287435844252528e+00
8.558558558558559071e+01 1.023181225059331734e+00
8.573573573573573015e+01 1.017172406272956575e+00
8.588588588588588379e+01 1.013653822605484089e+00
8.603603603603603744e+01 1.042698653071134407e+00
8.618618618618619109e+01 1.049236406589771242e+00
8.633633633633633053e+01 1.035189224530502994e+00
8.648648648648648418e+01 1.027109647291660099e+00
8.663663663663663783e+01 1.022912583956986143e+00
8.678678678678679148e+01 1.016884860445280481e+00
8.693693693693694513e+01 1.014087575515447037e+00
8.708708708708708457e+01 1.043041225887681556e+00
8.723723723723723822e+01 1.049075478461795274e+00
8.738738738738739187e+01 1.034890382611751702e+00
8.753753753753754552e+01 1.026968998111634779e+00
8.768768768768768496e+01 1.022640524696360131e+00
8.783783783783783861e+01 1.016419251459610429e+00
8.798798798798799226e+01 1.015142484157022462e+00
8.813813813813814591e+01 1.043837320612537756e+00
8.828828828828828534e+01 1.049174207834509875e+00
8.843843843843843899e+01 1.034433779130651931e+00
8.858858858858859264e+01 1.026990247514297350e+00
8.873873873873874629e+01 1.022747716777733906e+00
8.888888888888888573e+01 1.016640385615289910e+00
8.903903903903903938e+01 1.016113497183941616e+00
8.918918918918919303e+01 1.044125743205744694e+00
8.933933933933934668e+01 1.048611889569024180e+00
8.948948948948948612e+01 1.033801551379631478e+00
8.963963963963963977e+01 1.026898055797715426e+00
8.978978978978979342e+01 1.022535807055271917e+00
8.993993993993994707e+01 1.016304968494263328e+00
9.009009009009008651e+01 1.016879846175116286e+00
9.024024024024024015e+01 1.044566675504204900e+00
9.039039039039039380e+01 1.048599650915647885e+00
9.054054054054054745e+01 1.033598419608792174e+00
9.069069069069068689e+01 1.026642779633525127e+00
9.084084084084084054e+01 1.022204796619927469e+00
9.099099099099099419e+01 1.015888199535453840e+00
9.114114114114114784e+01 1.017512478827277134e+00
9.129129129129128728e+01 1.045064432116406428e+00
9.144144144144144093e+01 1.048378003992676000e+00
9.159159159159159458e+01 1.032953837341889614e+00
9.174174174174174823e+01 1.026777551973912406e+00
9.189189189189188767e+01 1.022349302184024200e+00
9.204204204204204132e+01 1.016045179953440680e+00
9.219219219219219497e+01 1.018966479750844645e+00
9.234234234234234862e+01 1.045617856680307600e+00
9.249249249249248805e+01 1.048111484536252691e+00
9.264264264264264170e+01 1.032604709222369355e+00
9.279279279279279535e+01 1.026590124750708544e+00
9.294294294294294900e+01 1.022137734882011095e+00
9.309309309309308844e+01 1.015798541705985603e+00
9.324324324324324209e+01 1.019193330419722265e+00
9.339339339339339574e+01 1.045616569681093289e+00
9.354354354354354939e+01 1.047693354719850589e+00
9.369369369369368883e+01 1.032098932789633272e+00
9.384384384384384248e+01 1.026404964767444694e+00
9.399399399399399613e+01 1.021770168965310033e+00
9.414414414414414978e+01 1.015274684126962867e+00
9.429429429429428922e+01 1.020405097846190712e+00
9.444444444444444287e+01 1.046532076676294887e+00
9.459459459459459651e+01 1.047824020895486763e+00
9.474474474474475016e+01 1.031795838342065785e+00
9.489489489489488960e+01 1.026483069298140816e+00
9.504504504504504325e+01 1.021964277313653247e+00
9.519519519519519690e+01 1.015523947153251783e+00
9.534534534534535055e+01 1.021276820156927556e+00
9.549549549549548999e+01 1.046523544046723542e+00
9.564564564564564364e+01 1.047111433785884893e+00
9.579579579579579729e+01 1.031090684994414364e+00
9.594594594594595094e+01 1.026311782916094595e+00
9.609609609609609038e+01 1.021668635407696923e+00
9.624624624624624403e+01 1.015177284604199759e+00
9.639639639639639768e+01 1.021975800633493803e+00
9.654654654654655133e+01 1.046957447112765394e+00
9.669669669669670498e+01 1.047054423841613957e+00
9.684684684684684441e+01 1.030976735369788289e+00
9.699699699699699806e+01 1.026124821590006064e+00
9.714714714714715171e+01 1.021389700856287996e+00
9.729729729729730536e+01 1.014732462986445150e+00
9.744744744744744480e+01 1.022804319507870208e+00
9.759759759759759845e+01 1.047376975427305901e+00
9.774774774774775210e+01 1.046792196559763077e+00
9.789789789789790575e+01 1.030313936589725143e+00
9.804804804804804519e+01 1.026180019966592694e+00
9.819819819819819884e+01 1.021488722681009653e+00
9.834834834834835249e+01 1.014921820074121683e+00
9.849849849849850614e+01 1.023926601761475652e+00
9.864864864864864558e+01 1.047679527708144098e+00
9.879879879879879923e+01 1.046332872024254401e+00
9.894894894894895288e+01 1.029955565936588435e+00
9.909909909909910652e+01 1.026056968989836449e+00
9.924924924924924596e+01 1.021289391493192422e+00
9.939939939939939961e+01 1.014609878060158454e+00
9.954954954954955326e+01 1.024433457409143156e+00
9.969969969969970691e+01 1.047779054369230023e+00
9.984984984984984635e+01 1.046048182309637697e+00
1.000000000000000000e+02 1.029605849957038188e+00
1.001501501501501536e+02 1.025780354629680202e+00
1.003003003003003073e+02 1.020898847891665184e+00
1.004504504504504467e+02 1.014134964390523530e+00
1.006006006006006004e+02 1.025340583421257890e+00
1.007507507507507540e+02 1.048341580440391052e+00
1.009009009009009077e+02 1.045853895311952275e+00
1.010510510510510471e+02 1.029095878217090254e+00
1.012012012012012008e+02 1.025928280200505860e+00
1.013513513513513544e+02 1.021081714451743006e+00
1.015015015015015081e+02 1.014308841918377446e+00
1.016516516516516475e+02 1.026446622283758936e+00
1.018018018018018012e+02 1.048485819126919960e+00
1.019519519519519548e+02 1.045341313091736835e+00
1.021021021021021085e+02 1.028748477595907929e+00
1.022522522522522479e+02 1.025703952439054989e+00
1.024024024024024015e+02 1.020820885182698534e+00
1.025525525525525552e+02 1.014043149472809935e+00
1.027027027027027088e+02 1.026800598821911992e+00
1.028528528528528483e+02 1.048511330213643511e+00
1.030030030030030019e+02 1.044979011787129597e+00
1.031531531531531556e+02 1.028672046449153887e+00
1.033033033033033092e+02 1.025518335031724959e+00
1.034534534534534487e+02 1.020456199213509052e+00
1.036036036036036023e+02 1.013486377460717458e+00
1.037537537537537560e+02 1.027950360761459292e+00
1.039039039039039096e+02 1.049174780220313519e+00
1.040540540540540491e+02 1.044885641277775390e+00
1.042042042042042027e+02 1.028660674334260783e+00
1.043543543543543564e+02 1.025576819651034199e+00
1.045045045045045100e+02 1.020634193976968973e+00
1.046546546546546494e+02 1.013752809484006256e+00
1.048048048048048031e+02 1.028674006486455905e+00
1.049549549549549567e+02 1.048985334985864659e+00
1.051051051051051104e+02 1.044129886371133908e+00
1.052552552552552498e+02 1.028628263019921718e+00
1.054054054054054035e+02 1.025422355838895738e+00
1.055555555555555571e+02 1.020343946393914791e+00
1.057057057057057108e+02 1.013374148955808796e+00
1.058558558558558644e+02 1.029404258049660736e+00
1.060060060060060039e+02 1.049325439507612368e+00
1.061561561561561575e+02 1.044031257221161191e+00
1.063063063063063112e+02 1.028444111558520113e+00
1.064564564564564648e+02 1.025165039821384516e+00
1.066066066066066043e+02 1.020014893504364251e+00
1.067567567567567579e+02 1.012916480789181284e+00
1.069069069069069116e+02 1.030106101269986141e+00
1.070570570570570652e+02 1.049500936557244302e+00
1.072072072072072046e+02 1.043566829702358589e+00
1.073573573573573583e+02 1.028548459190563369e+00
1.075075075075075119e+02 1.025279627503379087e+00
1.076576576576576656e+02 1.020142265739632847e+00
1.078078078078078050e+02 1.013093861152147390e+00
1.079579579579579587e+02 1.031234694525236861e+00
1.081081081081081123e+02 1.049718132182210439e+00
1.082582582582582660e+02 1.043156457473520371e+00
1.084084084084084054e+02 1.028412779207292793e+00
1.085585585585585591e+02 1.025106366032108696e+00
1.087087087087087127e+02 1.019933314841078520e+00
1.088588588588588664e+02 1.012806494192866946e+00
1.090090090090090058e+02 1.031500013047091713e+00
1.091591591591591595e+02 1.049534479746421001e+00
1.093093093093093131e+02 1.042680582680565848e+00
1.094594594594594668e+02 1.028307397040114424e+00
1.096096096096096062e+02 1.024827221329891458e+00
1.097597597597597598e+02 1.019495667783259396e+00
1.099099099099099135e+02 1.012257440962638144e+00
1.100600600600600671e+02 1.032621595143367932e+00
1.102102102102102066e+02 1.050131064982062323e+00
1.103603603603603602e+02 1.042525697223766201e+00
1.105105105105105139e+02 1.028336599290363473e+00
1.106606606606606675e+02 1.024972537563285879e+00
1.108108108108108070e+02 1.019715631171842496e+00
1.109609609609609606e+02 1.012478525906374660e+00
1.111111111111111143e+02 1.033291574320281958e+00
1.112612612612612679e+02 1.049841239106263924e+00
1.114114114114114074e+02 1.041779490123752483e+00
1.115615615615615610e+02 1.028235046856869506e+00
1.117117117117117147e+02 1.024729420293570614e+00
1.118618618618618683e+02 1.019401269020238532e+00
1.120120120120120077e+02 1.012157791514057159e+00
1.121621621621621614e+02 1.033849852084558485e+00
1.123123123123123150e+02 1.049985896468988322e+00
1.124624624624624687e+02 1.041572824491466598e+00
1.126126126126126081e+02 1.028105631448387181e+00
1.127627627627627618e+02 1.024525681722515680e+00
1.129129129129129154e+02 1.019049120162595079e+00
1.130630630630630691e+02 1.011606185474826392e+00
1.132132132132132085e+02 1.034720746522426404e+00
1.133633633633633622e+02 1.050245059575023454e+00
1.135135135135135158e+02 1.041165991367131394e+00
1.136636636636636695e+02 1.028127909572129406e+00
1.138138138138138089e+02 1.024578340895424322e+00
1.139639639639639626e+02 1.019192537621327332e+00
1.141141141141141162e+02 1.011847288961705393e+00
1.142642642642642699e+02 1.035462227412708103e+00
1.144144144144144093e+02 1.050066174025969801e+00
1.145645645645645629e+02 1.040559970540802626e+00
1.147147147147147166e+02 1.028063278916961476e+00
1.148648648648648702e+02 1.024439820982388394e+00
1.150150150150150097e+02 1.018940302846014667e+00
1.151651651651651633e+02 1.011487356618219202e+00
1.153153153153153170e+02 1.035968804898730555e+00
1.154654654654654706e+02 1.050119073069530895e+00
1.156156156156156243e+02 1.040283192131040257e+00
1.157657657657657637e+02 1.027864501462596447e+00
1.159159159159159174e+02 1.024124625090348184e+00
1.160660660660660710e+02 1.018544152545772796e+00
1.162162162162162247e+02 1.010992393006490797e+00
1.163663663663663641e+02 1.036745506380708282e+00
1.165165165165165178e+02 1.050255000072452649e+00
1.166666666666666714e+02 1.039819806614220354e+00
1.168168168168168251e+02 1.027973242215602934e+00
1.169669669669669645e+02 1.024277644967480416e+00
1.171171171171171181e+02 1.018698848398925882e+00
1.172672672672672718e+02 1.011150066782372514e+00
1.174174174174174254e+02 1.037587132913818433e+00
1.175675675675675649e+02 1.050190135997382868e+00
1.177177177177177185e+02 1.039321088381598646e+00
1.178678678678678722e+02 1.027803992826082480e+00
1.180180180180180258e+02 1.024051051312832694e+00
1.181681681681681653e+02 1.018459989313087233e+00
1.183183183183183189e+02 1.010880273486332026e+00
1.184684684684684726e+02 1.037806441877114683e+00
1.186186186186186262e+02 1.049932831596686267e+00
1.187687687687687657e+02 1.038854831257411293e+00
1.189189189189189193e+02 1.027691373803661934e+00
1.190690690690690730e+02 1.023776413502760496e+00
1.192192192192192266e+02 1.017995775129787450e+00
1.193693693693693660e+02 1.010260820936931259e+00
1.195195195195195197e+02 1.038888417219494098e+00
1.196696696696696733e+02 1.050371742429700550e+00
1.198198198198198270e+02 1.038613332593588012e+00
1.199699699699699664e+02 1.027709371998813515e+00
1.201201201201201201e+02 1.023910057938709706e+00
1.202702702702702737e+02 1.018237762698742443e+00
1.204204204204204274e+02 1.010536070616821158e+00
1.205705705705705668e+02 1.039265195456717805e+00
1.207207207207207205e+02 1.049827992047955627e+00
1.208708708708708741e+02 1.037819449429371099e+00
1.210210210210210278e+02 1.027625637629674626e+00
1.211711711711711672e+02 1.023681203519789307e+00
1.213213213213213209e+02 1.017900978553374802e+00
1.214714714714714745e+02 1.010165764331426352e+00
1.216216216216216282e+02 1.039891796516026812e+00
1.217717717717717676e+02 1.049988047415351566e+00
1.219219219219219212e+02 1.037687435572792971e+00
1.220720720720720749e+02 1.027424723417952546e+00
1.222222222222222285e+02 1.023418524265861551e+00
1.223723723723723680e+02 1.017526849603293648e+00
1.225225225225225216e+02 1.009713582412467003e+00
1.226726726726726753e+02 1.040484296603909176e+00
1.228228228228228289e+02 1.049903506149603594e+00
1.229729729729729684e+02 1.037058928208710151e+00
1.231231231231231220e+02 1.027507241257405113e+00
1.232732732732732757e+02 1.023508574107149016e+00
1.234234234234234293e+02 1.017666913955089125e+00
1.235735735735735688e+02 1.011197983612324380e+00
1.237237237237237224e+02 1.041235142274860470e+00
1.238738738738738761e+02 1.049751392925384108e+00
1.240240240240240297e+02 1.036636718132196711e+00
1.241741741741741691e+02 1.027374735072477563e+00
1.243243243243243228e+02 1.023338213745549563e+00
1.244744744744744764e+02 1.017420042943540048e+00
1.246246246246246301e+02 1.011517402304467961e+00
1.247747747747747695e+02 1.041413277783404201e+00
1.249249249249249232e+02 1.049484993862457749e+00
1.250750750750750768e+02 1.036165188405415272e+00
1.252252252252252305e+02 1.027176013251885456e+00
1.253753753753753841e+02 1.022980994080258332e+00
1.255255255255255236e+02 1.016948996404120509e+00
1.256756756756756772e+02 1.012473217993888452e+00
1.258258258258258309e+02 1.042334023719523106e+00
1.259759759759759845e+02 1.049670022780913037e+00
1.261261261261261239e+02 1.035817904950593116e+00
1.262762762762762776e+02 1.027281463848059628e+00
1.264264264264264312e+02 1.023173699636061862e+00
1.265765765765765849e+02 1.017163374069880000e+00
1.267267267267267243e+02 1.013694645752024170e+00
1.268768768768768780e+02 1.042721322702794051e+00
1.270270270270270316e+02 1.049225616081041812e+00
1.271771771771771853e+02 1.035161244924387436e+00
1.273273273273273247e+02 1.027091430759641710e+00
1.274774774774774784e+02 1.022889385699163878e+00
1.276276276276276320e+02 1.016856606216259840e+00
1.277777777777777857e+02 1.014101796927526777e+00
1.279279279279279251e+02 1.043056961422159423e+00
1.280780780780780788e+02 1.049071238466998679e+00
1.282282282282282324e+02 1.034874226346300885e+00
1.283783783783783861e+02 1.026963242700065226e+00
1.285285285285285397e+02 1.022634532005213703e+00
1.286786786786786934e+02 1.016413322839012423e+00
1.288288288288288186e+02 1.015167271100785529e+00
1.289789789789789722e+02 1.043848805339832708e+00
1.291291291291291259e+02 1.049165652483805111e+00
1.292792792792792795e+02 1.034414478021695061e+00
1.294294294294294332e+02 1.026984495182391877e+00
1.295795795795795868e+02 1.022740275239302665e+00
1.297297297297297405e+02 1.016631614542546691e+00
1.298798798798798941e+02 1.016143626188940052e+00
1.300300300300300194e+02 1.044141713546105521e+00
1.301801801801801730e+02 1.048608092302209638e+00
1.303303303303303267e+02 1.033790174689812158e+00
1.304804804804804803e+02 1.026898771241083974e+00
1.306306306306306340e+02 1.022536534988904844e+00
1.307807807807807876e+02 1.016304542318219317e+00
1.309309309309309413e+02 1.016914638322056863e+00
1.310810810810810949e+02 1.044581591017767597e+00
1.312312312312312201e+02 1.048591125932727852e+00
1.313813813813813738e+02 1.033587103621439240e+00
1.315315315315315274e+02 1.026647097066660352e+00
1.316816816816816811e+02 1.022206884492649515e+00
1.318318318318318347e+02 1.015889092182340470e+00
1.319819819819819884e+02 1.017553351579211007e+00
1.321321321321321420e+02 1.045085298612804525e+00
1.322822822822822957e+02 1.048369541294200236e+00
1.324324324324324209e+02 1.032936103215629453e+00
1.325825825825825746e+02 1.026770703551166397e+00
1.327327327327327282e+02 1.022339653115009295e+00
1.328828828828828819e+02 1.016031606670761311e+00
1.330330330330330355e+02 1.018993997751476144e+00
1.331831831831831892e+02 1.045632229818072245e+00
1.333333333333333428e+02 1.048101087231992912e+00
1.334834834834834965e+02 1.032585757608480037e+00
1.336336336336336217e+02 1.026582879391989778e+00
1.337837837837837753e+02 1.022128591199947589e+00
1.339339339339339290e+02 1.015788574492890284e+00
1.340840840840840826e+02 1.019222078745919857e+00
1.342342342342342363e+02 1.045630614319245977e+00
1.343843843843843899e+02 1.047682719732038192e+00
1.345345345345345436e+02 1.032079003878956014e+00
1.346846846846846972e+02 1.026397001356822436e+00
1.348348348348348509e+02 1.021759908799237060e+00
1.349849849849849761e+02 1.015261353752122231e+00
1.351351351351351298e+02 1.020431639652664924e+00
1.352852852852852834e+02 1.046544202020996961e+00
1.354354354354354371e+02 1.047815987346427669e+00
1.355855855855855907e+02 1.031780764894549618e+00
1.357357357357357444e+02 1.026479242182805507e+00
1.358858858858858980e+02 1.021959934205326270e+00
1.360360360360360517e+02 1.015519331492585886e+00
1.361861861861861769e+02 1.021308611123101784e+00
1.363363363363363305e+02 1.046535485618123706e+00
1.364864864864864842e+02 1.047099946736511411e+00
1.366366366366366378e+02 1.031074663679769632e+00
1.367867867867867915e+02 1.026313583400258356e+00
1.369369369369369451e+02 1.021668693178151122e+00
1.370870870870870988e+02 1.015175178690704838e+00
1.372372372372372524e+02 1.022012330924643830e+00
1.373873873873873777e+02 1.046972718916009626e+00
1.375375375375375313e+02 1.047047341946294008e+00
1.376876876876876850e+02 1.030967278149520272e+00
1.378378378378378386e+02 1.026120390950381545e+00
1.379879879879879923e+02 1.021383273283475557e+00
1.381381381381381459e+02 1.014724144311615506e+00
1.382882882882882996e+02 1.022828508617739551e+00
1.384384384384384532e+02 1.047385311793832541e+00
1.385885885885885784e+02 1.046776592594520050e+00
1.387387387387387321e+02 1.030291638789460062e+00
1.388888888888888857e+02 1.026172416894112649e+00
1.390390390390390394e+02 1.021478260652870063e+00
1.391891891891891930e+02 1.014908710090449695e+00
1.393393393393393467e+02 1.023954138693430105e+00
1.394894894894895003e+02 1.047692104237337052e+00
1.396396396396396540e+02 1.046325320083356658e+00
1.397897897897897792e+02 1.029944677421482213e+00
1.399399399399399329e+02 1.026048283458211419e+00
1.400900900900900865e+02 1.021279664373333063e+00
1.402402402402402402e+02 1.014598793540324229e+00
1.403903903903903938e+02 1.024456492610124503e+00
1.405405405405405475e+02 1.047783902006899970e+00
1.406906906906907011e+02 1.046031375543462261e+00
1.408408408408408548e+02 1.029581058989579523e+00
1.409909909909909800e+02 1.025769255548450776e+00
1.411411411411411336e+02 1.020884678242891530e+00
1.412912912912912873e+02 1.014117659763441814e+00
1.414414414414414409e+02 1.025364530561013288e+00
1.415915915915915946e+02 1.048352602138411971e+00
1.417417417417417482e+02 1.045847394826266319e+00
1.418918918918919019e+02 1.029089607693344899e+00
1.420420420420420555e+02 1.025931327166443419e+00
1.421921921921921808e+02 1.021085399825780726e+00
1.423423423423423344e+02 1.014312787879101174e+00
1.424924924924924881e+02 1.026478400126074497e+00
1.426426426426426417e+02 1.048491075221330338e+00
1.427927927927927954e+02 1.045325974778565481e+00
1.429429429429429490e+02 1.028741799153470859e+00
1.430930930930931027e+02 1.025693762629701133e+00
1.432432432432432563e+02 1.020806766740277371e+00
1.433933933933933815e+02 1.014025271372844372e+00
1.435435435435435352e+02 1.026821773296393570e+00
1.436936936936936888e+02 1.048520610882224258e+00
1.438438438438438425e+02 1.044968997388903365e+00
1.439939939939939961e+02 1.028669949769732694e+00
1.441441441441441498e+02 1.025515853703604208e+00
1.442942942942943034e+02 1.020453455124040509e+00
1.444444444444444571e+02 1.013482506200906297e+00
1.445945945945946107e+02 1.027978324257896592e+00
1.447447447447447360e+02 1.049179555150595355e+00
1.448948948948948896e+02 1.044871290777627415e+00
1.450450450450450433e+02 1.028661063567159362e+00
1.451951951951951969e+02 1.025574962502364018e+00
1.453453453453453506e+02 1.020630758955835438e+00
1.454954954954955042e+02 1.013748514293836500e+00
1.456456456456456579e+02 1.028702387071738222e+00
1.457957957957958115e+02 1.048993322901938585e+00
1.459459459459459367e+02 1.044118957260695479e+00
1.460960960960960904e+02 1.028630478465190290e+00
1.462462462462462440e+02 1.025424540373128579e+00
1.463963963963963977e+02 1.020345117754566155e+00
1.465465465465465513e+02 1.013373086900932751e+00
1.466966966966967050e+02 1.029435357049927058e+00
1.468468468468468586e+02 1.049331615776034621e+00
1.469969969969970123e+02 1.044019561816676545e+00
1.471471471471471375e+02 1.028447879055298664e+00
1.472972972972972912e+02 1.025166604331144704e+00
1.474474474474474448e+02 1.020015376510039040e+00
1.475975975975975985e+02 1.012916547486627739e+00
1.477477477477477521e+02 1.030139331911866130e+00
1.478978978978979058e+02 1.049507534683908005e+00
1.480480480480480594e+02 1.043550766012508291e+00
1.481981981981982130e+02 1.028543931014776147e+00
1.483483483483483383e+02 1.025272572006986627e+00
1.484984984984984919e+02 1.020131641892362717e+00
1.486486486486486456e+02 1.013078983215162099e+00
1.487987987987987992e+02 1.031260061364961400e+00
1.489489489489489529e+02 1.049723995934805920e+00
1.490990990990991065e+02 1.043142325149129412e+00
1.492492492492492602e+02 1.028410357755545013e+00
1.493993993993994138e+02 1.025102244211740565e+00
1.495495495495495391e+02 1.019928810977764666e+00
1.496996996996996927e+02 1.012801856954562041e+00
1.498498498498498464e+02 1.031526439406916795e+00
1.500000000000000000e+02 1.049537266262736690e+00
