0.000000000000000000e+00 3.317801082105836796e-01
1.501501501501501523e-01 4.807937899310315011e-01
3.003003003003003046e-01 7.060839992584522218e-01
4.504504504504504570e-01 8.455027370893740679e-01
6.006006006006006093e-01 9.062871962387020197e-01
7.507507507507507061e-01 9.302654423063527744e-01
9.009009009009009139e-01 9.378005462572123196e-01
1.051051051051051122e+00 9.463802107788170659e-01
1.201201201201201219e+00 9.564678351388714583e-01
1.351351351351351315e+00 9.668789675898743496e-01
1.501501501501501412e+00 9.765276250931449464e-01
1.651651651651651731e+00 9.697510870574892472e-01
1.801801801801801828e+00 9.316399858280306479e-01
1.951951951951951925e+00 8.795843566616499132e-01
2.102102102102102243e+00 8.387851298809028133e-01
2.252252252252252340e+00 8.391477360596109047e-01
2.402402402402402437e+00 8.616827498357251258e-01
2.552552552552552534e+00 8.438758831416830475e-01
2.702702702702702631e+00 8.187325200991173446e-01
2.852852852852852727e+00 7.876761097347213525e-01
3.003003003003002824e+00 7.527861088989579175e-01
3.153153153153153365e+00 7.355190143253710344e-01
3.303303303303303462e+00 8.531563292667382337e-01
3.453453453453453559e+00 8.979047597807835457e-01
3.603603603603603656e+00 9.215035774903894694e-01
3.753753753753753752e+00 9.317471339162438637e-01
3.903903903903903849e+00 9.086013512492931987e-01
4.054054054054054390e+00 9.225524571890970638e-01
4.204204204204204487e+00 9.413097401328884839e-01
4.354354354354354584e+00 9.535259127930576506e-01
4.504504504504504681e+00 9.590278124509330482e-01
4.654654654654654777e+00 9.579380692221872717e-01
4.804804804804804874e+00 9.677255215332506433e-01
4.954954954954954971e+00 9.613682570124933990e-01
5.105105105105105068e+00 9.416038663042605172e-01
5.255255255255255165e+00 9.411315412885575826e-01
5.405405405405405261e+00 9.612426321475713298e-01
5.555555555555555358e+00 9.713332549157539519e-01
5.705705705705705455e+00 9.674652443527406165e-01
5.855855855855855552e+00 9.607622267255333526e-01
6.006006006006005649e+00 9.516535958580438770e-01
6.156156156156156634e+00 9.407437815880725918e-01
6.306306306306306730e+00 9.395756674907422834e-01
6.456456456456456827e+00 9.655698262391616549e-01
6.606606606606606924e+00 9.711008065985464732e-01
6.756756756756757021e+00 9.820604941596428050e-01
6.906906906906907118e+00 9.847924241307967064e-01
7.057057057057057214e+00 9.597408182751780981e-01
7.207207207207207311e+00 9.684269342264372193e-01
7.357357357357357408e+00 9.735443663944287618e-01
7.507507507507507505e+00 9.713035455752139224e-01
7.657657657657657602e+00 9.620020786320633288e-01
7.807807807807807698e+00 9.462200790001471518e-01
7.957957957957957795e+00 9.828619423823463652e-01
8.108108108108108780e+00 9.945029794463576822e-01
8.258258258258258877e+00 9.841617636377726352e-01
8.408408408408408974e+00 9.871796053744492649e-01
8.558558558558559071e+00 9.933024259852378801e-01
8.708708708708709167e+00 9.918791754316105269e-01
8.858858858858859264e+00 9.951192953100986838e-01
9.009009009009009361e+00 9.944025840091387236e-01
9.159159159159159458e+00 9.900720323672359546e-01
9.309309309309309555e+00 9.825435177510044582e-01
9.459459459459459651e+00 9.843082917817294053e-01
9.609609609609609748e+00 9.967746038739047076e-01
9.759759759759759845e+00 9.875977853206383550e-01
9.909909909909909942e+00 9.892897700427177865e-01
1.006006006006006004e+01 1.000196273640973077e+00
1.021021021021021014e+01 9.969474408208347516e-01
1.036036036036036023e+01 9.998355772287321752e-01
1.051051051051051033e+01 9.980458168941933605e-01
1.066066066066066043e+01 9.917306199481553675e-01
1.081081081081081052e+01 9.811902787927997416e-01
1.096096096096096062e+01 9.669477827690715621e-01
1.111111111111111072e+01 9.958156387800263243e-01
1.126126126126126081e+01 9.933980221391889298e-01
1.141141141141141091e+01 9.889097035162914828e-01
1.156156156156156101e+01 1.000863189798022690e+00
1.171171171171171110e+01 1.003335616662448970e+00
1.186186186186186120e+01 9.994452401985320922e-01
1.201201201201201130e+01 1.004000221699305362e+00
1.216216216216216317e+01 1.003312370555449862e+00
1.231231231231231327e+01 9.976784124593147673e-01
1.246246246246246336e+01 9.875629842034024941e-01
1.261261261261261346e+01 9.936645769901384373e-01
1.276276276276276356e+01 1.006073976669178638e+00
1.291291291291291365e+01 9.923451160394481940e-01
1.306306306306306375e+01 9.926619383101126237e-01
1.321321321321321385e+01 1.004028809368768371e+00
1.336336336336336394e+01 1.001112733287887302e+00
1.351351351351351404e+01 1.004932017147928791e+00
1.366366366366366414e+01 1.004668017812694103e+00
1.381381381381381424e+01 1.000537702887557057e+00
1.396396396396396433e+01 9.928441794440643342e-01
1.411411411411411443e+01 9.819845537816352943e-01
1.426426426426426453e+01 1.003719059480408182e+00
1.441441441441441462e+01 9.962793004991088441e-01
1.456456456456456472e+01 9.935534140898247824e-01
1.471471471471471482e+01 1.006239070153956305e+00
1.486486486486486491e+01 1.008508018377419324e+00
1.501501501501501501e+01 1.005724115239829519e+00
1.516516516516516511e+01 1.007877210304008786e+00
1.531531531531531520e+01 1.005249052734192627e+00
1.546546546546546530e+01 9.980702729200892076e-01
1.561561561561561540e+01 9.867105740562207572e-01
1.576576576576576549e+01 9.965604896841406823e-01
1.591591591591591559e+01 1.006027451740215239e+00
1.606606606606606746e+01 9.938376648759733589e-01
1.621621621621621756e+01 9.980763520588143978e-01
1.636636636636636766e+01 1.008575159026114054e+00
1.651651651651651775e+01 1.002673575982619969e+00
1.666666666666666785e+01 1.007310261111151073e+00
1.681681681681681795e+01 1.007398531640453898e+00
1.696696696696696804e+01 1.003149205274071809e+00
1.711711711711711814e+01 9.949067471801176232e-01
1.726726726726726824e+01 9.831520427156903441e-01
1.741741741741741833e+01 1.007753068704891453e+00
1.756756756756756843e+01 9.980959333130050570e-01
1.771771771771771853e+01 9.935623522794094775e-01
1.786786786786786863e+01 1.005695316767519998e+00
1.801801801801801872e+01 1.008689376055694975e+00
1.816816816816816882e+01 1.008063862442839964e+00
1.831831831831831892e+01 1.009283360573016264e+00
1.846846846846846901e+01 1.006208120031980568e+00
1.861861861861861911e+01 9.991313077578438673e-01
1.876876876876876921e+01 9.884450392643812089e-01
1.891891891891891930e+01 1.001112853856684914e+00
1.906906906906906940e+01 1.004174219007908153e+00
1.921921921921921950e+01 9.930173588962617481e-01
1.936936936936936959e+01 1.000403081475599754e+00
1.951951951951951969e+01 1.010879667855197006e+00
1.966966966966966979e+01 1.004839498326844272e+00
1.981981981981981988e+01 1.008868731112924522e+00
1.996996996996996998e+01 1.008273157179443880e+00
2.012012012012012008e+01 1.003276702963535882e+00
2.027027027027027017e+01 9.941928207412014107e-01
2.042042042042042027e+01 9.815051359835045286e-01
2.057057057057057037e+01 1.008364953125910013e+00
2.072072072072072046e+01 9.975132716517747244e-01
2.087087087087087056e+01 9.943634897299982178e-01
2.102102102102102066e+01 1.006847419731388360e+00
2.117117117117117076e+01 1.007356797664966663e+00
2.132132132132132085e+01 1.007754030163552139e+00
2.147147147147147095e+01 1.009183209993688379e+00
2.162162162162162105e+01 1.006290918430414072e+00
2.177177177177177114e+01 9.993378785157654987e-01
2.192192192192192124e+01 9.887244436800219916e-01
2.207207207207207134e+01 1.003539102597966526e+00
2.222222222222222143e+01 1.003652187135625873e+00
2.237237237237237153e+01 9.931047675972339839e-01
2.252252252252252163e+01 1.001327104188157069e+00
2.267267267267267172e+01 1.010883465894955924e+00
2.282282282282282182e+01 1.006271986842086630e+00
2.297297297297297192e+01 1.009586449452900769e+00
2.312312312312312201e+01 1.008381521740934428e+00
2.327327327327327211e+01 1.002910263894276843e+00
2.342342342342342221e+01 9.935393086940143004e-01
2.357357357357357230e+01 9.867685960503653764e-01
2.372372372372372240e+01 1.008578628819531087e+00
2.387387387387387250e+01 9.965893842182620421e-01
2.402402402402402259e+01 9.955548718390394569e-01
2.417417417417417624e+01 1.008360405927168912e+00
2.432432432432432634e+01 1.006494039443896149e+00
2.447447447447447644e+01 1.008239238938693605e+00
2.462462462462462653e+01 1.009302265577671331e+00
2.477477477477477663e+01 1.005998738915526047e+00
2.492492492492492673e+01 9.986116988871939215e-01
2.507507507507507682e+01 9.875209092595407245e-01
2.522522522522522692e+01 1.005016019136324879e+00
2.537537537537537702e+01 1.002841987021221293e+00
2.552552552552552712e+01 9.930745017848818801e-01
2.567567567567567721e+01 1.002343461060579033e+00
2.582582582582582731e+01 1.010949504430997070e+00
2.597597597597597741e+01 1.006569794599447176e+00
2.612612612612612750e+01 1.009583088692261654e+00
2.627627627627627760e+01 1.008187664717275833e+00
2.642642642642642770e+01 1.002592217965226462e+00
2.657657657657657779e+01 9.931296964367262170e-01
2.672672672672672789e+01 9.904279134824606201e-01
2.687687687687687799e+01 1.007838488102109853e+00
2.702702702702702808e+01 9.955264893363311440e-01
2.717717717717717818e+01 9.963025183926146333e-01
2.732732732732732828e+01 1.009040887154912802e+00
2.747747747747747837e+01 1.005172223687088806e+00
2.762762762762762847e+01 1.008781277796163112e+00
2.777777777777777857e+01 1.009412132390976602e+00
2.792792792792792866e+01 1.005647913383695080e+00
2.807807807807807876e+01 9.978113846132652398e-01
2.822822822822822886e+01 9.863463708129162066e-01
2.837837837837837895e+01 1.006823454112942384e+00
2.852852852852852905e+01 1.001994348252497335e+00
2.867867867867867915e+01 9.932118581223194909e-01
2.882882882882882924e+01 1.003397015062757136e+00
2.897897897897897934e+01 1.010523879892148091e+00
2.912912912912912944e+01 1.006857272910639534e+00
2.927927927927927954e+01 1.009570150573024350e+00
2.942942942942942963e+01 1.007855328701588782e+00
2.957957957957957973e+01 1.001978282128792808e+00
2.972972972972972983e+01 9.922839319283113246e-01
2.987987987987987992e+01 9.938779821587659935e-01
3.003003003003003002e+01 1.007387578791985927e+00
3.018018018018018012e+01 9.948704079578722936e-01
3.033033033033033021e+01 9.972504165444500135e-01
3.048048048048048031e+01 1.009943209341131354e+00
3.063063063063063041e+01 1.004184204304504391e+00
3.078078078078078050e+01 1.008960563181708903e+00
3.093093093093093060e+01 1.009251945215507540e+00
3.108108108108108070e+01 1.005234771872795863e+00
3.123123123123123079e+01 9.971835877981484186e-01
3.138138138138138089e+01 9.855154124380549607e-01
3.153153153153153099e+01 1.007191277405485641e+00
3.168168168168168108e+01 1.000557195273212630e+00
3.183183183183183118e+01 9.933858252380343146e-01
3.198198198198198128e+01 1.004569298478290351e+00
3.213213213213213493e+01 1.010061671704223896e+00
3.228228228228228147e+01 1.007284768050749069e+00
3.243243243243243512e+01 1.009691457809862580e+00
3.258258258258258167e+01 1.007628645511166265e+00
3.273273273273273531e+01 1.001357605368132564e+00
3.288288288288288186e+01 9.912723633538378376e-01
3.303303303303303551e+01 9.971801757430018842e-01
3.318318318318318205e+01 1.007067140237066338e+00
3.333333333333333570e+01 9.943501175120306179e-01
3.348348348348348225e+01 9.980627522479810221e-01
3.363363363363363590e+01 1.010114788078494641e+00
3.378378378378378244e+01 1.004712586157922694e+00
3.393393393393393609e+01 1.009152598918445776e+00
3.408408408408408263e+01 1.009073857020462039e+00
3.423423423423423628e+01 1.004714607493339296e+00
3.438438438438438283e+01 9.964011002118438043e-01
3.453453453453453648e+01 9.845547174797586454e-01
3.468468468468468302e+01 1.008112098868506834e+00
3.483483483483483667e+01 9.994994318107630615e-01
3.498498498498498321e+01 9.937840941915748738e-01
3.513513513513513686e+01 1.005795680964102878e+00
3.528528528528528341e+01 1.009848677379046489e+00
3.543543543543543706e+01 1.007637374617420312e+00
3.558558558558558360e+01 1.009643839000158749e+00
3.573573573573573725e+01 1.007264503021274127e+00
3.588588588588588379e+01 1.000737790317089537e+00
3.603603603603603744e+01 9.904119057802673876e-01
3.618618618618618399e+01 9.991530905780536820e-01
3.633633633633633764e+01 1.005792819710086272e+00
3.648648648648648418e+01 9.937441354492551060e-01
3.663663663663663783e+01 9.991859781073221258e-01
3.678678678678678438e+01 1.010601898087119199e+00
3.693693693693693803e+01 1.005141173491860496e+00
3.708708708708708457e+01 1.009297285003360134e+00
3.723723723723723822e+01 1.008940924433801900e+00
3.738738738738738476e+01 1.004268493191943001e+00
3.753753753753753841e+01 9.956100881806100311e-01
3.768768768768768496e+01 9.834414528277265477e-01
3.783783783783783861e+01 1.008621572895765484e+00
3.798798798798798515e+01 9.985532966118860765e-01
3.813813813813813880e+01 9.941810774495624115e-01
3.828828828828828534e+01 1.006456303564814636e+00
3.843843843843843899e+01 1.008657334963834806e+00
3.858858858858859264e+01 1.008011604675783435e+00
3.873873873873873919e+01 1.009652704110074684e+00
3.888888888888889284e+01 1.006890989110397427e+00
3.903903903903903938e+01 1.000027233901715107e+00
3.918918918918919303e+01 9.894563902471842365e-01
3.933933933933933957e+01 1.002001534648055081e+00
3.948948948948949322e+01 1.005098278836093151e+00
3.963963963963963977e+01 9.934624457250154084e-01
3.978978978978979342e+01 1.000298806818536335e+00
3.993993993993993996e+01 1.011042391111612870e+00
4.009009009009009361e+01 1.005661935011771480e+00
4.024024024024024015e+01 1.009396390737542726e+00
4.039039039039039380e+01 1.008671684908832855e+00
4.054054054054054035e+01 1.003708821586002387e+00
4.069069069069069400e+01 9.948108664348456198e-01
4.084084084084084054e+01 9.824802697476775482e-01
4.099099099099099419e+01 1.008279538077653026e+00
4.114114114114114074e+01 9.973475149267523321e-01
4.129129129129129439e+01 9.948141666077157108e-01
4.144144144144144093e+01 1.007614591064021514e+00
4.159159159159159458e+01 1.007916958686270403e+00
4.174174174174174112e+01 1.008233695084063131e+00
4.189189189189189477e+01 1.009593478113941956e+00
4.204204204204204132e+01 1.006560085611470257e+00
4.219219219219219497e+01 9.993968874201824004e-01
4.234234234234234151e+01 9.885111533400088302e-01
4.249249249249249516e+01 1.003715762216541574e+00
4.264264264264264170e+01 1.004058264985316695e+00
4.279279279279279535e+01 9.932007261851487634e-01
4.294294294294294190e+01 1.001215870109350092e+00
4.309309309309309555e+01 1.010748494538932896e+00
4.324324324324324209e+01 1.006147525819603317e+00
4.339339339339339574e+01 1.009561702390306070e+00
4.354354354354354228e+01 1.008473524407025534e+00
4.369369369369369593e+01 1.003138357679566273e+00
4.384384384384384248e+01 9.939223587923324832e-01
4.399399399399399613e+01 9.872753110795833287e-01
4.414414414414414267e+01 1.008636784878775838e+00
4.429429429429429632e+01 9.965710468974477987e-01
4.444444444444444287e+01 9.955326620347199063e-01
4.459459459459459651e+01 1.008433662424079946e+00
4.474474474474474306e+01 1.006824552581517151e+00
4.489489489489489671e+01 1.008510982036044057e+00
4.504504504504504325e+01 1.009466044598310352e+00
4.519519519519519690e+01 1.006090154845618700e+00
4.534534534534534345e+01 9.986640142518390384e-01
4.549549549549549710e+01 9.875646607443471225e-01
4.564564564564564364e+01 1.005046227578513029e+00
4.579579579579579729e+01 1.002763459070053376e+00
4.594594594594594383e+01 9.931289667479741290e-01
4.609609609609609748e+01 1.002538654762631154e+00
4.624624624624624403e+01 1.011027149675947534e+00
4.639639639639639768e+01 1.006511425275110838e+00
4.654654654654654422e+01 1.009590549618372135e+00
4.669669669669669787e+01 1.008223551661976858e+00
4.684684684684684441e+01 1.002620144996436924e+00
4.699699699699699806e+01 9.931151570532872341e-01
4.714714714714714461e+01 9.904123841524057337e-01
4.729729729729729826e+01 1.007989421832610644e+00
4.744744744744744480e+01 9.956316797962059262e-01
4.759759759759759845e+01 9.962582912150611536e-01
4.774774774774774500e+01 1.008959524431624510e+00
4.789789789789789864e+01 1.005179600052955813e+00
4.804804804804804519e+01 1.008789168247472556e+00
4.819819819819819884e+01 1.009423565191898131e+00
4.834834834834835249e+01 1.005688074974338875e+00
4.849849849849849903e+01 9.979042268787328140e-01
4.864864864864865268e+01 9.865132927292135090e-01
4.879879879879879923e+01 1.006841855100269356e+00
4.894894894894895288e+01 1.001928714894052330e+00
4.909909909909909942e+01 9.932233588394965285e-01
4.924924924924925307e+01 1.003475752975804713e+00
4.939939939939939961e+01 1.010620841908164813e+00
4.954954954954955326e+01 1.006960538251424397e+00
4.969969969969969981e+01 1.009637384257056958e+00
4.984984984984985346e+01 1.007882992014732526e+00
5.000000000000000000e+01 1.001963132367353460e+00
5.015015015015015365e+01 9.922235699633279449e-01
5.030030030030030019e+01 9.938516963836977469e-01
5.045045045045045384e+01 1.007407317227281718e+00
5.060060060060060039e+01 9.948778601463315052e-01
5.075075075075075404e+01 9.972673978250221616e-01
5.090090090090090058e+01 1.009943947679795784e+00
5.105105105105105423e+01 1.004115266699798559e+00
5.120120120120120077e+01 1.008926717337799817e+00
5.135135135135135442e+01 1.009245135581579911e+00
5.150150150150150097e+01 1.005247832066658020e+00
5.165165165165165462e+01 9.972098533000630649e-01
5.180180180180180116e+01 9.855482612848855961e-01
5.195195195195195481e+01 1.007223291174250024e+00
5.210210210210210136e+01 1.000579396562732315e+00
5.225225225225225500e+01 9.933782901137120369e-01
5.240240240240240155e+01 1.004546661907321781e+00
5.255255255255255520e+01 1.010071953657170063e+00
5.270270270270270174e+01 1.007319893822951951e+00
5.285285285285285539e+01 1.009706888298072425e+00
5.300300300300300194e+01 1.007635899784097289e+00
5.315315315315315559e+01 1.001367252092035809e+00
5.330330330330330213e+01 9.912939181031388269e-01
5.345345345345345578e+01 9.972114300267627129e-01
5.360360360360360232e+01 1.007029303888298699e+00
5.375375375375375597e+01 9.943350728026587593e-01
5.390390390390390252e+01 9.980994094189528099e-01
5.405405405405405617e+01 1.010149906097116412e+00
5.420420420420420271e+01 1.004722000755809974e+00
5.435435435435435636e+01 1.009164191553499013e+00
5.450450450450450290e+01 1.009080682120672590e+00
5.465465465465465655e+01 1.004709844465426549e+00
5.480480480480480310e+01 9.963786890700783161e-01
5.495495495495495675e+01 9.845097113002959643e-01
5.510510510510510329e+01 1.008129953453714034e+00
5.525525525525525694e+01 9.995174855793582669e-01
5.540540540540540349e+01 9.937828830103523359e-01
5.555555555555555713e+01 1.005781865379715478e+00
5.570570570570570368e+01 1.009826727313214212e+00
5.585585585585585733e+01 1.007625220004421340e+00
5.600600600600600387e+01 1.009636890917634977e+00
5.615615615615615752e+01 1.007264707354139421e+00
5.630630630630630407e+01 1.000747514973858499e+00
5.645645645645645772e+01 9.904334063773443386e-01
5.660660660660660426e+01 9.991809638653404990e-01
5.675675675675675791e+01 1.005781798020149109e+00
5.690690690690690445e+01 9.937359847564799509e-01
5.705705705705705810e+01 9.991883942585388922e-01
5.720720720720720465e+01 1.010612384638167383e+00
5.735735735735735830e+01 1.005168148586508492e+00
5.750750750750750484e+01 1.009311070731705007e+00
5.765765765765765849e+01 1.008944477922162353e+00
5.780780780780781214e+01 1.004264317530519257e+00
5.795795795795795868e+01 9.956001310364952506e-01
5.810810810810811233e+01 9.834275945344038705e-01
5.825825825825825888e+01 1.008612646110297550e+00
5.840840840840841253e+01 9.985366024650528249e-01
5.855855855855855907e+01 9.941870678358227797e-01
5.870870870870871272e+01 1.006469604150970865e+00
5.885885885885885926e+01 1.008643491940559356e+00
5.900900900900901291e+01 1.008000852436182981e+00
5.915915915915915946e+01 1.009648585160848988e+00
5.930930930930931311e+01 1.006889172270861499e+00
5.945945945945945965e+01 1.000023565973227946e+00
5.960960960960961330e+01 9.894473243704888787e-01
5.975975975975975985e+01 1.002020541035149481e+00
5.990990990990991349e+01 1.005111589630300672e+00
6.006006006006006004e+01 9.934713470350797770e-01
6.021021021021021369e+01 1.000300791508901721e+00
6.036036036036036023e+01 1.011035347495309544e+00
6.051051051051051388e+01 1.005665564122244948e+00
6.066066066066066043e+01 1.009396334414504048e+00
6.081081081081081408e+01 1.008670211595614763e+00
6.096096096096096062e+01 1.003708690720412244e+00
6.111111111111111427e+01 9.948149657120747280e-01
6.126126126126126081e+01 9.825170513748757717e-01
6.141141141141141446e+01 1.008276436934055775e+00
6.156156156156156101e+01 9.973408015336415744e-01
6.171171171171171466e+01 9.948231763269483885e-01
6.186186186186186120e+01 1.007629572004272278e+00
6.201201201201201485e+01 1.007925664418272804e+00
6.216216216216216139e+01 1.008246554237378856e+00
6.231231231231231504e+01 1.009598722514604363e+00
6.246246246246246159e+01 1.006558436330644568e+00
6.261261261261261524e+01 9.993887107268057957e-01
6.276276276276276178e+01 9.884966814252063028e-01
6.291291291291291543e+01 1.003717966937784034e+00
6.306306306306306197e+01 1.004046715623958530e+00
6.321321321321321562e+01 9.931929746050136565e-01
6.336336336336336217e+01 1.001218120149707458e+00
6.351351351351351582e+01 1.010745289677151382e+00
6.366366366366366236e+01 1.006149004876214725e+00
6.381381381381381601e+01 1.009561887209424080e+00
6.396396396396396256e+01 1.008472002675986801e+00
6.411411411411411621e+01 1.003134606809642282e+00
6.426426426426426985e+01 9.939163432686251021e-01
6.441441441441440929e+01 9.872967818078708380e-01
6.456456456456456294e+01 1.008633468875099082e+00
6.471471471471471659e+01 9.965582239031580691e-01
6.486486486486487024e+01 9.955250544310612071e-01
6.501501501501500968e+01 1.008427890071879274e+00
6.516516516516516333e+01 1.006812582981414295e+00
6.531531531531531698e+01 1.008511249167909352e+00
6.546546546546547063e+01 1.009463785515166245e+00
6.561561561561561007e+01 1.006086012224502113e+00
6.576576576576576372e+01 9.986590195006269655e-01
6.591591591591591737e+01 9.875599800886969426e-01
6.606606606606607102e+01 1.005055332867401674e+00
6.621621621621621046e+01 1.002752031099990448e+00
6.636636636636636410e+01 9.931266692902025461e-01
6.651651651651651775e+01 1.002546410124669052e+00
6.666666666666667140e+01 1.011026567286684941e+00
6.681681681681681084e+01 1.006510780134421079e+00
6.696696696696696449e+01 1.009588086210096103e+00
6.711711711711711814e+01 1.008219422614841321e+00
6.726726726726727179e+01 1.002614447840286527e+00
6.741741741741742544e+01 9.931076626222777870e-01
6.756756756756756488e+01 9.904282240026134332e-01
6.771771771771771853e+01 1.007983310943962429e+00
6.786786786786787218e+01 9.956262139956288948e-01
6.801801801801802583e+01 9.962639851223158427e-01
6.816816816816816527e+01 1.008963391919551311e+00
6.831831831831831892e+01 1.005168122439507705e+00
6.846846846846847257e+01 1.008786895142445905e+00
6.861861861861862621e+01 1.009420419160724114e+00
6.876876876876876565e+01 1.005683878495229777e+00
6.891891891891891930e+01 9.978985925685088798e-01
6.906906906906907295e+01 9.865060575866810844e-01
6.921921921921922660e+01 1.006846471891977179e+00
6.936936936936936604e+01 1.001923027972874358e+00
6.951951951951951969e+01 9.932248640333075640e-01
6.966966966966967334e+01 1.003480679559630495e+00
6.981981981981982699e+01 1.010616027881052759e+00
6.996996996996996643e+01 1.006963305446396895e+00
7.012012012012012008e+01 1.009637984948176914e+00
7.027027027027027373e+01 1.007881165318218919e+00
7.042042042042042738e+01 1.001958972470387010e+00
7.057057057057056682e+01 9.922176162838453051e-01
7.072072072072072046e+01 9.938751507578518218e-01
7.087087087087087411e+01 1.007406669583349457e+00
7.102102102102102776e+01 9.948750246998021574e-01
7.117117117117116720e+01 9.972732709269367390e-01
7.132132132132132085e+01 1.009948156606335967e+00
7.147147147147147450e+01 1.004124851595850076e+00
7.162162162162162815e+01 1.008930792073748695e+00
7.177177177177176759e+01 1.009244247290475904e+00
7.192192192192192124e+01 1.005243097716517653e+00
7.207207207207207489e+01 9.972025155400217056e-01
7.222222222222222854e+01 9.855394468896103710e-01
7.237237237237236798e+01 1.007221031435563408e+00
7.252252252252252163e+01 1.000564552493691028e+00
7.267267267267267528e+01 9.933731676837077584e-01
7.282282282282282893e+01 1.004550640747686518e+00
7.297297297297296836e+01 1.010069637397605469e+00
7.312312312312312201e+01 1.007320320805944691e+00
7.327327327327327566e+01 1.009705467365845655e+00
7.342342342342342931e+01 1.007632677055420034e+00
7.357357357357356875e+01 1.001361887315086463e+00
7.372372372372372240e+01 9.912859641645255238e-01
7.387387387387387605e+01 9.972233683014870564e-01
7.402402402402402970e+01 1.007020810001601596e+00
7.417417417417416914e+01 9.943274028844990564e-01
7.432432432432432279e+01 9.981012782093945379e-01
7.447447447447447644e+01 1.010147034249557985e+00
7.462462462462463009e+01 1.004720644381074557e+00
7.477477477477476953e+01 1.009162407098566305e+00
7.492492492492492318e+01 1.009078176822328921e+00
7.507507507507507682e+01 1.004706290089073750e+00
7.522522522522523047e+01 9.963740317244034195e-01
7.537537537537536991e+01 9.845042310511065153e-01
7.552552552552552356e+01 1.008137300049585905e+00
7.567567567567567721e+01 9.995120229292329128e-01
7.582582582582583086e+01 9.937868228210624544e-01
7.597597597597597030e+01 1.005788067143179143e+00
7.612612612612612395e+01 1.009820520942081190e+00
7.627627627627627760e+01 1.007625571683933074e+00
7.642642642642643125e+01 1.009634734201089401e+00
7.657657657657657069e+01 1.007260375766698690e+00
7.672672672672672434e+01 1.000741556375928987e+00
7.687687687687687799e+01 9.904261595437703347e-01
7.702702702702703164e+01 9.991938460480602746e-01
7.717717717717718529e+01 1.005775943140919004e+00
7.732732732732732472e+01 9.937359240542498195e-01
7.747747747747747837e+01 9.991986583092042906e-01
7.762762762762763202e+01 1.010618108886176092e+00
7.777777777777778567e+01 1.005170764935769956e+00
7.792792792792792511e+01 1.009311475675699121e+00
7.807807807807807876e+01 1.008943047154299277e+00
7.822822822822823241e+01 1.004261188060762366e+00
7.837837837837838606e+01 9.955951296767331371e-01
7.852852852852852550e+01 9.834205363164548741e-01
7.867867867867867915e+01 1.008610153382272223e+00
7.882882882882883280e+01 9.985306876509179030e-01
7.897897897897898645e+01 9.941883519336101038e-01
7.912912912912912589e+01 1.006472510930926489e+00
7.927927927927927954e+01 1.008638025230170765e+00
7.942942942942943318e+01 1.008007967860385268e+00
7.957957957957958683e+01 1.009650749592404084e+00
7.972972972972972627e+01 1.006887110291529108e+00
7.987987987987987992e+01 1.000018244360115549e+00
8.003003003003003357e+01 9.894402007148566103e-01
8.018018018018018722e+01 1.002034323774696478e+00
8.033033033033032666e+01 1.005100764296044780e+00
8.048048048048048031e+01 9.934603617673968268e-01
8.063063063063063396e+01 1.000299307457249043e+00
8.078078078078078761e+01 1.011032309773330695e+00
8.093093093093092705e+01 1.005669170549992941e+00
8.108108108108108070e+01 1.009396883428581804e+00
8.123123123123123435e+01 1.008667463464307357e+00
8.138138138138138800e+01 1.003702816730082770e+00
8.153153153153152743e+01 9.948063900330126330e-01
8.168168168168168108e+01 9.825453351530253343e-01
8.183183183183183473e+01 1.008274467223987614e+00
8.198198198198198838e+01 9.973292916571425692e-01
8.213213213213212782e+01 9.948239088351554793e-01
8.228228228228228147e+01 1.007634270778255070e+00
8.243243243243243512e+01 1.007915693059975526e+00
8.258258258258258877e+01 1.008241621291955825e+00
8.273273273273272821e+01 1.009594021245241668e+00
8.288288288288288186e+01 1.006553952754271064e+00
8.303303303303303551e+01 9.993841942029305647e-01
8.318318318318318916e+01 9.884914897889676144e-01
8.333333333333332860e+01 1.003721409270242670e+00
8.348348348348348225e+01 1.004039676955674087e+00
8.363363363363363590e+01 9.931944193534394394e-01
8.378378378378378954e+01 1.001225688529532309e+00
8.393393393393392898e+01 1.010743704626416051e+00
8.408408408408408263e+01 1.006149520576052669e+00
8.423423423423423628e+01 1.009560950540208113e+00
8.438438438438438993e+01 1.008469858658063156e+00
8.453453453453452937e+01 1.003131276992344389e+00
8.468468468468468302e+01 9.939118889599648510e-01
8.483483483483483667e+01 9.873224529974298225e-01
8.498498498498499032e+01 1.008633724645022545e+00
8.513513513513512976e+01 9.965549821621957349e-01
8.528528528528528341e+01 9.955308145257737440e-01
8.543543543543543706e+01 1.008431684106871229e+00
8.558558558558559071e+01 1.006804201787601993e+00
8.573573573573573015e+01 1.008517919981982702e+00
8.588588588588588379e+01 1.009464624128432853e+00
8.603603603603603744e+01 1.006081638827142077e+00
8.618618618618619109e+01 9.986505596325870870e-01
8.633633633633633053e+01 9.875489385808724485e-01
8.648648648648648418e+01 1.005063087831841617e+00
8.663663663663663783e+01 1.002740079022039321e+00
8.678678678678679148e+01 9.931197982044002170e-01
8.693693693693694513e+01 1.002549161012018519e+00
8.708708708708708457e+01 1.011025714545365606e+00
8.723723723723723822e+01 1.006510078917983719e+00
8.738738738738739187e+01 1.009586265908144709e+00
8.753753753753754552e+01 1.008216243866030482e+00
8.768768768768768496e+01 1.002609604935191134e+00
8.783783783783783861e+01 9.931005922707996092e-01
8.798798798798799226e+01 9.904410292247385339e-01
8.813813813813814591e+01 1.007976474646239851e+00
8.828828828828828534e+01 9.956187015899637949e-01
8.843843843843843899e+01 9.962666503579835631e-01
8.858858858858859264e+01 1.008965596959163769e+00
8.873873873873874629e+01 1.005156829806845176e+00
8.888888888888888573e+01 1.008784815712683303e+00
8.903903903903903938e+01 1.009418263931830539e+00
8.918918918918919303e+01 1.005681649358256324e+00
8.933933933933934668e+01 9.978960583706062426e-01
8.948948948948948612e+01 9.865031824033146934e-01
8.963963963963963977e+01 1.006852849701266761e+00
8.978978978978979342e+01 1.001916560455319294e+00
8.993993993993994707e+01 9.932267503720222379e-01
9.009009009009008651e+01 1.003486672085437625e+00
9.024024024024024015e+01 1.010611257603101887e+00
9.039039039039039380e+01 1.006966822433240427e+00
9.054054054054054745e+01 1.009638419211178029e+00
9.069069069069068689e+01 1.007878389690366694e+00
9.084084084084084054e+01 1.001953184954444964e+00
9.099099099099099419e+01 9.922094113687536243e-01
9.114114114114114784e+01 9.938967877566162734e-01
9.129129129129128728e+01 1.007404885720657894e+00
9.144144144144144093e+01 9.948716213748927117e-01
9.159159159159159458e+01 9.972794165237552910e-01
9.174174174174174823e+01 1.009952383187743274e+00
9.189189189189188767e+01 1.004126062531736086e+00
9.204204204204204132e+01 1.008930622042469638e+00
9.219219219219219497e+01 1.009242446766657864e+00
9.234234234234234862e+01 1.005239737912022147e+00
9.249249249249248805e+01 9.971976337557005854e-01
9.264264264264264170e+01 9.855327958610038408e-01
9.279279279279279535e+01 1.007223945242867957e+00
9.294294294294294900e+01 1.000558024475439067e+00
9.309309309309308844e+01 9.933753531862644648e-01
9.324324324324324209e+01 1.004558079196804288e+00
9.339339339339339574e+01 1.010068583206037207e+00
9.354354354354354939e+01 1.007322253223120967e+00
9.369369369369368883e+01 1.009705237131830469e+00
9.384384384384384248e+01 1.007630922991839650e+00
9.399399399399399613e+01 1.001358909298572852e+00
9.414414414414414978e+01 9.912818593961961744e-01
9.429429429429428922e+01 9.972361967691173446e-01
9.444444444444444287e+01 1.007013954807460365e+00
9.459459459459459651e+01 9.943230489273441330e-01
9.474474474474475016e+01 9.981062523339715442e-01
9.489489489489488960e+01 1.010147840541245179e+00
9.504504504504504325e+01 1.004723623425787249e+00
9.519519519519519690e+01 1.009163903138300400e+00
9.534534534534535055e+01 1.009077634091642306e+00
9.549549549549548999e+01 1.004703282425870148e+00
9.564564564564564364e+01 9.963686475579978108e-01
9.579579579579579729e+01 9.844969221724284569e-01
9.594594594594595094e+01 1.008145342637314368e+00
9.609609609609609038e+01 9.995083104770291493e-01
9.624624624624624403e+01 9.937901572083798207e-01
9.639639639639639768e+01 1.005793526600953447e+00
9.654654654654655133e+01 1.009815513194504355e+00
9.669669669669670498e+01 1.007626216732999902e+00
9.684684684684684441e+01 1.009633945337747418e+00
9.699699699699699806e+01 1.007258181015322496e+00
9.714714714714715171e+01 1.000738330941359333e+00
9.729729729729730536e+01 9.904221395159320540e-01
9.744744744744744480e+01 9.992094759290898187e-01
9.759759759759759845e+01 1.005771592922174440e+00
9.774774774774775210e+01 9.937360167396799282e-01
9.789789789789790575e+01 9.992081026221482087e-01
9.804804804804804519e+01 1.010623870997793938e+00
9.819819819819819884e+01 1.005173554791516155e+00
9.834834834834835249e+01 1.009312169034375373e+00
9.849849849849850614e+01 1.008942209117959177e+00
9.864864864864864558e+01 1.004259115193396168e+00
9.879879879879879923e+01 9.955917237330274006e-01
9.894894894894895288e+01 9.834156026517042459e-01
9.909909909909910652e+01 1.008609730336608168e+00
9.924924924924924596e+01 9.985249147197892139e-01
9.939939939939939961e+01 9.941938650159285462e-01
9.954954954954955326e+01 1.006479992303449311e+00
9.969969969969970691e+01 1.008632569047496430e+00
9.984984984984984635e+01 1.008011006461450698e+00
1.000000000000000000e+02 1.009651772088667077e+00
1.001501501501501536e+02 1.006885809953505628e+00
1.003003003003003073e+02 1.000014387602896182e+00
1.004504504504504467e+02 9.894338601881489392e-01
1.006006006006006004e+02 1.002051550479528874e+00
1.007507507507507540e+02 1.005098368548429155e+00
1.009009009009009077e+02 9.934602086092407802e-01
1.010510510510510471e+02 1.000305740030810853e+00
1.012012012012012008e+02 1.011032201904850547e+00
1.013513513513513544e+02 1.005676172763812826e+00
1.015015015015015081e+02 1.009399842229166566e+00
1.016516516516516475e+02 1.008666621867922775e+00
1.018018018018018012e+02 1.003698855756538499e+00
1.019519519519519548e+02 9.948003459838736795e-01
1.021021021021021085e+02 9.825717906018722747e-01
1.022522522522522479e+02 1.008273137939309505e+00
1.024024024024024015e+02 9.973197516003816654e-01
1.025525525525525552e+02 9.948247565947352378e-01
1.027027027027027088e+02 1.007640054737718449e+00
1.028528528528528483e+02 1.007912576297899099e+00
1.030030030030030019e+02 1.008246034624689091e+00
1.031531531531531556e+02 1.009593987685939220e+00
1.033033033033033092e+02 1.006550450958233256e+00
1.034534534534534487e+02 9.993780408361663259e-01
1.036036036036036023e+02 9.884832798115488206e-01
1.037537537537537560e+02 1.003725315613972269e+00
1.039039039039039096e+02 1.004023976228864967e+00
1.040540540540540491e+02 9.931851313074155918e-01
1.042042042042042027e+02 1.001227975661053149e+00
1.043543543543543564e+02 1.010740668768386197e+00
1.045045045045045100e+02 1.006147811118053070e+00
1.046546546546546494e+02 1.009558872345929004e+00
1.048048048048048031e+02 1.008466906320665268e+00
1.049549549549549567e+02 1.003126681100780182e+00
1.051051051051051104e+02 9.939050566899112482e-01
1.052552552552552498e+02 9.873455691497640130e-01
1.054054054054054035e+02 1.008633118941604678e+00
1.055555555555555571e+02 9.965495992030571903e-01
1.057057057057057108e+02 9.955340536922767658e-01
1.058558558558558644e+02 1.008432073720007649e+00
1.060060060060060039e+02 1.006789296207803552e+00
1.061561561561561575e+02 1.008512608101828079e+00
1.063063063063063112e+02 1.009460876245395156e+00
1.064564564564564648e+02 1.006078828837616790e+00
1.066066066066066043e+02 9.986482736747719358e-01
1.067567567567567579e+02 9.875467122559191679e-01
1.069069069069069116e+02 1.005078133724191192e+00
1.070570570570570652e+02 1.002742390624416613e+00
1.072072072072072046e+02 9.931300033287897566e-01
1.073573573573573583e+02 1.002562508509724948e+00
1.075075075075075119e+02 1.011028859160132853e+00
1.076576576576576656e+02 1.006515552668439062e+00
1.078078078078078050e+02 1.009587664596390155e+00
1.079579579579579587e+02 1.008214622004343752e+00
1.081081081081081123e+02 1.002606178874260623e+00
1.082582582582582660e+02 9.930963219504203021e-01
1.084084084084084054e+02 9.904572015311453592e-01
1.085585585585585591e+02 1.007970991960214002e+00
1.087087087087087127e+02 9.956149157214444489e-01
1.088588588588588664e+02 9.962743656704560191e-01
1.090090090090090058e+02 1.008973910528115026e+00
1.091591591591591595e+02 1.005154600549795552e+00
1.093093093093093131e+02 1.008789617375055236e+00
1.094594594594594668e+02 1.009419636669248277e+00
1.096096096096096062e+02 1.005679470666494879e+00
1.097597597597597598e+02 9.978901066260041919e-01
1.099099099099099135e+02 9.864935576155970942e-01
1.100600600600600671e+02 1.006859907883288052e+00
1.102102102102102066e+02 1.001908558104362301e+00
1.103603603603603602e+02 9.932242424025332639e-01
1.105105105105105139e+02 1.003489705552335298e+00
1.106606606606606675e+02 1.010605333271535899e+00
1.108108108108108070e+02 1.006967698925937738e+00
1.109609609609609606e+02 1.009638537177419693e+00
1.111111111111111143e+02 1.007877098894149892e+00
1.112612612612612679e+02 1.001950237153367285e+00
1.114114114114114074e+02 9.922050346729270887e-01
1.115615615615615610e+02 9.939216291941308512e-01
1.117117117117117147e+02 1.007405437643176249e+00
1.118618618618618683e+02 9.948695896091417357e-01
1.120120120120120077e+02 9.972854747023739419e-01
1.121621621621621614e+02 1.009956165244062953e+00
1.123123123123123150e+02 1.004131122202378101e+00
1.124624624624624687e+02 1.008932205121793935e+00
1.126126126126126081e+02 1.009241347843818026e+00
1.127627627627627618e+02 1.005237022347722498e+00
1.129129129129129154e+02 9.971942381146493561e-01
1.130630630630630691e+02 9.855291961654624178e-01
1.132132132132132085e+02 1.007225213140406916e+00
1.133633633633633622e+02 1.000549017677591301e+00
1.135135135135135158e+02 9.933768341237634303e-01
1.136636636636636695e+02 1.004566533523284511e+00
1.138138138138138089e+02 1.010069091559499421e+00
1.139639639639639626e+02 1.007322706236943644e+00
1.141141141141141162e+02 1.009704868978130055e+00
1.142642642642642699e+02 1.007629564232225272e+00
1.144144144144144093e+02 1.001355952877475808e+00
1.145645645645645629e+02 9.912765655587443270e-01
1.147147147147147166e+02 9.972500289524173223e-01
1.148648648648648702e+02 1.007010490425219729e+00
1.150150150150150097e+02 9.943219681358385076e-01
1.151651651651651633e+02 9.981130958848249968e-01
1.153153153153153170e+02 1.010148600589341861e+00
1.154654654654654706e+02 1.004727378177309394e+00
1.156156156156156243e+02 1.009165756830937566e+00
1.157657657657657637e+02 1.009077467398535655e+00
1.159159159159159174e+02 1.004701019862888511e+00
1.160660660660660710e+02 9.963646075827186088e-01
1.162162162162162247e+02 9.844919528522610985e-01
1.163663663663663641e+02 1.008151780430493361e+00
1.165165165165165178e+02 9.995034729667324758e-01
1.166666666666666714e+02 9.937921556853911431e-01
1.168168168168168251e+02 1.005798267231311716e+00
1.169669669669669645e+02 1.009812422568315382e+00
1.171171171171171181e+02 1.007631716715731152e+00
1.172672672672672718e+02 1.009635120321410007e+00
1.174174174174174254e+02 1.007255759767024861e+00
1.175675675675675649e+02 1.000733215810146959e+00
1.177177177177177185e+02 9.904151647845802486e-01
1.178678678678678722e+02 9.992222509740000813e-01
1.180180180180180258e+02 1.005762051249447619e+00
1.181681681681681653e+02 9.937292080134932926e-01
1.183183183183183189e+02 9.992129194267419523e-01
1.184684684684684726e+02 1.010627417296824149e+00
1.186186186186186262e+02 1.005174770540161688e+00
1.187687687687687657e+02 1.009311751393971113e+00
1.189189189189189193e+02 1.008940246972741539e+00
1.190690690690690730e+02 1.004255556525129656e+00
1.192192192192192266e+02 9.955862688024509355e-01
1.193693693693693660e+02 9.834079132014299507e-01
1.195195195195195197e+02 1.008606976940406685e+00
1.196696696696696733e+02 9.985166833660419350e-01
1.198198198198198270e+02 9.941950171843103590e-01
1.199699699699699664e+02 1.006482994468055336e+00
1.201201201201201201e+02 1.008623224970018883e+00
1.202702702702702737e+02 1.008011212075485385e+00
1.204204204204204274e+02 1.009650660934667821e+00
1.205705705705705668e+02 1.006883268455909253e+00
1.207207207207207205e+02 1.000010392463773767e+00
1.208708708708708741e+02 9.894287897192499681e-01
1.210210210210210278e+02 1.002068040502814394e+00
1.211711711711711672e+02 1.005093546728676346e+00
1.213213213213213209e+02 9.934583907369523015e-01
1.214714714714714745e+02 1.000311235459919068e+00
1.216216216216216282e+02 1.011031234546794000e+00
1.217717717717717676e+02 1.005673736510792393e+00
1.219219219219219212e+02 1.009397899217819639e+00
1.220720720720720749e+02 1.008664280430061400e+00
1.222222222222222285e+02 1.003695613494365313e+00
1.223723723723723680e+02 9.947958134188703561e-01
1.225225225225225216e+02 9.825978921477249717e-01
1.226726726726726753e+02 1.008277931676091477e+00
1.228228228228228289e+02 9.973217706581711806e-01
1.229729729729729684e+02 9.948360456630614967e-01
1.231231231231231220e+02 1.007650353469391469e+00
1.232732732732732757e+02 1.007909570283307854e+00
1.234234234234234293e+02 1.008244546137699871e+00
1.235735735735735688e+02 1.009593015839242103e+00
1.237237237237237224e+02 1.006550177385473699e+00
1.238738738738738761e+02 9.993781113536137628e-01
1.240240240240240297e+02 9.884829345478853835e-01
1.241741741741741691e+02 1.003734310865093793e+00
1.243243243243243228e+02 1.004022643766189660e+00
1.244744744744744764e+02 9.931919476061588092e-01
1.246246246246246301e+02 1.001240064634553395e+00
1.247747747747747695e+02 1.010745120840331523e+00
1.249249249249249232e+02 1.006150753869580194e+00
1.250750750750750768e+02 1.009561456295264836e+00
1.252252252252252305e+02 1.008468749535552877e+00
1.253753753753753841e+02 1.003127047298618901e+00
1.255255255255255236e+02 9.939033711465881105e-01
1.256756756756756772e+02 9.873730366816918513e-01
1.258258258258258309e+02 1.008639191981852257e+00
1.259759759759759845e+02 9.965531209599327589e-01
1.261261261261261239e+02 9.955449979354118462e-01
1.262762762762762776e+02 1.008439492201869125e+00
1.264264264264264312e+02 1.006784396810737725e+00
1.265765765765765849e+02 1.008518890076302021e+00
1.267267267267267243e+02 1.009464247047644481e+00
1.268768768768768780e+02 1.006079227901803375e+00
1.270270270270270316e+02 9.986463002229502006e-01
1.271771771771771853e+02 9.875432206517836820e-01
1.273273273273273247e+02 1.005092979885671811e+00
1.274774774774774784e+02 1.002740205037464971e+00
1.276276276276276320e+02 9.931322460300067156e-01
1.277777777777777857e+02 1.002571019159585353e+00
1.279279279279279251e+02 1.011033229164530756e+00
1.280780780780780788e+02 1.006520609404687683e+00
1.282282282282282324e+02 1.009590311656637596e+00
1.283783783783783861e+02 1.008215233315382875e+00
1.285285285285285397e+02 1.002605142142888761e+00
1.286786786786786934e+02 9.930937462207716226e-01
1.288288288288288186e+02 9.904749688756354642e-01
1.289789789789789722e+02 1.007967081819727273e+00
1.291291291291291259e+02 9.956108125061065017e-01
1.292792792792792795e+02 9.962811947969371085e-01
1.294294294294294332e+02 1.008980947100384995e+00
1.295795795795795868e+02 1.005149351242042410e+00
1.297297297297297405e+02 1.008791896436821212e+00
1.298798798798798941e+02 1.009421090504082130e+00
1.300300300300300194e+02 1.005679878875031630e+00
1.301801801801801730e+02 9.978891489977299578e-01
1.303303303303303267e+02 9.864911763041770421e-01
1.304804804804804803e+02 1.006866423035825076e+00
1.306306306306306340e+02 1.001905804055418292e+00
1.307807807807807876e+02 9.932265153565269511e-01
1.309309309309309413e+02 1.003494571026598559e+00
1.310810810810810949e+02 1.010602113380890232e+00
1.312312312312312201e+02 1.006974020902820843e+00
1.313813813813813738e+02 1.009641595187918295e+00
1.315315315315315274e+02 1.007877029337695962e+00
1.316816816816816811e+02 1.001947620752329016e+00
1.318318318318318347e+02 9.922009677613358170e-01
1.319819819819819884e+02 9.939380255285186205e-01
1.321321321321321420e+02 1.007403487018049493e+00
1.322822822822822957e+02 9.948643994785719702e-01
1.324324324324324209e+02 9.972868362160742794e-01
1.325825825825825746e+02 1.009958601210410700e+00
1.327327327327327282e+02 1.004137393405064138e+00
1.328828828828828819e+02 1.008935171496771588e+00
1.330330330330330355e+02 1.009241294497140506e+00
1.331831831831831892e+02 1.005234662165650494e+00
1.333333333333333428e+02 9.971902809328039297e-01
1.334834834834834965e+02 9.855240703823302528e-01
1.336336336336336217e+02 1.007226931779627410e+00
1.337837837837837753e+02 1.000537200785536207e+00
1.339339339339339290e+02 9.933744381361382381e-01
1.340840840840840826e+02 1.004572218428522845e+00
1.342342342342342363e+02 1.010067018889728274e+00
1.343843843843843899e+02 1.007323871778672331e+00
1.345345345345345436e+02 1.009704126849487071e+00
1.346846846846846972e+02 1.007627199723309275e+00
1.348348348348348509e+02 1.001351871040481400e+00
1.349849849849849761e+02 9.912705838515833978e-01
1.351351351351351298e+02 9.972618850073597940e-01
1.352852852852852834e+02 1.007002789690874645e+00
1.354354354354354371e+02 9.943164629494349871e-01
1.355855855855855907e+02 9.981170703054063065e-01
1.357357357357357444e+02 1.010147526294851383e+00
1.358858858858858980e+02 1.004727782391950042e+00
1.360360360360360517e+02 1.009165270249954727e+00
1.361861861861861769e+02 1.009075671969467125e+00
1.363363363363363305e+02 1.004697517055296974e+00
1.364864864864864842e+02 9.963593813676685507e-01
1.366366366366366378e+02 9.844853812963976214e-01
1.367867867867867915e+02 1.008157675105116002e+00
1.369369369369369451e+02 9.994992945885690094e-01
1.370870870870870988e+02 9.937947924617533957e-01
1.372372372372372524e+02 1.005802636754344448e+00
1.373873873873873777e+02 1.009807346096698311e+00
1.375375375375375313e+02 1.007634301481184602e+00
1.376876876876876850e+02 1.009634782838955358e+00
1.378378378378378386e+02 1.007252842567226470e+00
1.379879879879879923e+02 1.000728481768397016e+00
1.381381381381381459e+02 9.904094253009080306e-01
1.382882882882882996e+02 9.992357997401392078e-01
1.384384384384384532e+02 1.005754386911816178e+00
1.385885885885885784e+02 9.937252534487560629e-01
1.387387387387387321e+02 9.992193905633506290e-01
1.388888888888888857e+02 1.010631712294536522e+00
1.390390390390390394e+02 1.005182277270531888e+00
1.391891891891891930e+02 1.009314132509534501e+00
1.393393393393393467e+02 1.008938533280729466e+00
1.394894894894895003e+02 1.004250580925811098e+00
1.396396396396396540e+02 9.955786585178911796e-01
1.397897897897897792e+02 9.833983130839051290e-01
1.399399399399399329e+02 1.008601170837136074e+00
1.400900900900900865e+02 9.985022086837388455e-01
1.402402402402402402e+02 9.941918908722569004e-01
1.403903903903903938e+02 1.006485038375600105e+00
1.405405405405405475e+02 1.008613999006897188e+00
1.406906906906907011e+02 1.008010591856875804e+00
1.408408408408408548e+02 1.009649066209615142e+00
1.409909909909909800e+02 1.006879900767215341e+00
1.411411411411411336e+02 1.000004527299570123e+00
1.412912912912912873e+02 9.894201992929798628e-01
1.414414414414414409e+02 1.002082207106437250e+00
1.415915915915915946e+02 1.005089125197725419e+00
1.417417417417417482e+02 9.934557506506508373e-01
1.418918918918919019e+02 1.000314730038700306e+00
1.420420420420420555e+02 1.011027320558834930e+00
1.421921921921921808e+02 1.005671894736804184e+00
1.423423423423423344e+02 1.009395649744347034e+00
1.424924924924924881e+02 1.008661408412978133e+00
1.426426426426426417e+02 1.003692302367965805e+00
1.427927927927927954e+02 9.947924202600630927e-01
1.429429429429429490e+02 9.826288166939560753e-01
1.430930930930931027e+02 1.008279748953469390e+00
1.432432432432432563e+02 9.973183599474325645e-01
1.433933933933933815e+02 9.948432400179967328e-01
1.435435435435435352e+02 1.007658900863583229e+00
1.436936936936936888e+02 1.007906699445777043e+00
1.438438438438438425e+02 1.008245459547056244e+00
1.439939939939939961e+02 1.009591508787586189e+00
1.441441441441441498e+02 1.006546845468428542e+00
1.442942942942943034e+02 9.993733086850649094e-01
1.444444444444444571e+02 9.884766281467234350e-01
1.445945945945946107e+02 1.003740438336340635e+00
1.447447447447447360e+02 1.004014908567775421e+00
1.448948948948948896e+02 9.931931660393299444e-01
1.450450450450450433e+02 1.001249827572189499e+00
1.451951951951951969e+02 1.010746543823302090e+00
1.453453453453453506e+02 1.006158817603228561e+00
1.454954954954955042e+02 1.009564845652134224e+00
1.456456456456456579e+02 1.008467811066761310e+00
1.457957957957958115e+02 1.003122197706598495e+00
1.459459459459459367e+02 9.938953738411940853e-01
1.460960960960960904e+02 9.873932023015032922e-01
1.462462462462462440e+02 1.008636126067678829e+00
1.463963963963963977e+02 9.965428212234050953e-01
1.465465465465465513e+02 9.955425145812777377e-01
1.466966966966967050e+02 1.008438474858686540e+00
1.468468468468468586e+02 1.006774045164221310e+00
1.469969969969970123e+02 1.008521009734920426e+00
1.471471471471471375e+02 1.009463388228934333e+00
1.472972972972972912e+02 1.006075418465294691e+00
1.474474474474474448e+02 9.986399699048839063e-01
1.475975975975975985e+02 9.875349672720492578e-01
1.477477477477477521e+02 1.005102553099805451e+00
1.478978978978979058e+02 1.002730737710214814e+00
1.480480480480480594e+02 9.931276352372158112e-01
1.481981981981982130e+02 1.002574507747611365e+00
1.483483483483483383e+02 1.011031141275134493e+00
1.484984984984984919e+02 1.006524667481210500e+00
1.486486486486486456e+02 1.009590003911357226e+00
1.487987987987987992e+02 1.008211656295299186e+00
1.489489489489489529e+02 1.002599533932686970e+00
1.490990990990991065e+02 9.930870912894315117e-01
1.492492492492492602e+02 9.904897751679597739e-01
1.493993993993994138e+02 1.007955133198862319e+00
1.495495495495495391e+02 9.955970901386141936e-01
1.496996996996996927e+02 9.962806937763390991e-01
1.498498498498498464e+02 1.008982893774740042e+00
1.500000000000000000e+02 1.005138644454400154e+00
