0.000000000000000000e+00 9.961628235636930118e-01
1.501501501501501523e-01 9.439509723022556642e-01
3.003003003003003046e-01 8.903081732706564777e-01
4.504504504504504570e-01 7.992424787313658907e-01
6.006006006006006093e-01 7.485930350752055817e-01
7.507507507507507061e-01 7.760706837656048407e-01
9.009009009009009139e-01 7.996619618847664590e-01
1.051051051051051122e+00 8.147453811114397926e-01
1.201201201201201219e+00 6.852825653697297570e-01
1.351351351351351315e+00 6.332057413746843277e-01
1.501501501501501412e+00 6.969161930913363445e-01
1.651651651651651731e+00 7.223521563161385828e-01
1.801801801801801828e+00 6.867419882460720215e-01
1.951951951951951925e+00 6.521694058050564458e-01
2.102102102102102243e+00 6.278115075040104909e-01
2.252252252252252340e+00 6.784547949473902495e-01
2.402402402402402437e+00 6.624440121571739670e-01
2.552552552552552534e+00 5.926470809382986538e-01
2.702702702702702631e+00 5.750471092196275391e-01
2.852852852852852727e+00 6.198597993951944218e-01
3.003003003003002824e+00 6.625607799880521842e-01
3.153153153153153365e+00 6.910650918397984732e-01
3.303303303303303462e+00 5.601086506453127889e-01
3.453453453453453559e+00 4.021553953124746839e-01
3.603603603603603656e+00 3.250111173904716155e-01
3.753753753753753752e+00 3.243777729135544075e-01
3.903903903903903849e+00 2.857979361168057064e-01
4.054054054054054390e+00 2.606246847603259642e-01
4.204204204204204487e+00 2.510765544973914132e-01
4.354354354354354584e+00 3.475822301411963244e-01
4.504504504504504681e+00 4.741921053922950047e-01
4.654654654654654777e+00 5.472946453716854842e-01
4.804804804804804874e+00 5.612368859221978923e-01
4.954954954954954971e+00 5.744751538777571609e-01
5.105105105105105068e+00 5.995416875135712864e-01
5.255255255255255165e+00 6.170234216071912581e-01
5.405405405405405261e+00 5.245633770885398395e-01
5.555555555555555358e+00 4.030578223314154052e-01
5.705705705705705455e+00 2.565168376715193932e-01
5.855855855855855552e+00 2.351788940799866001e-01
6.006006006006005649e+00 2.834385886675144239e-01
6.156156156156156634e+00 3.401283067923656089e-01
6.306306306306306730e+00 3.569521613617745448e-01
6.456456456456456827e+00 1.712212112802323216e-01
6.606606606606606924e+00 2.275536979079068045e-01
6.756756756756757021e+00 3.962517364709858825e-01
6.906906906906907118e+00 4.266037990841466399e-01
7.057057057057057214e+00 4.152752379585689102e-01
7.207207207207207311e+00 4.251638047682189114e-01
7.357357357357357408e+00 4.399978598309437494e-01
7.507507507507507505e+00 3.966765487279558799e-01
7.657657657657657602e+00 3.446840416034839816e-01
7.807807807807807698e+00 2.919789802659649158e-01
7.957957957957957795e+00 3.098994969803429145e-01
8.108108108108108780e+00 3.644654522738031699e-01
8.258258258258258877e+00 4.253024256558177729e-01
8.408408408408408974e+00 4.401201588382055441e-01
8.558558558558559071e+00 2.644939629391005464e-01
8.708708708708709167e+00 1.279571293890847117e-01
8.858858858858859264e+00 2.289507358755758504e-01
9.009009009009009361e+00 2.541819595731645842e-01
9.159159159159159458e+00 2.507649390264359290e-01
9.309309309309309555e+00 2.794846651475454968e-01
9.459459459459459651e+00 2.947646314134613199e-01
9.609609609609609748e+00 2.559526801117085193e-01
9.759759759759759845e+00 2.885185232547814449e-01
9.909909909909909942e+00 3.471626653159450848e-01
1.006006006006006004e+01 3.708552968077019063e-01
1.021021021021021014e+01 4.013211327780664694e-01
1.036036036036036023e+01 4.475132058916090338e-01
1.051051051051051033e+01 4.557552400691687877e-01
1.066066066066066043e+01 3.291502538947972956e-01
1.081081081081081052e+01 2.166372504243850305e-01
1.096096096096096062e+01 2.021601078702650045e-01
1.111111111111111072e+01 2.236390275743490585e-01
1.126126126126126081e+01 2.594314808347586432e-01
1.141141141141141091e+01 3.160679673160358139e-01
1.156156156156156101e+01 3.149382321082905278e-01
1.171171171171171110e+01 1.900446768876095649e-01
1.186186186186186120e+01 2.111455081918843790e-01
1.201201201201201130e+01 3.240421670432613865e-01
1.216216216216216317e+01 3.423864563377260195e-01
1.231231231231231327e+01 3.598333805848674682e-01
1.246246246246246336e+01 3.992152599808896918e-01
1.261261261261261346e+01 4.014336303467746503e-01
1.276276276276276356e+01 3.021795993746889675e-01
1.291291291291291365e+01 2.355663770428147452e-01
1.306306306306306375e+01 2.461251696195942973e-01
1.321321321321321385e+01 2.719037946726596267e-01
1.336336336336336394e+01 3.151204274720402765e-01
1.351351351351351404e+01 3.732376861970014836e-01
1.366366366366366414e+01 3.636526127707817579e-01
1.381381381381381424e+01 2.193517119150413253e-01
1.396396396396396433e+01 1.685623305968523278e-01
1.411411411411411443e+01 2.709391417086919329e-01
1.426426426426426453e+01 2.843367601588293603e-01
1.441441441441441462e+01 3.051908099882917336e-01
1.456456456456456472e+01 3.499602516335276747e-01
1.471471471471471482e+01 3.435614569684016795e-01
1.486486486486486491e+01 2.530737804303552774e-01
1.501501501501501501e+01 2.332882262351700098e-01
1.516516516516516511e+01 2.914744314410715464e-01
1.531531531531531520e+01 3.103042751413204736e-01
1.546546546546546530e+01 3.458479512921055488e-01
1.561561561561561540e+01 3.980969821375489603e-01
1.576576576576576549e+01 3.822545659535557250e-01
1.591591591591591559e+01 2.557825317283403121e-01
1.606606606606606746e+01 1.913569646639933508e-01
1.621621621621621756e+01 2.555475652911665119e-01
1.636636636636636766e+01 2.686529061652283001e-01
1.651651651651651775e+01 3.006661475804051631e-01
1.666666666666666785e+01 3.531694765228081678e-01
1.681681681681681795e+01 3.328108344142923780e-01
1.696696696696696804e+01 2.252376470927039409e-01
1.711711711711711814e+01 2.154969273223316661e-01
1.726726726726726824e+01 2.998291241586564793e-01
1.741741741741741833e+01 3.098827600782019243e-01
1.756756756756756843e+01 3.405130334932416347e-01
1.771771771771771853e+01 3.900312891326547238e-01
1.786786786786786863e+01 3.673118295678357015e-01
1.801801801801801872e+01 2.555154239067325417e-01
1.816816816816816882e+01 2.079466747955470429e-01
1.831831831831831892e+01 2.677976007824337534e-01
1.846846846846846901e+01 2.803361684272051013e-01
1.861861861861861911e+01 3.177312367829483453e-01
1.876876876876876921e+01 3.726044509049696307e-01
1.891891891891891930e+01 3.400873073427829740e-01
1.906906906906906940e+01 2.210542616005505001e-01
1.921921921921921950e+01 1.997800415913561500e-01
1.936936936936936959e+01 2.908551839871588718e-01
1.951951951951951969e+01 2.950413223534178453e-01
1.966966966966966979e+01 3.260376934934055559e-01
1.981981981981981988e+01 3.763770684067890837e-01
1.996996996996996998e+01 3.460313916230681741e-01
2.012012012012012008e+01 2.422289763512178451e-01
2.027027027027027017e+01 2.148483152710354283e-01
2.042042042042042027e+01 2.860596732818329047e-01
2.057057057057057037e+01 2.942645353714227197e-01
2.072072072072072046e+01 3.316104300447096920e-01
2.087087087087087056e+01 3.857243955838798311e-01
2.102102102102102066e+01 3.443766494461733552e-01
2.117117117117117076e+01 2.294229117287452380e-01
2.132132132132132085e+01 2.023987827850755039e-01
2.147147147147147095e+01 2.833509785372276268e-01
2.162162162162162105e+01 2.876408144298672198e-01
2.177177177177177114e+01 3.221695804536618413e-01
2.192192192192192124e+01 3.749104450998606008e-01
2.207207207207207134e+01 3.322930193015808942e-01
2.222222222222222143e+01 2.277869711267320185e-01
2.237237237237237153e+01 2.145922556307031659e-01
2.252252252252252163e+01 2.931214492074615263e-01
2.267267267267267172e+01 3.003262421338212529e-01
2.282282282282282182e+01 3.364196875524481101e-01
2.297297297297297192e+01 3.894946914055035236e-01
2.312312312312312201e+01 3.417052239354657628e-01
2.327327327327327211e+01 2.336520806081548995e-01
2.342342342342342221e+01 2.090033356569930278e-01
2.357357357357357230e+01 2.800627937219168917e-01
2.372372372372372240e+01 2.885809826712382731e-01
2.387387387387387250e+01 3.264050005758893924e-01
2.402402402402402259e+01 3.809601297981323742e-01
2.417417417417417624e+01 3.263246948603626407e-01
2.432432432432432634e+01 2.195107354335618099e-01
2.447447447447447644e+01 2.113861834532109463e-01
2.462462462462462653e+01 2.899705779243378911e-01
2.477477477477477663e+01 2.974912102720868035e-01
2.492492492492492673e+01 3.339260662916930800e-01
2.507507507507507682e+01 3.872090309476865500e-01
2.522522522522522692e+01 3.305446460549972820e-01
2.537537537537537702e+01 2.283493235845410474e-01
2.552552552552552712e+01 2.147904999583877261e-01
2.567567567567567721e+01 2.849254369503005924e-01
2.582582582582582731e+01 2.953600454430354572e-01
2.597597597597597741e+01 3.341333323703343794e-01
2.612612612612612750e+01 3.888418765987945447e-01
2.627627627627627760e+01 3.257814333588812117e-01
2.642642642642642770e+01 2.203116172372425741e-01
2.657657657657657779e+01 2.116218089870683383e-01
2.672672672672672789e+01 2.841518483804288397e-01
2.687687687687687799e+01 2.939591181174282530e-01
2.702702702702702808e+01 3.323744372014985071e-01
2.717717717717717818e+01 3.868383498256802167e-01
2.732732732732732828e+01 3.197675911316858466e-01
2.747747747747747837e+01 2.211595508987108383e-01
2.762762762762762847e+01 2.183758353082012882e-01
2.777777777777777857e+01 2.878321208287911159e-01
2.792792792792792866e+01 2.990485926303612652e-01
2.807807807807807876e+01 3.381622347706053633e-01
2.822822822822822886e+01 3.928767197444166248e-01
2.837837837837837895e+01 3.203899799439463569e-01
2.852852852852852905e+01 2.191839491211375890e-01
2.867867867867867915e+01 2.159712558836403007e-01
2.882882882882882924e+01 2.839777193295059399e-01
2.897897897897897934e+01 2.961282313712640946e-01
2.912912912912912944e+01 3.360703487454162475e-01
2.927927927927927954e+01 3.911844119617722271e-01
2.942942942942942963e+01 3.152327098771943725e-01
2.957957957957957973e+01 2.174915165864670374e-01
2.972972972972972983e+01 2.187395352493418099e-01
2.987987987987987992e+01 2.857439044121067862e-01
3.003003003003003002e+01 2.983533154667907805e-01
3.018018018018018012e+01 3.385850948711367492e-01
3.033033033033033021e+01 3.939021258255734903e-01
3.048048048048048031e+01 3.117474964090725109e-01
3.063063063063063041e+01 2.159646835840790535e-01
3.078078078078078050e+01 2.211050020772946378e-01
3.093093093093093060e+01 2.850145448493731637e-01
3.108108108108108070e+01 2.989336067831034338e-01
3.123123123123123079e+01 3.399011744333796381e-01
3.138138138138138089e+01 3.953932225538073220e-01
3.153153153153153099e+01 3.095161577444419110e-01
3.168168168168168108e+01 2.138982489261150588e-01
3.183183183183183118e+01 2.210278302262901617e-01
3.198198198198198128e+01 2.855856978912725830e-01
3.213213213213213493e+01 2.997371352639566222e-01
3.228228228228228147e+01 3.409847428761917376e-01
3.243243243243243512e+01 3.966871223337972152e-01
3.258258258258258167e+01 3.064033932807991301e-01
3.273273273273273531e+01 2.144245438968450101e-01
3.288288288288288186e+01 2.244375606411911916e-01
3.303303303303303551e+01 2.845032576048633355e-01
3.318318318318318205e+01 3.001536942638057814e-01
3.333333333333333570e+01 3.422760398612123556e-01
3.348348348348348225e+01 3.983198615267561360e-01
3.363363363363363590e+01 3.026535280887407975e-01
3.378378378378378244e+01 2.108994221188616458e-01
3.393393393393393609e+01 2.248862046330479258e-01
3.408408408408408263e+01 2.851360084459731992e-01
3.423423423423423628e+01 3.010374853217174795e-01
3.438438438438438283e+01 3.434216032959586107e-01
3.453453453453453648e+01 3.995918651575838254e-01
3.468468468468468302e+01 2.993330327481301678e-01
3.483483483483483667e+01 2.111637538797033198e-01
3.498498498498498321e+01 2.283296971001654851e-01
3.513513513513513686e+01 2.859540229085195673e-01
3.528528528528528341e+01 3.028669443548190898e-01
3.543543543543543706e+01 3.456757869309887710e-01
3.558558558558558360e+01 4.019247371489442777e-01
3.573573573573573725e+01 2.983641034955050730e-01
3.588588588588588379e+01 2.098152399168781157e-01
3.603603603603603744e+01 2.278753299776070107e-01
3.618618618618618399e+01 2.836614806623548035e-01
3.633633633633633764e+01 3.016541777599091589e-01
3.648648648648648418e+01 3.454461316465942677e-01
3.663663663663663783e+01 4.022536202147672935e-01
3.678678678678678438e+01 2.922644668335210305e-01
3.693693693693693803e+01 2.083893653322479167e-01
3.708708708708708457e+01 2.322926180509825578e-01
3.723723723723723822e+01 2.860987291342702021e-01
3.738738738738738476e+01 3.043224263719360723e-01
3.753753753753753841e+01 3.479520026985316594e-01
3.768768768768768496e+01 4.045551468615758428e-01
3.783783783783783861e+01 2.911408178081886788e-01
3.798798798798798515e+01 2.072723697547336486e-01
3.813813813813813880e+01 2.329160244259285695e-01
3.828828828828828534e+01 2.853637390695708542e-01
3.843843843843843899e+01 3.048806211351645645e-01
3.858858858858859264e+01 3.494386534482458728e-01
3.873873873873873919e+01 4.063972014585301995e-01
3.888888888888889284e+01 2.889723072834935458e-01
3.903903903903903938e+01 2.078225844749453932e-01
3.918918918918919303e+01 2.346525968392593753e-01
3.933933933933933957e+01 2.844324398120818831e-01
3.948948948948949322e+01 3.045358610479192984e-01
3.963963963963963977e+01 3.494956610015967913e-01
3.978978978978979342e+01 4.067727582332371083e-01
3.993993993993993996e+01 2.832649439082268183e-01
4.009009009009009361e+01 2.048433706204642601e-01
4.024024024024024015e+01 2.382164538862431569e-01
4.039039039039039380e+01 2.860705265632337291e-01
4.054054054054054035e+01 3.069652634555437576e-01
4.069069069069069400e+01 3.522502384263436759e-01
4.084084084084084054e+01 4.092349829599013500e-01
4.099099099099099419e+01 2.828236639661979024e-01
4.114114114114114074e+01 2.059332820158156219e-01
4.129129129129129439e+01 2.391337401254911843e-01
4.144144144144144093e+01 2.857973651843313534e-01
4.159159159159159458e+01 3.073762925237252253e-01
4.174174174174174112e+01 3.531626890558539067e-01
4.189189189189189477e+01 4.059045270492996904e-01
4.204204204204204132e+01 2.792940227830218447e-01
4.219219219219219497e+01 2.044763325384111596e-01
4.234234234234234151e+01 2.414572051863385083e-01
4.249249249249249516e+01 2.848772687473273280e-01
4.264264264264264170e+01 3.075712881518687380e-01
4.279279279279279535e+01 3.539869381140408056e-01
4.294294294294294190e+01 4.012375525659762632e-01
4.309309309309309555e+01 2.757512404828240671e-01
4.324324324324324209e+01 2.039969565787065342e-01
4.339339339339339574e+01 2.442079229984484012e-01
4.354354354354354228e+01 2.864250341082276163e-01
4.369369369369369593e+01 3.094189008787823214e-01
4.384384384384384248e+01 3.560252697947523526e-01
4.399399399399399613e+01 3.986520205075102519e-01
4.414414414414414267e+01 2.730048415928028049e-01
4.429429429429429632e+01 2.035383969119395897e-01
4.444444444444444287e+01 2.466718208282066838e-01
4.459459459459459651e+01 2.864961116878080860e-01
4.474474474474474306e+01 3.105255142615339636e-01
4.489489489489489671e+01 3.575835720665923034e-01
4.504504504504504325e+01 3.961682371395605085e-01
4.519519519519519690e+01 2.720558138398077586e-01
4.534534534534534345e+01 2.034164909726244308e-01
4.549549549549549710e+01 2.473715599475539151e-01
4.564564564564564364e+01 2.853435029617729102e-01
4.579579579579579729e+01 3.102061675078314207e-01
4.594594594594594383e+01 3.580040856434585361e-01
4.609609609609609748e+01 3.903923298460831859e-01
4.624624624624624403e+01 2.662637306179952423e-01
4.639639639639639768e+01 2.028939675967658673e-01
4.654654654654654422e+01 2.521605035797984673e-01
4.669669669669669787e+01 2.872263966788514700e-01
4.684684684684684441e+01 3.125423632563089082e-01
4.699699699699699806e+01 3.602917105965368072e-01
4.714714714714714461e+01 3.890875017858670404e-01
4.729729729729729826e+01 2.656173819473517383e-01
4.744744744744744480e+01 2.022354004231605162e-01
4.759759759759759845e+01 2.528417987674495548e-01
4.774774774774774500e+01 2.870692732462465369e-01
4.789789789789789864e+01 3.133090051048773583e-01
4.804804804804804519e+01 3.617610734258104310e-01
4.819819819819819884e+01 3.852041783713304746e-01
4.834834834834835249e+01 2.632179126786335921e-01
4.849849849849849903e+01 2.034081848899797762e-01
4.864864864864865268e+01 2.554012478854562618e-01
4.879879879879879923e+01 2.863296466719921218e-01
4.894894894894895288e+01 3.133858886364112584e-01
4.909909909909909942e+01 3.622306034728435264e-01
4.924924924924925307e+01 3.809625105955340429e-01
4.939939939939939961e+01 2.586088008453945597e-01
4.954954954954955326e+01 2.015110817710904501e-01
4.969969969969969981e+01 2.587612597610280951e-01
4.984984984984985346e+01 2.878850081706347264e-01
5.000000000000000000e+01 3.154553188227475768e-01
5.015015015015015365e+01 3.645713241904473545e-01
5.030030030030030019e+01 3.780762674193926531e-01
5.045045045045045384e+01 2.576046504925388891e-01
5.060060060060060039e+01 2.034189693940989807e-01
5.075075075075075404e+01 2.608762361096339522e-01
5.090090090090090058e+01 2.882685423496966770e-01
5.105105105105105423e+01 3.165460119666638761e-01
5.120120120120120077e+01 3.659822944882088480e-01
5.135135135135135442e+01 3.758054337868133588e-01
5.150150150150150097e+01 2.552154473539847146e-01
5.165165165165165462e+01 2.020167113960051331e-01
5.180180180180180116e+01 2.624642884722673264e-01
5.195195195195195481e+01 2.871264412571091218e-01
5.210210210210210136e+01 3.164786317055915399e-01
5.225225225225225500e+01 3.666162787436648141e-01
5.240240240240240155e+01 3.701309999355758551e-01
5.255255255255255520e+01 2.514625476461861409e-01
5.270270270270270174e+01 2.034899119540513057e-01
5.285285285285285539e+01 2.666424802235889957e-01
5.300300300300300194e+01 2.891982028133734395e-01
5.315315315315315559e+01 3.186968651614927595e-01
5.330330330330330213e+01 3.687944076516389558e-01
5.345345345345345578e+01 3.683806989367876539e-01
5.360360360360360232e+01 2.493113725459939756e-01
5.375375375375375597e+01 2.026734236142027634e-01
5.390390390390390252e+01 2.685455626877945035e-01
5.405405405405405617e+01 2.891944842268827087e-01
5.420420420420420271e+01 3.197771505510956236e-01
5.435435435435435636e+01 3.704128849017076508e-01
5.450450450450450290e+01 3.654468701535114050e-01
5.465465465465465655e+01 2.486905858769991873e-01
5.480480480480480310e+01 2.039561583231693231e-01
5.495495495495495675e+01 2.700409506804392623e-01
5.510510510510510329e+01 2.885126585943588173e-01
5.525525525525525694e+01 3.197195470023725949e-01
5.540540540540540349e+01 3.708514681345486119e-01
5.555555555555555713e+01 3.599993709267171882e-01
5.570570570570570368e+01 2.431622077262844961e-01
5.585585585585585733e+01 2.038821956814995118e-01
5.600600600600600387e+01 2.748757067573907586e-01
5.615615615615615752e+01 2.903709650866348468e-01
5.630630630630630407e+01 3.221167156808607546e-01
5.645645645645645772e+01 3.732837152738885944e-01
5.660660660660660426e+01 3.585795849485328701e-01
5.675675675675675791e+01 2.433216690898414858e-01
5.690690690690690445e+01 2.045717819225502665e-01
5.705705705705705810e+01 2.759516969998651592e-01
5.720720720720720465e+01 2.905132161061045326e-01
5.735735735735735830e+01 3.229492742736495003e-01
5.750750750750750484e+01 3.746340881467997708e-01
5.765765765765765849e+01 3.549085401603412349e-01
5.780780780780781214e+01 2.405351772086396778e-01
5.795795795795795868e+01 2.053381269045856383e-01
5.810810810810811233e+01 2.786358956255918784e-01
5.825825825825825888e+01 2.899788842686970014e-01
5.840840840840841253e+01 3.233036718682948951e-01
5.855855855855855907e+01 3.753542595441762275e-01
5.870870870870871272e+01 3.506421552394102803e-01
5.885885885885885926e+01 2.374057689588175979e-01
5.900900900900901291e+01 2.056366696636994784e-01
5.915915915915915946e+01 2.823042349808646545e-01
5.930930930930931311e+01 2.916818403449643049e-01
5.945945945945945965e+01 3.253303454120268778e-01
5.960960960960961330e+01 3.775914803923530183e-01
5.975975975975975985e+01 3.477074533878612428e-01
5.990990990990991349e+01 2.357641430849134467e-01
6.006006006006006004e+01 2.072584486433625139e-01
6.021021021021021369e+01 2.847209079303896773e-01
6.036036036036036023e+01 2.922195960921117330e-01
6.051051051051051388e+01 3.266069101350243531e-01
6.066066066066066043e+01 3.790903132555030752e-01
6.081081081081081408e+01 3.459017376263164856e-01
6.096096096096096062e+01 2.346186435773817136e-01
6.111111111111111427e+01 2.067436257158969948e-01
6.126126126126126081e+01 2.860593280064314126e-01
6.141141141141141446e+01 2.913536863010864897e-01
6.156156156156156101e+01 3.266479638740908409e-01
6.171171171171171466e+01 3.797947461411079750e-01
6.186186186186186120e+01 3.397391558141364953e-01
6.201201201201201485e+01 2.307949009756777303e-01
6.216216216216216139e+01 2.094661074118269739e-01
6.231231231231231504e+01 2.875416077952034355e-01
6.246246246246246159e+01 2.935356155990408444e-01
6.261261261261261524e+01 3.289781096611182898e-01
6.276276276276276178e+01 3.819710234433786322e-01
6.291291291291291543e+01 3.386759518870159913e-01
6.306306306306306197e+01 2.295465112178767808e-01
6.321321321321321562e+01 2.088173889282086138e-01
6.336336336336336217e+01 2.867116325086904727e-01
6.351351351351351582e+01 2.936936546671058412e-01
6.366366366366366236e+01 3.300925199728110826e-01
6.381381381381381601e+01 3.836317509788583768e-01
6.396396396396396256e+01 3.353006060167954550e-01
6.411411411411411621e+01 2.289249804158445811e-01
6.426426426426426985e+01 2.110646999736003893e-01
6.441441441441440929e+01 2.854139676649088964e-01
6.456456456456456294e+01 2.933116274812344604e-01
6.471471471471471659e+01 3.302875795806685666e-01
6.486486486486487024e+01 3.841494215331211493e-01
6.501501501501500968e+01 3.304567354327757611e-01
6.516516516516516333e+01 2.242833975631421950e-01
6.531531531531531698e+01 2.115213549561995032e-01
6.546546546546547063e+01 2.865777858337090755e-01
6.561561561561561007e+01 2.951498545676289886e-01
6.576576576576576372e+01 3.325952919600414504e-01
6.591591591591591737e+01 3.865515587360621730e-01
6.606606606606607102e+01 3.285248388273246389e-01
6.621621621621621046e+01 2.248662068955965265e-01
6.636636636636636410e+01 2.135421108458844808e-01
6.651651651651651775e+01 2.863398043246338509e-01
6.666666666666667140e+01 2.957624115405870224e-01
6.681681681681681084e+01 3.337358045303024934e-01
6.696696696696696449e+01 3.879952655915479554e-01
6.711711711711711814e+01 3.257069342761430564e-01
6.726726726726727179e+01 2.223277346687271283e-01
6.741741741741742544e+01 2.138152785543236956e-01
6.756756756756756488e+01 2.846009508162078427e-01
6.771771771771771853e+01 2.951847109095225852e-01
6.786786786786787218e+01 3.341121402954096986e-01
6.801801801801802583e+01 3.888113307091536908e-01
6.816816816816816527e+01 3.209207593612815046e-01
6.831831831831831892e+01 2.203961689647844224e-01
6.846846846846847257e+01 2.162744301900207111e-01
6.861861861861862621e+01 2.862741222755041948e-01
6.876876876876876565e+01 2.971895454355200084e-01
6.891891891891891930e+01 3.361996086763299751e-01
6.906906906906907295e+01 3.909346224729132180e-01
6.921921921921922660e+01 3.184448159409518642e-01
6.936936936936936604e+01 2.184822876717159024e-01
6.951951951951951969e+01 2.173734658424550936e-01
6.966966966966967334e+01 2.856430809673724536e-01
6.981981981981982699e+01 2.978157707100131946e-01
6.996996996996996643e+01 3.376537539924430176e-01
7.012012012012012008e+01 3.926350967228890432e-01
7.027027027027027373e+01 3.167641368950340763e-01
7.042042042042042738e+01 2.185655921394011325e-01
7.057057057057056682e+01 2.180540881638133310e-01
7.072072072072072046e+01 2.843501178052303402e-01
7.087087087087087411e+01 2.972134171982224182e-01
7.102102102102102776e+01 3.377120167922330607e-01
7.117117117117116720e+01 3.932183778629574911e-01
7.132132132132132085e+01 3.105042246799045169e-01
7.147147147147147450e+01 2.147730214283651295e-01
7.162162162162162815e+01 2.213375481825047564e-01
7.177177177177176759e+01 2.858621646202667566e-01
7.192192192192192124e+01 2.995044282997235685e-01
7.207207207207207489e+01 3.402298832375042492e-01
7.222222222222222854e+01 3.955670483857438580e-01
7.237237237237236798e+01 3.099450373691025606e-01
7.252252252252252163e+01 2.148448267583903393e-01
7.267267267267267528e+01 2.214577865071321594e-01
7.282282282282282893e+01 2.853821542360765462e-01
7.297297297297296836e+01 2.998354765869892802e-01
7.312312312312312201e+01 3.412987705794827686e-01
7.327327327327327566e+01 3.971149597457029889e-01
7.342342342342342931e+01 3.063100078543174454e-01
7.357357357357356875e+01 2.137686228608058903e-01
7.372372372372372240e+01 2.239184920270149426e-01
7.387387387387387605e+01 2.842340707979723047e-01
7.402402402402402970e+01 2.997427898052255069e-01
7.417417417417416914e+01 3.417885459297091977e-01
7.432432432432432279e+01 3.978064274753246865e-01
7.447447447447447644e+01 3.021613518238971396e-01
7.462462462462463009e+01 2.110114308093920532e-01
7.477477477477476953e+01 2.254796154080431769e-01
7.492492492492492318e+01 2.855940146486217746e-01
7.507507507507507682e+01 3.015845482489888374e-01
7.522522522522523047e+01 3.439956830921996334e-01
7.537537537537536991e+01 4.001582716568650167e-01
7.552552552552552356e+01 2.997052589988056237e-01
7.567567567567567721e+01 2.112146833869738005e-01
7.582582582582583086e+01 2.279662332512074618e-01
7.597597597597597030e+01 2.855116555466513661e-01
7.612612612612612395e+01 3.024614114106124463e-01
7.627627627627627760e+01 3.453207962794843100e-01
7.642642642642643125e+01 4.016082718832445497e-01
7.657657657657657069e+01 2.978460610909722805e-01
7.672672672672672434e+01 2.096054901521401392e-01
7.687687687687687799e+01 2.282257815417781943e-01
7.702702702702703164e+01 2.840525876775008007e-01
7.717717717717718529e+01 3.020048062382741372e-01
7.732732732732732472e+01 3.457471582976027191e-01
7.747747747747747837e+01 4.025161447653642366e-01
7.762762762762763202e+01 2.924987182931544361e-01
7.777777777777778567e+01 2.086529548669393552e-01
7.792792792792792511e+01 2.322914031953680070e-01
7.807807807807807876e+01 2.858538963156166401e-01
7.822822822822823241e+01 3.042047694294957028e-01
7.837837837837838606e+01 3.479304515284516452e-01
7.852852852852852550e+01 4.045873524866017146e-01
7.867867867867867915e+01 2.908407648793154276e-01
7.882882882882883280e+01 2.069250870342257131e-01
7.897897897897898645e+01 2.329140566522297784e-01
7.912912912912912589e+01 2.854434976182250727e-01
7.927927927927927954e+01 3.048907775927574004e-01
7.942942942942943318e+01 3.494004485833095419e-01
7.957957957957958683e+01 4.063339220613624292e-01
7.972972972972972627e+01 2.888980413552095783e-01
7.987987987987987992e+01 2.080132544849907505e-01
8.003003003003003357e+01 2.348814529053269706e-01
8.018018018018018722e+01 2.845038565538959285e-01
8.033033033033032666e+01 3.047021574063436544e-01
8.048048048048048031e+01 3.497139409170902935e-01
8.063063063063063396e+01 4.070091623888726362e-01
8.078078078078078761e+01 2.832575878589183582e-01
8.093093093093092705e+01 2.046855964354306889e-01
8.108108108108108070e+01 2.380850516694192898e-01
8.123123123123123435e+01 2.859174433583335784e-01
8.138138138138138800e+01 3.068115189579607160e-01
8.153153153153152743e+01 3.521065703023060767e-01
8.168168168168168108e+01 4.089356364136371713e-01
8.183183183183183473e+01 2.825801825611750084e-01
8.198198198198198838e+01 2.059483413918220263e-01
8.213213213213212782e+01 2.393851377567312588e-01
8.228228228228228147e+01 2.859549481979964947e-01
8.243243243243243512e+01 3.075609572880683151e-01
8.258258258258258877e+01 3.533520763942881171e-01
8.273273273273272821e+01 4.059203027611724135e-01
8.288288288288288186e+01 2.793304132353101599e-01
8.303303303303303551e+01 2.044738491511267631e-01
8.318318318318318916e+01 2.414214709915105672e-01
8.333333333333332860e+01 2.847676452070804221e-01
8.348348348348348225e+01 3.075067463191204498e-01
8.363363363363363590e+01 3.539582639265425046e-01
8.378378378378378954e+01 4.010339050005488071e-01
8.393393393393392898e+01 2.755423167794882611e-01
8.408408408408408263e+01 2.039345205877892142e-01
8.423423423423423628e+01 2.443505717205329275e-01
8.438438438438438993e+01 2.864931109222805250e-01
8.453453453453452937e+01 3.094933469024591655e-01
8.468468468468468302e+01 3.560975442291079429e-01
8.483483483483483667e+01 3.985540583192137554e-01
8.498498498498499032e+01 2.729529643044836806e-01
8.513513513513512976e+01 2.035538222880325376e-01
8.528528528528528341e+01 2.467374510960749223e-01
8.543543543543543706e+01 2.864758767723122879e-01
8.558558558558559071e+01 3.105549321074417279e-01
8.573573573573573015e+01 3.576442835840113466e-01
8.588588588588588379e+01 3.960474887144319611e-01
8.603603603603603744e+01 2.719361936964866389e-01
8.618618618618619109e+01 2.033689793234811360e-01
8.633633633633633053e+01 2.474386818326638204e-01
8.648648648648648418e+01 2.853486855827824797e-01
8.663663663663663783e+01 3.102184455852847189e-01
8.678678678678679148e+01 3.580193998905604191e-01
8.693693693693694513e+01 3.902387748595250727e-01
8.708708708708708457e+01 2.661548100897298541e-01
8.723723723723723822e+01 2.029144924218266033e-01
8.738738738738739187e+01 2.522865011963595361e-01
8.753753753753754552e+01 2.872785693650293792e-01
8.768768768768768496e+01 3.126269993425150329e-01
8.783783783783783861e+01 3.603916867293628923e-01
8.798798798798799226e+01 3.890107645738918318e-01
8.813813813813814591e+01 2.655767163962958199e-01
8.828828828828828534e+01 2.022497169141657114e-01
8.843843843843843899e+01 2.528902205039740281e-01
8.858858858858859264e+01 2.870476596190542073e-01
8.873873873873874629e+01 3.133125573031734223e-01
8.888888888888888573e+01 3.617816602390145908e-01
8.903903903903903938e+01 3.850538515784229787e-01
8.918918918918919303e+01 2.630730326740678970e-01
8.933933933933934668e+01 2.033855874503568972e-01
8.948948948948948612e+01 2.555238146781649844e-01
8.963963963963963977e+01 2.864122166457108709e-01
8.978978978978979342e+01 3.134629220449325349e-01
8.993993993993994707e+01 3.622967952184208418e-01
9.009009009009008651e+01 3.808554430746410868e-01
9.024024024024024015e+01 2.586170398293243244e-01
9.039039039039039380e+01 2.016319533526932384e-01
9.054054054054054745e+01 2.588540410381311441e-01
9.069069069069068689e+01 2.879034565239397825e-01
9.084084084084084054e+01 3.155240835288593004e-01
9.099099099099099419e+01 3.646710372267470968e-01
9.114114114114114784e+01 3.779967884973846060e-01
9.129129129129128728e+01 2.574797744963722157e-01
9.144144144144144093e+01 2.033442879679836501e-01
9.159159159159159458e+01 2.609329121396570805e-01
9.174174174174174823e+01 2.882357431399780734e-01
9.189189189189188767e+01 3.165257738236044172e-01
9.204204204204204132e+01 3.659682233705242038e-01
9.219219219219219497e+01 3.756304115156939294e-01
9.234234234234234862e+01 2.551048668762179172e-01
9.249249249249248805e+01 2.020505667957873674e-01
9.264264264264264170e+01 2.625970757333908057e-01
9.279279279279279535e+01 2.871928871542036021e-01
9.294294294294294900e+01 3.165720426114204122e-01
9.309309309309308844e+01 3.667232981305665329e-01
9.324324324324324209e+01 3.700674083242373458e-01
9.339339339339339574e+01 2.514120513376052468e-01
9.354354354354354939e+01 2.034811314507963820e-01
9.369369369369368883e+01 2.666761436572783195e-01
9.384384384384384248e+01 2.891478067433828625e-01
9.399399399399399613e+01 3.186765592223199661e-01
9.414414414414414978e+01 3.687909358467895693e-01
9.429429429429428922e+01 3.682163306615349185e-01
9.444444444444444287e+01 2.491725122774667289e-01
9.459459459459459651e+01 2.026649570409754797e-01
9.474474474474475016e+01 2.686766444405819243e-01
9.489489489489488960e+01 2.892654343016292651e-01
9.504504504504504325e+01 3.198534273517442683e-01
9.519519519519519690e+01 3.704895099050468099e-01
9.534534534534535055e+01 3.653691295599099664e-01
9.549549549549548999e+01 2.486880896992271495e-01
9.564564564564564364e+01 2.040370300284569116e-01
9.579579579579579729e+01 2.701064768389620507e-01
9.594594594594595094e+01 2.885033261159969942e-01
9.609609609609609038e+01 3.197507160246384483e-01
9.624624624624624403e+01 3.709045212117829116e-01
9.639639639639639768e+01 3.598963800954775305e-01
9.654654654654655133e+01 2.430332021102113993e-01
9.669669669669670498e+01 2.038290549328099499e-01
9.684684684684684441e+01 2.749627303528126010e-01
9.699699699699699806e+01 2.903681016168838669e-01
9.714714714714715171e+01 3.221281147058662198e-01
9.729729729729730536e+01 3.733037717887171536e-01
9.744744744744744480e+01 3.584186131338724102e-01
9.759759759759759845e+01 2.432404020039069803e-01
9.774774774774775210e+01 2.046413039541067624e-01
9.789789789789790575e+01 2.760733979143077943e-01
9.804804804804804519e+01 2.905779624090342184e-01
9.819819819819819884e+01 3.230296706055973965e-01
9.834834834834835249e+01 3.747187154078800431e-01
9.849849849849850614e+01 3.548342272706848100e-01
9.864864864864864558e+01 2.404862954674929776e-01
9.879879879879879923e+01 2.053433489968137238e-01
9.894894894894895288e+01 2.786965888883778941e-01
9.909909909909910652e+01 2.899690400836568704e-01
9.924924924924924596e+01 3.233259724768907106e-01
9.939939939939939961e+01 3.753946574503660427e-01
9.954954954954955326e+01 3.505221538166299333e-01
9.969969969969970691e+01 2.373264933117799624e-01
9.984984984984984635e+01 2.056673473548450981e-01
1.000000000000000000e+02 2.824040423635195141e-01
1.001501501501501536e+02 2.916987480197978932e-01
1.003003003003003073e+02 3.253609889659428434e-01
1.004504504504504467e+02 3.776291004161390630e-01
1.006006006006006004e+02 3.475744368108998339e-01
1.007507507507507540e+02 2.356720272545768102e-01
1.009009009009009077e+02 2.072952518526623988e-01
1.010510510510510471e+02 2.848376393361407577e-01
1.012012012012012008e+02 2.922529742563276800e-01
1.013513513513513544e+02 3.266705812225301209e-01
1.015015015015015081e+02 3.791675546040534361e-01
1.016516516516516475e+02 3.458066721588829995e-01
1.018018018018018012e+02 2.345613021979864321e-01
1.019519519519519548e+02 2.067585959117869687e-01
1.021021021021021085e+02 2.860377180442812972e-01
1.022522522522522479e+02 2.913542702998394018e-01
1.024024024024024015e+02 3.266651395736386854e-01
1.025525525525525552e+02 3.798214654019861358e-01
1.027027027027027088e+02 3.395982196788578378e-01
1.028528528528528483e+02 2.307004686073694799e-01
1.030030030030030019e+02 2.095117309665935623e-01
1.031531531531531556e+02 2.875403278545520247e-01
1.033033033033033092e+02 2.935709466912865828e-01
1.034534534534534487e+02 3.290382942746040706e-01
1.036036036036036023e+02 3.820403638954931180e-01
1.037537537537537560e+02 3.385803074958401160e-01
1.039039039039039096e+02 2.294999485784008086e-01
1.040540540540540491e+02 2.088478544216936517e-01
1.042042042042042027e+02 2.866995616929536861e-01
1.043543543543543564e+02 2.937063132443780700e-01
1.045045045045045100e+02 3.301246757566817513e-01
1.046546546546546494e+02 3.836754795652208561e-01
1.048048048048048031e+02 3.351631338722311781e-01
1.049549549549549567e+02 2.288407187553423705e-01
1.051051051051051104e+02 2.111204712774460424e-01
1.052552552552552498e+02 2.854555306820861227e-01
1.054054054054054035e+02 2.933673467202759233e-01
1.055555555555555571e+02 3.303481450547854914e-01
1.057057057057057108e+02 3.842069174816313271e-01
1.058558558558558644e+02 3.303805171732953072e-01
1.060060060060060039e+02 2.242944568932090932e-01
1.061561561561561575e+02 2.116006495494409667e-01
1.063063063063063112e+02 2.865673881161847070e-01
1.064564564564564648e+02 2.951810502477509868e-01
1.066066066066066043e+02 3.326585110904174414e-01
1.067567567567567579e+02 3.866326421281948700e-01
1.069069069069069116e+02 3.284026424706267266e-01
1.070570570570570652e+02 2.247728234029868766e-01
1.072072072072072046e+02 2.135742192753181112e-01
1.073573573573573583e+02 2.862939471645271627e-01
1.075075075075075119e+02 2.957535878573630539e-01
1.076576576576576656e+02 3.337528057039851337e-01
1.078078078078078050e+02 3.880244122952519747e-01
1.079579579579579587e+02 3.255732284290926426e-01
1.081081081081081123e+02 2.222220532597441733e-01
1.082582582582582660e+02 2.138317694788514911e-01
1.084084084084084054e+02 2.846198666019412737e-01
1.085585585585585591e+02 2.952198604306958130e-01
1.087087087087087127e+02 3.341581662910190209e-01
1.088588588588588664e+02 3.888614314590221888e-01
1.090090090090090058e+02 3.208057352620493630e-01
1.091591591591591595e+02 2.203773658658673140e-01
1.093093093093093131e+02 2.163605293036680033e-01
1.094594594594594668e+02 2.862560024062290043e-01
1.096096096096096062e+02 2.972154568547402675e-01
1.097597597597597598e+02 3.362534913126561387e-01
1.099099099099099135e+02 3.910003068233520729e-01
1.100600600600600671e+02 3.183462198647664110e-01
1.102102102102102066e+02 2.183945019244157293e-01
1.103603603603603602e+02 2.173806508664807846e-01
1.105105105105105139e+02 2.856330400445709072e-01
1.106606606606606675e+02 2.978224337099566466e-01
1.108108108108108070e+02 3.376741747678173589e-01
1.109609609609609606e+02 3.926618053940692521e-01
1.111111111111111143e+02 3.166303917956661551e-01
1.112612612612612679e+02 2.185459330330160876e-01
1.114114114114114074e+02 2.181665473960492374e-01
1.115615615615615610e+02 2.843733850017216569e-01
1.117117117117117147e+02 2.972727320590923261e-01
1.118618618618618683e+02 3.377915551602292954e-01
1.120120120120120077e+02 3.933056863408245785e-01
1.121621621621621614e+02 3.104305507590395807e-01
1.123123123123123150e+02 2.147064813099126279e-01
1.124624624624624687e+02 2.213475380509314916e-01
1.126126126126126081e+02 2.858189280247082631e-01
1.127627627627627618e+02 2.994912830540269466e-01
1.129129129129129154e+02 3.402406681668959099e-01
1.130630630630630691e+02 3.955897358702183952e-01
1.132132132132132085e+02 3.097964121396994952e-01
1.133633633633633622e+02 2.147895153501350740e-01
1.135135135135135158e+02 2.215446522984834410e-01
1.136636636636636695e+02 2.854126258142459793e-01
1.138138138138138089e+02 2.998888037032426679e-01
1.139639639639639626e+02 3.413634822813181868e-01
1.141141141141141162e+02 3.971836231982172616e-01
1.142642642642642699e+02 3.062074052481535968e-01
1.144144144144144093e+02 2.137195039707893707e-01
1.145645645645645629e+02 2.239728738506222561e-01
1.147147147147147166e+02 2.842213602467650868e-01
1.148648648648648702e+02 2.997678526582317482e-01
1.150150150150150097e+02 3.418384134212391068e-01
1.151651651651651633e+02 3.978653634797190142e-01
1.153153153153153170e+02 3.020710806682670446e-01
1.154654654654654706e+02 2.109802050648041938e-01
1.156156156156156243e+02 2.255294759924276471e-01
1.157657657657657637e+02 2.855798278196293172e-01
1.159159159159159174e+02 3.015930313282384478e-01
1.160660660660660710e+02 3.440200514267339749e-01
1.162162162162162247e+02 4.001916526134747798e-01
1.163663663663663641e+02 2.995702657916665679e-01
1.165165165165165178e+02 2.111537548086160343e-01
1.166666666666666714e+02 2.280503964467502365e-01
1.168168168168168251e+02 2.855134368519536836e-01
1.169669669669669645e+02 3.025006000015288410e-01
1.171171171171171181e+02 3.453822812275635368e-01
1.172672672672672718e+02 4.016771528129226554e-01
1.174174174174174254e+02 2.977606551019518766e-01
1.175675675675675649e+02 2.095656324730502951e-01
1.177177177177177185e+02 2.282617241865476654e-01
1.178678678678678722e+02 2.840254148694434377e-01
1.180180180180180258e+02 3.020068593544173452e-01
1.181681681681681653e+02 3.457706682619994809e-01
1.183183183183183189e+02 4.025517125380330685e-01
1.184684684684684726e+02 2.923317123251376048e-01
1.186186186186186262e+02 2.085851122130890078e-01
1.187687687687687657e+02 2.323920838871131322e-01
1.189189189189189193e+02 2.859094753434602287e-01
1.190690690690690730e+02 3.042768326984586214e-01
1.192192192192192266e+02 3.480061427824310827e-01
1.193693693693693660e+02 4.046583584218276797e-01
1.195195195195195197e+02 2.908034660972999008e-01
1.196696696696696733e+02 2.069618939022964121e-01
1.198198198198198270e+02 2.329753412593729145e-01
1.199699699699699664e+02 2.853959956323484648e-01
1.201201201201201201e+02 3.048992450642075136e-01
1.202702702702702737e+02 3.494494197977551231e-01
1.204204204204204274e+02 4.064044614059092453e-01
1.205705705705705668e+02 2.887387914201962058e-01
1.207207207207207205e+02 2.079015032681174047e-01
1.208708708708708741e+02 2.349411748457947979e-01
1.210210210210210278e+02 2.844993751067847465e-01
1.211711711711711672e+02 3.047078890494827608e-01
1.213213213213213209e+02 3.497231739815309104e-01
1.214714714714714745e+02 4.070176086137986537e-01
1.216216216216216282e+02 2.831488212307757824e-01
1.217717717717717676e+02 2.046861515704130330e-01
1.219219219219219212e+02 2.381881008749181516e-01
1.220720720720720749e+02 2.859502557318448490e-01
1.222222222222222285e+02 3.068817299182201586e-01
1.223723723723723680e+02 3.521998959553901409e-01
1.225225225225225216e+02 4.088326821557598523e-01
1.226726726726726753e+02 2.824874701302489965e-01
1.228228228228228289e+02 2.059203766510297462e-01
1.229729729729729684e+02 2.394409115910855479e-01
1.231231231231231220e+02 2.859329730424226002e-01
1.232732732732732757e+02 3.075631492251384991e-01
1.234234234234234293e+02 3.533674735680389367e-01
1.235735735735735688e+02 4.057752667229986843e-01
1.237237237237237224e+02 2.792062868632877448e-01
1.238738738738738761e+02 2.044408579666725512e-01
1.240240240240240297e+02 2.415196537279360733e-01
1.241741741741741691e+02 2.848004969020935251e-01
1.243243243243243228e+02 3.075671103642509951e-01
1.244744744744744764e+02 3.540346929560519440e-01
1.246246246246246301e+02 4.009045596265924383e-01
1.247747747747747695e+02 2.754567108707326462e-01
1.249249249249249232e+02 2.039566823340889512e-01
1.250750750750750768e+02 2.444428428282229282e-01
1.252252252252252305e+02 2.864956891230602265e-01
1.253753753753753841e+02 3.095271397667282987e-01
1.255255255255255236e+02 3.561484726675012702e-01
1.256756756756756772e+02 3.983767901853674798e-01
1.258258258258258309e+02 2.727941216843451366e-01
1.259759759759759845e+02 2.035143092360435779e-01
1.261261261261261239e+02 2.468625127483073944e-01
1.262762762762762776e+02 2.865339761665687823e-01
1.264264264264264312e+02 3.106352597164490081e-01
1.265765765765765849e+02 3.577342324180025068e-01
1.267267267267267243e+02 3.959530313949080060e-01
1.268768768768768780e+02 2.719007281045244251e-01
1.270270270270270316e+02 2.034172821177697432e-01
1.271771771771771853e+02 2.475072494898566400e-01
1.273273273273273247e+02 2.853421404039842013e-01
1.274774774774774784e+02 3.102406048434105390e-01
1.276276276276276320e+02 3.580588954841951166e-01
1.277777777777777857e+02 3.901080971372008488e-01
1.279279279279279251e+02 2.660228490228800369e-01
1.280780780780780788e+02 2.028824610751376045e-01
1.282282282282282324e+02 2.523942735383595815e-01
1.283783783783783861e+02 2.873068638863558455e-01
1.285285285285285397e+02 3.126783729228512776e-01
1.286786786786786934e+02 3.604540748369937653e-01
1.288288288288288186e+02 3.889136836009627896e-01
1.289789789789789722e+02 2.655235897148639501e-01
1.291291291291291259e+02 2.022728768731890669e-01
1.292792792792792795e+02 2.529549239088970669e-01
1.294294294294294332e+02 2.870392166877326900e-01
1.295795795795795868e+02 3.133340039153431067e-01
1.297297297297297405e+02 3.618219536858752194e-01
1.298798798798798941e+02 3.849314479300361969e-01
1.300300300300300194e+02 2.629408910578402425e-01
1.301801801801801730e+02 2.033377855028975500e-01
1.303303303303303267e+02 2.556099336673931521e-01
1.304804804804804803e+02 2.863988556466345869e-01
1.306306306306306340e+02 3.134842219972111543e-01
1.307807807807807876e+02 3.623366891441545112e-01
1.309309309309309413e+02 3.807367040420878146e-01
1.310810810810810949e+02 2.585198397840245965e-01
1.312312312312312201e+02 2.016049785698481589e-01
1.313813813813813738e+02 2.589207330256548256e-01
1.315315315315315274e+02 2.879053161926267701e-01
1.316816816816816811e+02 3.155440484616414132e-01
1.318318318318318347e+02 3.647025224576518898e-01
1.319819819819819884e+02 3.778461426461858230e-01
1.321321321321321420e+02 2.573684946363239967e-01
1.322822822822822957e+02 2.033610607837066375e-01
1.324324324324324209e+02 2.610481769095794879e-01
1.325825825825825746e+02 2.882668104242596119e-01
1.327327327327327282e+02 3.165844776486335110e-01
1.328828828828828819e+02 3.660383485994678221e-01
1.330330330330330355e+02 3.755385787444889267e-01
1.331831831831831892e+02 2.550492929780999729e-01
1.333333333333333428e+02 2.020583300171786556e-01
1.334834834834834965e+02 2.626654996693390531e-01
1.336336336336336217e+02 2.871912412710297402e-01
1.337837837837837753e+02 3.165972008122927006e-01
1.339339339339339290e+02 3.667657704585662315e-01
1.340840840840840826e+02 3.699262031998270528e-01
1.342342342342342363e+02 2.512981870165580944e-01
1.343843843843843899e+02 2.035001207202794538e-01
1.345345345345345436e+02 2.667938638098080739e-01
1.346846846846846972e+02 2.891784679747503306e-01
1.348348348348348509e+02 3.187267561103802604e-01
1.349849849849849761e+02 3.688480416730544054e-01
1.351351351351351298e+02 3.681300021305677905e-01
1.352852852852852834e+02 2.491149927352447335e-01
1.354354354354354371e+02 2.026687429892184145e-01
1.355855855855855907e+02 2.687438491931410378e-01
1.357357357357357444e+02 2.892459595741925238e-01
1.358858858858858980e+02 3.198747393787376714e-01
1.360360360360360517e+02 3.705368032363356989e-01
1.361861861861861769e+02 3.652414232628685697e-01
1.363363363363363305e+02 2.485583585292995279e-01
1.364864864864864842e+02 2.040078329442136518e-01
1.366366366366366378e+02 2.701919065759215144e-01
1.367867867867867915e+02 2.885009326245458472e-01
1.369369369369369451e+02 3.197598670173588120e-01
1.370870870870870988e+02 3.709174384888023757e-01
1.372372372372372524e+02 3.597576644037120963e-01
1.373873873873873777e+02 2.429449839274375189e-01
1.375375375375375313e+02 2.038541355965397539e-01
1.376876876876876850e+02 2.750713045606570928e-01
1.378378378378378386e+02 2.904042650687602145e-01
1.379879879879879923e+02 3.221951879021373033e-01
1.381381381381381459e+02 3.733866614243230853e-01
1.382882882882882996e+02 3.583253873573488679e-01
1.384384384384384532e+02 2.431850775200181669e-01
1.385885885885885784e+02 2.046616136181796941e-01
1.387387387387387321e+02 2.761379747749707070e-01
1.388888888888888857e+02 2.905579802073339213e-01
1.390390390390390394e+02 3.230344099148413917e-01
1.391891891891891930e+02 3.747368347097901342e-01
1.393393393393393467e+02 3.546998448682330274e-01
1.394894894894895003e+02 2.403676151252151227e-01
1.396396396396396540e+02 2.053447338615242979e-01
1.397897897897897792e+02 2.788153525138762912e-01
1.399399399399399329e+02 2.899979800241851424e-01
1.400900900900900865e+02 3.233778777356119405e-01
1.402402402402402402e+02 3.754572787066472461e-01
1.403903903903903938e+02 3.504029461592116368e-01
1.405405405405405475e+02 2.372731439516359009e-01
1.406906906906907011e+02 2.057186827264939066e-01
1.408408408408408548e+02 2.824937909425134230e-01
1.409909909909909800e+02 2.917186242584601796e-01
1.411411411411411336e+02 3.254033412025433281e-01
1.412912912912912873e+02 3.776826084907318748e-01
1.414414414414414409e+02 3.474682492254317356e-01
1.415915915915915946e+02 2.355791769672515301e-01
1.417417417417417482e+02 2.072969058234317707e-01
1.418918918918919019e+02 2.849269728284197223e-01
1.420420420420420555e+02 2.922626093384837476e-01
1.421921921921921808e+02 3.267021638446905296e-01
1.423423423423423344e+02 3.792088362914085020e-01
1.424924924924924881e+02 3.456818372108866888e-01
1.426426426426426417e+02 2.345063561210429248e-01
1.427927927927927954e+02 2.068149422208844790e-01
1.429429429429429490e+02 2.860372013285663595e-01
1.430930930930931027e+02 2.913855925089360865e-01
1.432432432432432563e+02 3.267187557040332480e-01
1.433933933933933815e+02 3.798867987014176162e-01
1.435435435435435352e+02 3.394922073544004992e-01
1.436936936936936888e+02 2.306141862414844423e-01
1.438438438438438425e+02 2.095276065875138483e-01
1.439939939939939961e+02 2.875177064862847187e-01
1.441441441441441498e+02 2.935778863740780009e-01
1.442942942942943034e+02 3.290670955135013842e-01
1.444444444444444571e+02 3.820780748480097078e-01
1.445945945945946107e+02 3.384572162439163368e-01
1.447447447447447360e+02 2.294414758543409372e-01
1.448948948948948896e+02 2.088981156016818663e-01
1.450450450450450433e+02 2.867223458642808032e-01
1.451951951951951969e+02 2.937503729382976436e-01
1.453453453453453506e+02 3.301828286382201272e-01
1.454954954954955042e+02 3.837405572596813697e-01
1.456456456456456579e+02 3.350525578863247089e-01
1.457957957957958115e+02 2.287862729945990548e-01
1.459459459459459367e+02 2.111782483761249773e-01
1.460960960960960904e+02 2.854379308741309407e-01
1.462462462462462440e+02 2.933887871548470638e-01
1.463963963963963977e+02 3.303962627221970205e-01
1.465465465465465513e+02 3.842658217317618807e-01
1.466966966966967050e+02 3.302768792019546984e-01
1.468468468468468586e+02 2.242291940783021076e-01
1.469969969969970123e+02 2.116265593178447424e-01
1.471471471471471375e+02 2.865565873859796664e-01
1.472972972972972912e+02 2.951954193550407335e-01
1.474474474474474448e+02 3.326929483325332670e-01
1.475975975975975985e+02 3.866786434408284734e-01
1.477477477477477521e+02 3.282636057730601298e-01
1.478978978978979058e+02 2.246986706714878546e-01
1.480480480480480594e+02 2.136405302832542763e-01
1.481981981981982130e+02 2.863010719588500175e-01
1.483483483483483383e+02 2.957916953934627280e-01
1.484984984984984919e+02 3.338083740609457672e-01
1.486486486486486456e+02 3.880849741856023938e-01
1.487987987987987992e+02 3.254850683356457219e-01
1.489489489489489529e+02 2.221729308985595508e-01
1.490990990990991065e+02 2.138587237808729502e-01
1.492492492492492602e+02 2.845945307818800729e-01
1.493993993993994138e+02 2.952289270330888393e-01
1.495495495495495391e+02 3.341950744067120338e-01
1.496996996996996927e+02 3.889136408481461693e-01
1.498498498498498464e+02 3.206471954921928380e-01
1.500000000000000000e+02 2.203009984731743864e-01
