0.000000000000000000e+00 9.951277053455147570e-01
1.501501501501501523e-01 9.403619193267158671e-01
3.003003003003003046e-01 8.816071732301276054e-01
4.504504504504504570e-01 8.408258086495609129e-01
6.006006006006006093e-01 8.683571442552258102e-01
7.507507507507507061e-01 8.920224901424044228e-01
9.009009009009009139e-01 8.208915781605684581e-01
1.051051051051051122e+00 7.105950235803242254e-01
1.201201201201201219e+00 6.609790981138757848e-01
1.351351351351351315e+00 6.396938758743668796e-01
1.501501501501501412e+00 6.144727548143216200e-01
1.651651651651651731e+00 6.251011015429227546e-01
1.801801801801801828e+00 7.101681273456420529e-01
1.951951951951951925e+00 7.675696729977975474e-01
2.102102102102102243e+00 7.536758998371170248e-01
2.252252252252252340e+00 7.407976017038615524e-01
2.402402402402402437e+00 7.301303092598094846e-01
2.552552552552552534e+00 6.837881016612422647e-01
2.702702702702702631e+00 5.940178511435108000e-01
2.852852852852852727e+00 5.897854957528156916e-01
3.003003003003002824e+00 6.331616131007206105e-01
3.153153153153153365e+00 6.625178777600673197e-01
3.303303303303303462e+00 5.166441476732718252e-01
3.453453453453453559e+00 3.600199966301906862e-01
3.603603603603603656e+00 3.109584776467970713e-01
3.753753753753753752e+00 3.037255667124524328e-01
3.903903903903903849e+00 3.067154505399445341e-01
4.054054054054054390e+00 2.965956064609017728e-01
4.204204204204204487e+00 4.273227192008581810e-01
4.354354354354354584e+00 5.222250272258979198e-01
4.504504504504504681e+00 4.962111704320444350e-01
4.654654654654654777e+00 4.825797096270039166e-01
4.804804804804804874e+00 4.930670087032609783e-01
4.954954954954954971e+00 4.806330187906238671e-01
5.105105105105105068e+00 4.330250663314711423e-01
5.255255255255255165e+00 4.730822858096285222e-01
5.405405405405405261e+00 5.192331895769118910e-01
5.555555555555555358e+00 4.995234964410306677e-01
5.705705705705705455e+00 3.458894169374641114e-01
5.855855855855855552e+00 1.816334380744793753e-01
6.006006006006005649e+00 1.811492876218013803e-01
6.156156156156156634e+00 2.300877290314445878e-01
6.306306306306306730e+00 2.478096871096808207e-01
6.456456456456456827e+00 1.278184805958506587e-01
6.606606606606606924e+00 2.782318937756966815e-01
6.756756756756757021e+00 3.389430067613289355e-01
6.906906906906907118e+00 3.168899321443976458e-01
7.057057057057057214e+00 3.181071915156779006e-01
7.207207207207207311e+00 3.447508861613761688e-01
7.357357357357357408e+00 3.697282952824913482e-01
7.507507507507507505e+00 3.862723077983960529e-01
7.657657657657657602e+00 4.172147257460001590e-01
7.807807807807807698e+00 4.612049469014160574e-01
7.957957957957957795e+00 3.943373399784942945e-01
8.108108108108108780e+00 2.597715407695491141e-01
8.258258258258258877e+00 1.652445993496348409e-01
8.408408408408408974e+00 2.176846467898388426e-01
8.558558558558559071e+00 2.830640679876315069e-01
8.708708708708709167e+00 2.318220494841998769e-01
8.858858858858859264e+00 8.513062587412899285e-02
9.009009009009009361e+00 2.282835743518254745e-01
9.159159159159159458e+00 2.320975234589404690e-01
9.309309309309309555e+00 2.349149165858562816e-01
9.459459459459459651e+00 2.497168720270535047e-01
9.609609609609609748e+00 2.622175283201860774e-01
9.759759759759759845e+00 3.189335716429635426e-01
9.909909909909909942e+00 3.488397888311537409e-01
1.006006006006006004e+01 3.765831524456234591e-01
1.021021021021021014e+01 4.207592803676679649e-01
1.036036036036036023e+01 3.186104996575369053e-01
1.051051051051051033e+01 2.281448159221040606e-01
1.066066066066066043e+01 2.191143953575201975e-01
1.081081081081081052e+01 2.701159709279727372e-01
1.096096096096096062e+01 3.331518191689953889e-01
1.111111111111111072e+01 2.223976902732169858e-01
1.126126126126126081e+01 1.155333404418094623e-01
1.141141141141141091e+01 2.058228411712265116e-01
1.156156156156156101e+01 2.051256966705258256e-01
1.171171171171171110e+01 2.400381776115958210e-01
1.186186186186186120e+01 2.207617076771337949e-01
1.201201201201201130e+01 2.204086810184947565e-01
1.216216216216216317e+01 3.003487947599776664e-01
1.231231231231231327e+01 3.136625526316400014e-01
1.246246246246246336e+01 3.446861446603859402e-01
1.261261261261261346e+01 3.478150602099527311e-01
1.276276276276276356e+01 2.627799237353167228e-01
1.291291291291291365e+01 2.290592276531872584e-01
1.306306306306306375e+01 2.554569175340077880e-01
1.321321321321321385e+01 3.037520250994436566e-01
1.336336336336336394e+01 3.483062547232773642e-01
1.351351351351351404e+01 2.074577125764279495e-01
1.366366366366366414e+01 1.546082946400226255e-01
1.381381381381381424e+01 2.017422983092139188e-01
1.396396396396396433e+01 2.278082776776433338e-01
1.411411411411411443e+01 2.797327983117368078e-01
1.426426426426426453e+01 2.023788592967238342e-01
1.441441441441441462e+01 2.070244335209971420e-01
1.456456456456456472e+01 2.763724007676023886e-01
1.471471471471471482e+01 2.892278659460270074e-01
1.486486486486486491e+01 3.279273785965474697e-01
1.501501501501501501e+01 2.902376347472233609e-01
1.516516516516516511e+01 2.313071060669126267e-01
1.531531531531531520e+01 2.509205427709771952e-01
1.546546546546546530e+01 2.753814584073481231e-01
1.561561561561561540e+01 3.232250223101124087e-01
1.576576576576576549e+01 3.094275970259616759e-01
1.591591591591591559e+01 1.966333971352036414e-01
1.606606606606606746e+01 1.923595388400889949e-01
1.621621621621621756e+01 2.215141680850691297e-01
1.636636636636636766e+01 2.619035864018840476e-01
1.651651651651651775e+01 2.912605017320266665e-01
1.666666666666666785e+01 1.898565706540885634e-01
1.681681681681681795e+01 2.102812106359365218e-01
1.696696696696696804e+01 2.562268717874432444e-01
1.711711711711711814e+01 2.801695547981332135e-01
1.726726726726726824e+01 3.273062189041205938e-01
1.741741741741741833e+01 2.464620306665482041e-01
1.756756756756756843e+01 2.188692363084931147e-01
1.771771771771771853e+01 2.577342968410252788e-01
1.786786786786786863e+01 2.858441691774231685e-01
1.801801801801801872e+01 3.355849634991358577e-01
1.816816816816816882e+01 2.703470611821684466e-01
1.831831831831831892e+01 1.907523337172856159e-01
1.846846846846846901e+01 2.240465054266903011e-01
1.861861861861861911e+01 2.448938387719760967e-01
1.876876876876876921e+01 2.928537850523978969e-01
1.891891891891891930e+01 2.658659303051473799e-01
1.906906906906906940e+01 1.823887877383496003e-01
1.921921921921921950e+01 2.291245619377463849e-01
1.936936936936936959e+01 2.502600838105730752e-01
1.951951951951951969e+01 2.857362786958289602e-01
1.966966966966966979e+01 3.004234923730689788e-01
1.981981981981981988e+01 2.169835499394356937e-01
1.996996996996996998e+01 2.262230066227396974e-01
2.012012012012012008e+01 2.601473978332358716e-01
2.027027027027027017e+01 2.939623339322600115e-01
2.042042042042042027e+01 3.465243274317996169e-01
2.057057057057057037e+01 2.378095611930952646e-01
2.072072072072072046e+01 1.985279338994389020e-01
2.087087087087087056e+01 2.360682930299404791e-01
2.102102102102102066e+01 2.663372500146184430e-01
2.117117117117117076e+01 3.185359520267330158e-01
2.132132132132132085e+01 2.408695186714706893e-01
2.147147147147147095e+01 1.845845196639191721e-01
2.162162162162162105e+01 2.386401643520011107e-01
2.177177177177177114e+01 2.558912315660064607e-01
2.192192192192192124e+01 3.003063983289112615e-01
2.207207207207207134e+01 2.666816085788089596e-01
2.222222222222222143e+01 1.999053915366679479e-01
2.237237237237237153e+01 2.432977853312084660e-01
2.252252252252252163e+01 2.627621771336340339e-01
2.267267267267267172e+01 3.029692671138736193e-01
2.282282282282282182e+01 3.051906772130077439e-01
2.297297297297297192e+01 2.116746952959780714e-01
2.312312312312312201e+01 2.155568057194587606e-01
2.327327327327327211e+01 2.470763660022484154e-01
2.342342342342342221e+01 2.847703089176255586e-01
2.357357357357357230e+01 3.259347157651423799e-01
2.372372372372372240e+01 2.158834413000562669e-01
2.387387387387387250e+01 1.972029985414482378e-01
2.402402402402402259e+01 2.397517745979431403e-01
2.417417417417417624e+01 2.684548094964266385e-01
2.432432432432432634e+01 3.195010873950474006e-01
2.447447447447447644e+01 2.358255258274359889e-01
2.462462462462462653e+01 1.983984390156286193e-01
2.477477477477477663e+01 2.472484314005226891e-01
2.492492492492492673e+01 2.687713220315181006e-01
2.507507507507507682e+01 3.152059318427348211e-01
2.522522522522522692e+01 2.675925146133041888e-01
2.537537537537537702e+01 2.000660017561189941e-01
2.552552552552552712e+01 2.417905939219593126e-01
2.567567567567567721e+01 2.582361871524747610e-01
2.582582582582582731e+01 3.019665097920043451e-01
2.597597597597597741e+01 2.908821772474333711e-01
2.612612612612612750e+01 2.003058587334142771e-01
2.627627627627627760e+01 2.184966068688658503e-01
2.642642642642642770e+01 2.468992610308240465e-01
2.657657657657657779e+01 2.844920787875588886e-01
2.672672672672672789e+01 3.128141395530116275e-01
2.687687687687687799e+01 2.123279221551348517e-01
2.702702702702702808e+01 2.078154298203441774e-01
2.717717717717717818e+01 2.477853806958757454e-01
2.732732732732732828e+01 2.783823121341378881e-01
2.747747747747747837e+01 3.300441822815295967e-01
2.762762762762762847e+01 2.352187961987513010e-01
2.777777777777777857e+01 1.993819899135879370e-01
2.792792792792792866e+01 2.441140429962540270e-01
2.807807807807807876e+01 2.695449611352253028e-01
2.822822822822822886e+01 3.185992187267996378e-01
2.837837837837837895e+01 2.563144851346823017e-01
2.852852852852852905e+01 1.928329205767050913e-01
2.867867867867867915e+01 2.394032390140531652e-01
2.882882882882882924e+01 2.571686240391451994e-01
2.897897897897897934e+01 3.020327751489646495e-01
2.912912912912912944e+01 2.776152014580134386e-01
2.927927927927927954e+01 1.968433567077292334e-01
2.942942942942942963e+01 2.296225128737951204e-01
2.957957957957957973e+01 2.526659845388065095e-01
2.972972972972972983e+01 2.916602631239804122e-01
2.987987987987987992e+01 3.060508536680948133e-01
3.003003003003003002e+01 2.113159914120958660e-01
3.018018018018018012e+01 2.140571074631875126e-01
3.033033033033033021e+01 2.487054882970540781e-01
3.048048048048048031e+01 2.825422016263390290e-01
3.063063063063063041e+01 3.356921624845242702e-01
3.078078078078078050e+01 2.282029622403652924e-01
3.093093093093093060e+01 1.998277186984043774e-01
3.108108108108108070e+01 2.425417340715925463e-01
3.123123123123123079e+01 2.699985700127499610e-01
3.138138138138138089e+01 3.201709375417519099e-01
3.153153153153153099e+01 2.470254593001103005e-01
3.168168168168168108e+01 1.936021658482979246e-01
3.183183183183183118e+01 2.419784326421648979e-01
3.198198198198198128e+01 2.615231286259873666e-01
3.213213213213213493e+01 3.071726949576428778e-01
3.228228228228228147e+01 2.716602341088857897e-01
3.243243243243243512e+01 1.968537918654342522e-01
3.258258258258258167e+01 2.356485376370114626e-01
3.273273273273273531e+01 2.556151686701439441e-01
3.288288288288288186e+01 2.967280936928607948e-01
3.303303303303303551e+01 2.988133924989710422e-01
3.318318318318318205e+01 2.055053497701010423e-01
3.333333333333333570e+01 2.162384728227230157e-01
3.348348348348348225e+01 2.482508548889169886e-01
3.363363363363363590e+01 2.842026371203265067e-01
3.378378378378378244e+01 3.246048782781614239e-01
3.393393393393393609e+01 2.191457327929299814e-01
3.408408408408408263e+01 2.027807406270951129e-01
3.423423423423423628e+01 2.441383639676159567e-01
3.438438438438438283e+01 2.734959545505620815e-01
3.453453453453453648e+01 3.246708220337444217e-01
3.468468468468468302e+01 2.395099975676615867e-01
3.483483483483483667e+01 1.966763173389543540e-01
3.498498498498498321e+01 2.429691175184266749e-01
3.513513513513513686e+01 2.654607385125352659e-01
3.528528528528528341e+01 3.127670333264092606e-01
3.543543543543543706e+01 2.640157766247852034e-01
3.558558558558558360e+01 1.962909128571972972e-01
3.573573573573573725e+01 2.418035177817578485e-01
3.588588588588588379e+01 2.570100468424554863e-01
3.603603603603603744e+01 2.999620502494484420e-01
3.618618618618618399e+01 2.893088831530973293e-01
3.633633633633633764e+01 2.019621789929083866e-01
3.648648648648648418e+01 2.219114101985130705e-01
3.663663663663663783e+01 2.502001627127031780e-01
3.678678678678678438e+01 2.876732233929238935e-01
3.693693693693693803e+01 3.158386678843823070e-01
3.708708708708708457e+01 2.148398338548007658e-01
3.723723723723723822e+01 2.069717837740946975e-01
3.738738738738738476e+01 2.462043627474957419e-01
3.753753753753753841e+01 2.775956277568493169e-01
3.768768768768768496e+01 3.297978767697774538e-01
3.783783783783783861e+01 2.333648144071940322e-01
3.798798798798798515e+01 1.970758592200950732e-01
3.813813813813813880e+01 2.428894324467071320e-01
3.828828828828828534e+01 2.678096099440461231e-01
3.843843843843843899e+01 3.166466119346689201e-01
3.858858858858859264e+01 2.549484801867313299e-01
3.873873873873873919e+01 1.937261689548304133e-01
3.888888888888889284e+01 2.414719188777152969e-01
3.903903903903903938e+01 2.590097534975893678e-01
3.918918918918919303e+01 3.035685011672701883e-01
3.933933933933933957e+01 2.793392819077199496e-01
3.948948948948949322e+01 1.984728356965048679e-01
3.963963963963963977e+01 2.293375244978604899e-01
3.978978978978979342e+01 2.526122969585908318e-01
3.993993993993993996e+01 2.920688286365736852e-01
4.009009009009009361e+01 3.063992172422754789e-01
4.024024024024024015e+01 2.103187987581880691e-01
4.039039039039039380e+01 2.125983124381223277e-01
4.054054054054054035e+01 2.473825200116637202e-01
4.069069069069069400e+01 2.811289216966760818e-01
4.084084084084084054e+01 3.342395817397556534e-01
4.099099099099099419e+01 2.271560122561617212e-01
4.114114114114114074e+01 2.003471443582203193e-01
4.129129129129129439e+01 2.435990808343995728e-01
4.144144144144144093e+01 2.707509100614027275e-01
4.159159159159159458e+01 3.206752490400782696e-01
4.174174174174174112e+01 2.479807605668405968e-01
4.189189189189189477e+01 1.946777539606162621e-01
4.204204204204204132e+01 2.422022947703186824e-01
4.219219219219219497e+01 2.620799721082891498e-01
4.234234234234234151e+01 3.079233978149412132e-01
4.249249249249249516e+01 2.721162468013427205e-01
4.264264264264264170e+01 1.963038806128404867e-01
4.279279279279279535e+01 2.346896983087540800e-01
4.294294294294294190e+01 2.546660594176530790e-01
4.309309309309309555e+01 2.958590718820456322e-01
4.324324324324324209e+01 2.978995951248995522e-01
4.339339339339339574e+01 2.047797146278097502e-01
4.354354354354354228e+01 2.165151406519866539e-01
4.369369369369369593e+01 2.485492038403839254e-01
4.384384384384384248e+01 2.842943726485477329e-01
4.399399399399399613e+01 3.245844551019985147e-01
4.414414414414414267e+01 2.196523943665744660e-01
4.429429429429429632e+01 2.034019036090995713e-01
4.444444444444444287e+01 2.445526849669443781e-01
4.459459459459459651e+01 2.740380856958500311e-01
4.474474474474474306e+01 3.252644948822264181e-01
4.489489489489489671e+01 2.398182796739696254e-01
4.504504504504504325e+01 1.963363035391910427e-01
4.519519519519519690e+01 2.423944045372779243e-01
4.534534534534534345e+01 2.649741790406708319e-01
4.549549549549549710e+01 3.123717604353078992e-01
4.564564564564564364e+01 2.634865071806643533e-01
4.579579579579579729e+01 1.958832927124997125e-01
4.594594594594594383e+01 2.419411742234431895e-01
4.609609609609609748e+01 2.569879118596127832e-01
4.624624624624624403e+01 2.998272095627946277e-01
4.639639639639639768e+01 2.892037434010512054e-01
4.654654654654654422e+01 2.022787716742063535e-01
4.669669669669669787e+01 2.223405009186246173e-01
4.684684684684684441e+01 2.505917942547647437e-01
4.699699699699699806e+01 2.880958540793798761e-01
4.714714714714714461e+01 3.162224906860445772e-01
4.729729729729729826e+01 2.150592932055493955e-01
4.744744744744744480e+01 2.067508197200687015e-01
4.759759759759759845e+01 2.458956460790959753e-01
4.774774774774774500e+01 2.773833042524330716e-01
4.789789789789789864e+01 3.296562969249538511e-01
4.804804804804804519e+01 2.330079083289408604e-01
4.819819819819819884e+01 1.968386713181560221e-01
4.834834834834835249e+01 2.428579362642309669e-01
4.849849849849849903e+01 2.676852480465455320e-01
4.864864864864865268e+01 3.164695857998428563e-01
4.879879879879879923e+01 2.548627268154993741e-01
4.894894894894895288e+01 1.939576363742854803e-01
4.909909909909909942e+01 2.417366976475332496e-01
4.924924924924925307e+01 2.592960841271279016e-01
4.939939939939939961e+01 3.038481228375461418e-01
4.954954954954955326e+01 2.795852347684696926e-01
4.969969969969969981e+01 1.985926759440482248e-01
4.984984984984985346e+01 2.291943566723082526e-01
5.000000000000000000e+01 2.524781439087276369e-01
5.015015015015015365e+01 2.920117957317471813e-01
5.030030030030030019e+01 3.063000743402908288e-01
5.045045045045045384e+01 2.100652120974527692e-01
5.060060060060060039e+01 2.124415375701229625e-01
5.075075075075075404e+01 2.472540255628692396e-01
5.090090090090090058e+01 2.809617206715954718e-01
5.105105105105105423e+01 3.340189642650078783e-01
5.120120120120120077e+01 2.270701611309973167e-01
5.135135135135135442e+01 2.005212134820267833e-01
5.150150150150150097e+01 2.437983828251586438e-01
5.165165165165165462e+01 2.709358190163413949e-01
5.180180180180180116e+01 3.208379851138812300e-01
5.195195195195195481e+01 2.481673489834444191e-01
5.210210210210210136e+01 1.947679423055640457e-01
5.225225225225225500e+01 2.421138375691694877e-01
5.240240240240240155e+01 2.620581279732974167e-01
5.255255255255255520e+01 3.079488674698620532e-01
5.270270270270270174e+01 2.720428507310453936e-01
5.285285285285285539e+01 1.961426223348411990e-01
5.300300300300300194e+01 2.346137068269073256e-01
5.315315315315315559e+01 2.545574700664097745e-01
5.330330330330330213e+01 2.957370995625838717e-01
5.345345345345345578e+01 2.977531777037673577e-01
5.360360360360360232e+01 2.047494317824152810e-01
5.375375375375375597e+01 2.166458455448392884e-01
5.390390390390390252e+01 2.486627503267364037e-01
5.405405405405405617e+01 2.843993019479393869e-01
5.420420420420420271e+01 3.246459399171002791e-01
5.435435435435435636e+01 2.197376062569637023e-01
5.450450450450450290e+01 2.034230909126675257e-01
5.465465465465465655e+01 2.445414935293815095e-01
5.480480480480480310e+01 2.740542839354485616e-01
5.495495495495495675e+01 3.252977915089018124e-01
5.510510510510510329e+01 2.397897285901643416e-01
5.525525525525525694e+01 1.962623513945023768e-01
5.540540540540540349e+01 2.423192579356770460e-01
5.555555555555555713e+01 2.649057607568637285e-01
5.570570570570570368e+01 3.123123772914274676e-01
5.585585585585585733e+01 2.633707546663570098e-01
5.600600600600600387e+01 1.958528241094293632e-01
5.615615615615615752e+01 2.420054858519707364e-01
5.630630630630630407e+01 2.570364091282260066e-01
5.645645645645645772e+01 2.998602759281048802e-01
5.660660660660660426e+01 2.892096693378032879e-01
5.675675675675675791e+01 2.023516275512054485e-01
5.690690690690690445e+01 2.224031633869935909e-01
5.705705705705705810e+01 2.506491056594818967e-01
5.720720720720720465e+01 2.881649460111171956e-01
5.735735735735735830e+01 3.162575868048027594e-01
5.750750750750750484e+01 2.150726539857358288e-01
5.765765765765765849e+01 2.067221565880474898e-01
5.780780780780781214e+01 2.458482298745229555e-01
5.795795795795795868e+01 2.773532065335025942e-01
5.810810810810811233e+01 3.296375613486103306e-01
5.825825825825825888e+01 2.329462579964326485e-01
5.840840840840841253e+01 1.968072205377870976e-01
5.855855855855855907e+01 2.428467950243992646e-01
5.870870870870871272e+01 2.676699133039863732e-01
5.885885885885885926e+01 3.164521189290393499e-01
5.900900900900901291e+01 2.548351876270293359e-01
5.915915915915915946e+01 1.939735004660901874e-01
5.930930930930931311e+01 2.417607922866888415e-01
5.945945945945945965e+01 2.593272198950242191e-01
5.960960960960961330e+01 3.038818353369955316e-01
5.975975975975975985e+01 2.795833119343774653e-01
5.990990990990991349e+01 1.985911016592340206e-01
6.006006006006006004e+01 2.291971229243322528e-01
6.021021021021021369e+01 2.524861951441664809e-01
6.036036036036036023e+01 2.920197187506735625e-01
6.051051051051051388e+01 3.062605447931664449e-01
6.066066066066066043e+01 2.100611311163205763e-01
6.081081081081081408e+01 2.124841698515208543e-01
6.096096096096096062e+01 2.472830343541647657e-01
6.111111111111111427e+01 2.809974670087828641e-01
6.126126126126126081e+01 3.340089045697807735e-01
6.141141141141141446e+01 2.270661924192367565e-01
6.156156156156156101e+01 2.005300101712245708e-01
6.171171171171171466e+01 2.437886339902313182e-01
6.186186186186186120e+01 2.709382821608415370e-01
6.201201201201201485e+01 3.208478753875064760e-01
6.216216216216216139e+01 2.481518895497194510e-01
6.231231231231231504e+01 1.947505188670993759e-01
6.246246246246246159e+01 2.420879872498430396e-01
6.261261261261261524e+01 2.620393681977555289e-01
6.276276276276276178e+01 3.079355269459531641e-01
6.291291291291291543e+01 2.719890783177055238e-01
6.306306306306306197e+01 1.961290211287333163e-01
6.321321321321321562e+01 2.346543762218737950e-01
6.336336336336336217e+01 2.545825622290778245e-01
6.351351351351351582e+01 2.957578211475699881e-01
6.366366366366366236e+01 2.977345136454426777e-01
6.381381381381381601e+01 2.047705892487589052e-01
6.396396396396396256e+01 2.166855459205334899e-01
6.411411411411411621e+01 2.487085709778408260e-01
6.426426426426426985e+01 2.844427350443713420e-01
6.441441441441440929e+01 3.246516934304620738e-01
6.456456456456456294e+01 2.197598029325741886e-01
6.471471471471471659e+01 2.034429400817658884e-01
6.486486486486487024e+01 2.445341526302398649e-01
6.501501501501500968e+01 2.740695218621825857e-01
6.516516516516516333e+01 3.253267771009872855e-01
6.531531531531531698e+01 2.397412430746082013e-01
6.546546546546547063e+01 1.962220424758623349e-01
6.561561561561561007e+01 2.423025936798250957e-01
6.576576576576576372e+01 2.648846667438731761e-01
6.591591591591591737e+01 3.122901983588377561e-01
6.606606606606607102e+01 2.633243310397397341e-01
6.621621621621621046e+01 1.958696986701869980e-01
6.636636636636636410e+01 2.420383219831973021e-01
6.651651651651651775e+01 2.570774292388978144e-01
6.666666666666667140e+01 2.999039607593859125e-01
6.681681681681681084e+01 2.892258644150899061e-01
6.696696696696696449e+01 2.023666679902882404e-01
6.711711711711711814e+01 2.223989022835116680e-01
6.726726726726727179e+01 2.506316024651242813e-01
6.741741741741742544e+01 2.881633236776547369e-01
6.756756756756756488e+01 3.162223159492564273e-01
6.771771771771771853e+01 2.150303629509113523e-01
6.786786786786787218e+01 2.067099366206799349e-01
6.801801801801802583e+01 2.458359463272710710e-01
6.816816816816816527e+01 2.773390076088699807e-01
6.831831831831831892e+01 3.296226211912406945e-01
6.846846846846847257e+01 2.329215807535316152e-01
6.861861861861862621e+01 1.968374267207393946e-01
6.876876876876876565e+01 2.428590352934902330e-01
6.891891891891891930e+01 2.676984249054294995e-01
6.906906906906907295e+01 3.164887418657395535e-01
6.921921921921922660e+01 2.548171891915357867e-01
6.936936936936936604e+01 1.939514413177498287e-01
6.951951951951951969e+01 2.417363256528773374e-01
6.966966966966967334e+01 2.593109641770408036e-01
6.981981981981982699e+01 3.038726991758798901e-01
6.996996996996996643e+01 2.795341577624628204e-01
7.012012012012012008e+01 1.985639917355279949e-01
7.027027027027027373e+01 2.292243397509533542e-01
7.042042042042042738e+01 2.524980540355996061e-01
7.057057057057056682e+01 2.920314881691434827e-01
7.072072072072072046e+01 3.062389611438585679e-01
7.087087087087087411e+01 2.100583502647550005e-01
7.102102102102102776e+01 2.125078088797025810e-01
7.117117117117116720e+01 2.472912735428224873e-01
7.132132132132132085e+01 2.810171776647216735e-01
7.147147147147147450e+01 3.339972844100013161e-01
7.162162162162162815e+01 2.270505309839005170e-01
7.177177177177176759e+01 2.005230271868044811e-01
7.192192192192192124e+01 2.437723964352565553e-01
7.207207207207207489e+01 2.709292767315299444e-01
7.222222222222222854e+01 3.208435078775452309e-01
7.237237237237236798e+01 2.480898352230333503e-01
7.252252252252252163e+01 1.947663103523808448e-01
7.267267267267267528e+01 2.421261921332044931e-01
7.282282282282282893e+01 2.620773285785617523e-01
7.297297297297296836e+01 3.079701359980200337e-01
7.312312312312312201e+01 2.719831186656095912e-01
7.327327327327327566e+01 1.961629083606790114e-01
7.342342342342342931e+01 2.346877843250061435e-01
7.357357357357356875e+01 2.546078929343461583e-01
7.372372372372372240e+01 2.957950247692720525e-01
7.387387387387387605e+01 2.977413475969143963e-01
7.402402402402402970e+01 2.047534183128324470e-01
7.417417417417416914e+01 2.166565326420692716e-01
7.432432432432432279e+01 2.486935991820675151e-01
7.447447447447447644e+01 2.844222975889723060e-01
7.462462462462463009e+01 3.245884176498216034e-01
7.477477477477476953e+01 2.197352509827893430e-01
7.492492492492492318e+01 2.034929939406713018e-01
7.507507507507507682e+01 2.445856479366199654e-01
7.522522522522523047e+01 2.741222345830693352e-01
7.537537537537536991e+01 3.253771406307106595e-01
7.552552552552552356e+01 2.397576482584718449e-01
7.567567567567567721e+01 1.962434209626828518e-01
7.582582582582583086e+01 2.422941261042657612e-01
7.597597597597597030e+01 2.648957584777787977e-01
7.612612612612612395e+01 3.123141486940089750e-01
7.627627627627627760e+01 2.632951421122479152e-01
7.642642642642643125e+01 1.958369173434841015e-01
7.657657657657657069e+01 2.420126812002222905e-01
7.672672672672672434e+01 2.570547607314302430e-01
7.687687687687687799e+01 2.998857535287385856e-01
7.702702702702703164e+01 2.891547222286966479e-01
7.717717717717718529e+01 2.023451325741123241e-01
7.732732732732732472e+01 2.224535991136100954e-01
7.747747747747747837e+01 2.506718220134024899e-01
7.762762762762763202e+01 2.881984880565205964e-01
7.777777777777778567e+01 3.162107049415791016e-01
7.792792792792792511e+01 2.150601403751477292e-01
7.807807807807807876e+01 2.067525293573582723e-01
7.822822822822823241e+01 2.458506748109894335e-01
7.837837837837838606e+01 2.773728609597112538e-01
7.852852852852852550e+01 3.296663140271726133e-01
7.867867867867867915e+01 2.329032415282226154e-01
7.882882882882883280e+01 1.968059237223368230e-01
7.897897897897898645e+01 2.428403048933242547e-01
7.912912912912912589e+01 2.676759177042798976e-01
7.927927927927927954e+01 3.164652847276493430e-01
7.942942942942943318e+01 2.547615034001334267e-01
7.957957957957958683e+01 1.939707031417566008e-01
7.972972972972972627e+01 2.418029363595690651e-01
7.987987987987987992e+01 2.593710802542719129e-01
8.003003003003003357e+01 3.039241118447191248e-01
8.018018018018018722e+01 2.795638232485453400e-01
8.033033033033032666e+01 1.986133135551965134e-01
8.048048048048048031e+01 2.292424726082237241e-01
8.063063063063063396e+01 2.525176525728271559e-01
8.078078078078078761e+01 2.920679837216265118e-01
8.093093093093092705e+01 3.062338656457087582e-01
8.108108108108108070e+01 2.100247917985951507e-01
8.123123123123123435e+01 2.124799254418190120e-01
8.138138138138138800e+01 2.472548580430362908e-01
8.153153153153152743e+01 2.809876504460916413e-01
8.168168168168168108e+01 3.339289060882638660e-01
8.183183183183183473e+01 2.269966271680971537e-01
8.198198198198198838e+01 2.005420609213183769e-01
8.213213213213212782e+01 2.437937479201660596e-01
8.228228228228228147e+01 2.709511805093984260e-01
8.243243243243243512e+01 3.208643662277460007e-01
8.258258258258258877e+01 2.480893561423418991e-01
8.273273273273272821e+01 1.947934717985262132e-01
8.288288288288288186e+01 2.421328737953366006e-01
8.303303303303303551e+01 2.620972203036223691e-01
8.318318318318318916e+01 3.079969238583863955e-01
8.333333333333332860e+01 2.719951952982556098e-01
8.348348348348348225e+01 1.961505204405690761e-01
8.363363363363363590e+01 2.346617804752981762e-01
8.378378378378378954e+01 2.545761846318823629e-01
8.393393393393392898e+01 2.957729538443377160e-01
8.408408408408408263e+01 2.976829353676704870e-01
8.423423423423423628e+01 2.047083766409511785e-01
8.438438438438438993e+01 2.166742396930211312e-01
8.453453453453452937e+01 2.486790819223788085e-01
8.468468468468468302e+01 2.844229375422141493e-01
8.483483483483483667e+01 3.245600900960449176e-01
8.498498498498499032e+01 2.196914045430906071e-01
8.513513513513512976e+01 2.034704784157759794e-01
8.528528528528528341e+01 2.445731256360599848e-01
8.543543543543543706e+01 2.741076332234579360e-01
8.558558558558559071e+01 3.253626189903470189e-01
8.573573573573573015e+01 2.397159723077045834e-01
8.588588588588588379e+01 1.962707672394675140e-01
8.603603603603603744e+01 2.423312956528853590e-01
8.618618618618619109e+01 2.649375222184164325e-01
8.633633633633633053e+01 3.123562154127770829e-01
8.648648648648648418e+01 2.632996884162321916e-01
8.663663663663663783e+01 1.958519626761467958e-01
8.678678678678679148e+01 2.419973809222271122e-01
8.693693693693694513e+01 2.570573241096856254e-01
8.708708708708708457e+01 2.999005928507256780e-01
8.723723723723723822e+01 2.891236607968747374e-01
8.738738738738739187e+01 2.023181876698785242e-01
8.753753753753754552e+01 2.224577745794187322e-01
8.768768768768768496e+01 2.506663963524642935e-01
8.783783783783783861e+01 2.881924297847641148e-01
8.798798798798799226e+01 3.161733742987213880e-01
8.813813813813814591e+01 2.150540020640175631e-01
8.828828828828828534e+01 2.067880416554979672e-01
8.843843843843843899e+01 2.459152760563291795e-01
8.858858858858859264e+01 2.774153793029733306e-01
8.873873873873874629e+01 3.296926331655074538e-01
8.888888888888888573e+01 2.329557336751028884e-01
8.903903903903903938e+01 1.968944146100582437e-01
8.918918918918919303e+01 2.428894354978143599e-01
8.933933933933934668e+01 2.677478909427554732e-01
8.948948948948948612e+01 3.165473872770241393e-01
8.963963963963963977e+01 2.547994625491657450e-01
8.978978978978979342e+01 1.939360308473063454e-01
8.993993993993994707e+01 2.417110398218210998e-01
9.009009009009008651e+01 2.593033379044328846e-01
9.024024024024024015e+01 3.038788732709555296e-01
9.039039039039039380e+01 2.795093580207387296e-01
9.054054054054054745e+01 1.985180269155484289e-01
9.069069069069068689e+01 2.292120081414354416e-01
9.084084084084084054e+01 2.524630136876769848e-01
9.099099099099099419e+01 2.920116201809735967e-01
9.114114114114114784e+01 3.061449244685134352e-01
9.129129129129128728e+01 2.099843952157058879e-01
9.144144144144144093e+01 2.125404898198585413e-01
9.159159159159159458e+01 2.473065348334407831e-01
9.174174174174174823e+01 2.810361703713307735e-01
9.189189189189188767e+01 3.339079378503382323e-01
9.204204204204204132e+01 2.270155770766739967e-01
9.219219219219219497e+01 2.005899722369842431e-01
9.234234234234234862e+01 2.438352855580836476e-01
9.249249249249248805e+01 2.709961837195610235e-01
9.264264264264264170e+01 3.209090276513945073e-01
9.279279279279279535e+01 2.481092600796299119e-01
9.294294294294294900e+01 1.948144761506314937e-01
9.309309309309308844e+01 2.421134810001169257e-01
9.324324324324324209e+01 2.620975424231061224e-01
9.339339339339339574e+01 3.080101575409530668e-01
9.354354354354354939e+01 2.719614002161785948e-01
9.369369369369368883e+01 1.961138026951062541e-01
9.384384384384384248e+01 2.346602405047290008e-01
9.399399399399399613e+01 2.545596344634089570e-01
9.414414414414414978e+01 2.957559435551382898e-01
9.429429429429428922e+01 2.976354018530232848e-01
9.444444444444444287e+01 2.046998622654392919e-01
9.459459459459459651e+01 2.167155402944961617e-01
9.474474474474475016e+01 2.487199105029614110e-01
9.489489489489488960e+01 2.844597602311416673e-01
9.504504504504504325e+01 3.245573515203206139e-01
9.519519519519519690e+01 2.197095771705865896e-01
9.534534534534535055e+01 2.034964436146886602e-01
9.549549549549548999e+01 2.445870851734922302e-01
9.564564564564564364e+01 2.741340629056701617e-01
9.579579579579579729e+01 3.253954687021164971e-01
9.594594594594595094e+01 2.397025988585837486e-01
9.609609609609609038e+01 1.962527120371936884e-01
9.624624624624624403e+01 2.423040902775304983e-01
9.639639639639639768e+01 2.649210775639674886e-01
9.654654654654655133e+01 3.123487044526668255e-01
9.669669669669670498e+01 2.632440722607053418e-01
9.684684684684684441e+01 1.958318244778675388e-01
9.699699699699699806e+01 2.420149523019224369e-01
9.714714714714715171e+01 2.570711647221513019e-01
9.729729729729730536e+01 2.999110766688924956e-01
9.744744744744744480e+01 2.890959609848698930e-01
9.759759759759759845e+01 2.023366433961682753e-01
9.774774774774775210e+01 2.225042156819821426e-01
9.789789789789790575e+01 2.506907544646186370e-01
9.804804804804804519e+01 2.882298820241920856e-01
9.819819819819819884e+01 3.161739307021057543e-01
9.834834834834835249e+01 2.150441177791878600e-01
9.849849849849850614e+01 2.067696547101116611e-01
9.864864864864864558e+01 2.458495491958836432e-01
9.879879879879879923e+01 2.773831971294372090e-01
9.894894894894895288e+01 3.296821313018695188e-01
9.909909909909910652e+01 2.328694694493474437e-01
9.924924924924924596e+01 1.968125103182460922e-01
9.939939939939939961e+01 2.428462120445439854e-01
9.954954954954955326e+01 2.676909546573883469e-01
9.969969969969970691e+01 3.164848982580185099e-01
9.984984984984984635e+01 2.547236158452086952e-01
1.000000000000000000e+02 1.939703501773444860e-01
1.001501501501501536e+02 2.417964624093867643e-01
1.003003003003003073e+02 2.593855967098466220e-01
1.004504504504504467e+02 3.039526665804439531e-01
1.006006006006006004e+02 2.795535679725752454e-01
1.007507507507507540e+02 1.985723296120643910e-01
1.009009009009009077e+02 2.292182615367616139e-01
1.010510510510510471e+02 2.524673204683003935e-01
1.012012012012012008e+02 2.920399649498777173e-01
1.013513513513513544e+02 3.061267773782562762e-01
1.015015015015015081e+02 2.099260766220346075e-01
1.016516516516516475e+02 2.124994453977273601e-01
1.018018018018018012e+02 2.472663572483302930e-01
1.019519519519519548e+02 2.809933658384433097e-01
1.021021021021021085e+02 3.338345777000396031e-01
1.022522522522522479e+02 2.269723187072307247e-01
1.024024024024024015e+02 2.006309174286876051e-01
1.025525525525525552e+02 2.438536918371763673e-01
1.027027027027027088e+02 2.710299252513787005e-01
1.028528528528528483e+02 3.209495748192495723e-01
1.030030030030030019e+02 2.480988807257267226e-01
1.031531531531531556e+02 1.948040522981716594e-01
1.033033033033033092e+02 2.420816585175321056e-01
1.034534534534534487e+02 2.620787840533560509e-01
1.036036036036036023e+02 3.080010755475949269e-01
1.037537537537537560e+02 2.719074846240654431e-01
1.039039039039039096e+02 1.960883619363186781e-01
1.040540540540540491e+02 2.346873108735988145e-01
1.042042042042042027e+02 2.545769237652294459e-01
1.043543543543543564e+02 2.957631056314705686e-01
1.045045045045045100e+02 2.976093040665243605e-01
1.046546546546546494e+02 2.047283411213722815e-01
1.048048048048048031e+02 2.167731477384733652e-01
1.049549549549549567e+02 2.487595601941178236e-01
1.051051051051051104e+02 2.845142655498267281e-01
1.052552552552552498e+02 3.245864695641478836e-01
1.054054054054054035e+02 2.197100926432043466e-01
1.055555555555555571e+02 2.034556421307668062e-01
1.057057057057057108e+02 2.445275668367278832e-01
1.058558558558558644e+02 2.740934375747278162e-01
1.060060060060060039e+02 3.253698872741790926e-01
1.061561561561561575e+02 2.396165540699002339e-01
1.063063063063063112e+02 1.962140759206034701e-01
1.064564564564564648e+02 2.423113021616608853e-01
1.066066066066066043e+02 2.649158472930077668e-01
1.067567567567567579e+02 3.123357415996834141e-01
1.069069069069069116e+02 2.632126423500614765e-01
1.070570570570570652e+02 1.958721996493569539e-01
1.072072072072072046e+02 2.420512390650115808e-01
1.073573573573573583e+02 2.571239201724082046e-01
1.075075075075075119e+02 2.999710108079547966e-01
1.076576576576576656e+02 2.891127294531782854e-01
1.078078078078078050e+02 2.023458852764059013e-01
1.079579579579579587e+02 2.224910424476175264e-01
1.081081081081081123e+02 2.506665550394808761e-01
1.082582582582582660e+02 2.882196846200081874e-01
1.084084084084084054e+02 3.161249885592144482e-01
1.085585585585585591e+02 2.149967581624661617e-01
1.087087087087087127e+02 2.067707994617145884e-01
1.088588588588588664e+02 2.458490848712409915e-01
1.090090090090090058e+02 2.773802422081277363e-01
1.091591591591591595e+02 3.296772088808224144e-01
1.093093093093093131e+02 2.328834991336484750e-01
1.094594594594594668e+02 1.968165907044965302e-01
1.096096096096096062e+02 2.428461994999155105e-01
1.097597597597597598e+02 2.676944382529518607e-01
1.099099099099099135e+02 3.164903864145987566e-01
1.100600600600600671e+02 2.547002283614727691e-01
1.102102102102102066e+02 1.939708966646584154e-01
1.103603603603603602e+02 2.418030658803319022e-01
1.105105105105105139e+02 2.593990473587225454e-01
1.106606606606606675e+02 3.039696793340380121e-01
1.108108108108108070e+02 2.795015693438307469e-01
1.109609609609609606e+02 1.985645652867751854e-01
1.111111111111111143e+02 2.292665672735416105e-01
1.112612612612612679e+02 2.525044719245153058e-01
1.114114114114114074e+02 2.920771903646975920e-01
1.115615615615615610e+02 3.061147980061149076e-01
1.117117117117117147e+02 2.099388449565879888e-01
1.118618618618618683e+02 2.125304310301114330e-01
1.120120120120120077e+02 2.472766117850843659e-01
1.121621621621621614e+02 2.810200810376000669e-01
1.123123123123123150e+02 3.338366126026864888e-01
1.124624624624624687e+02 2.269527647660518621e-01
1.126126126126126081e+02 2.006040839241584606e-01
1.127627627627627618e+02 2.438229126090727117e-01
1.129129129129129154e+02 2.710033389216962574e-01
1.130630630630630691e+02 3.209267518489561377e-01
1.132132132132132085e+02 2.480461510075490095e-01
1.133633633633633622e+02 1.948142706697694182e-01
1.135135135135135158e+02 2.421205548233033578e-01
1.136636636636636695e+02 2.621120823178261228e-01
1.138138138138138089e+02 3.080277598039254938e-01
1.139639639639639626e+02 2.719106278750109129e-01
1.141141141141141162e+02 1.961313757457283646e-01
1.142642642642642699e+02 2.347209252932173085e-01
1.144144144144144093e+02 2.545972342756953610e-01
1.145645645645645629e+02 2.958034475328504831e-01
1.147147147147147166e+02 2.976180215037702581e-01
1.148648648648648702e+02 2.046878272671248111e-01
1.150150150150150097e+02 2.167172049569122128e-01
1.151651651651651633e+02 2.487062023721518522e-01
1.153153153153153170e+02 2.844632405627017246e-01
1.154654654654654706e+02 3.244943411773665853e-01
1.156156156156156243e+02 2.196467648814688367e-01
1.157657657657657637e+02 2.034936177050007400e-01
1.159159159159159174e+02 2.445941911969615190e-01
1.160660660660660710e+02 2.741423125879310363e-01
1.162162162162162247e+02 3.254051788826073932e-01
1.163663663663663641e+02 2.396612050215278789e-01
1.165165165165165178e+02 1.962831862711605369e-01
1.166666666666666714e+02 2.423316988799699701e-01
1.168168168168168251e+02 2.649650488028241768e-01
1.169669669669669645e+02 3.124010808102603565e-01
1.171171171171171181e+02 2.632180135834897849e-01
1.172672672672672718e+02 1.958301309329770756e-01
1.174174174174174254e+02 2.419771491426231935e-01
1.175675675675675649e+02 2.570628804251535171e-01
1.177177177177177185e+02 2.999243730564786770e-01
1.178678678678678722e+02 2.890305384542918299e-01
1.180180180180180258e+02 2.022835978150056835e-01
1.181681681681681653e+02 2.225169386546366201e-01
1.183183183183183189e+02 2.506709514296774355e-01
1.184684684684684726e+02 2.882180148984704315e-01
1.186186186186186262e+02 3.160754600120206925e-01
1.187687687687687657e+02 2.150000411593786520e-01
1.189189189189189193e+02 2.068290453307272958e-01
1.190690690690690730e+02 2.458979535958057683e-01
1.192192192192192266e+02 2.774324373376306774e-01
1.193693693693693660e+02 3.297277527026293287e-01
1.195195195195195197e+02 2.328721052831701777e-01
1.196696696696696733e+02 1.968663479628190438e-01
1.198198198198198270e+02 2.428679260220589220e-01
1.199699699699699664e+02 2.677371257092981405e-01
1.201201201201201201e+02 3.165437965469353743e-01
1.202702702702702737e+02 2.547029054643413781e-01
1.204204204204204274e+02 1.939376640904191540e-01
1.205705705705705668e+02 2.417550366376762239e-01
1.207207207207207205e+02 2.593597045648948773e-01
1.208708708708708741e+02 3.039401403391963630e-01
1.210210210210210278e+02 2.794200142628238126e-01
1.211711711711711672e+02 1.985181342901711221e-01
1.213213213213213209e+02 2.293106490745970005e-01
1.214714714714714745e+02 2.525283707626370666e-01
1.216216216216216282e+02 2.920939678053625643e-01
1.217717717717717676e+02 3.061004539674615499e-01
1.219219219219219212e+02 2.099623384697245632e-01
1.220720720720720749e+02 2.125715266576926332e-01
1.222222222222222285e+02 2.472983207186631449e-01
1.223723723723723680e+02 2.810578404382268469e-01
1.225225225225225216e+02 3.338283107853962650e-01
1.226726726726726753e+02 2.269317532047592789e-01
1.228228228228228289e+02 2.005890531931030230e-01
1.229729729729729684e+02 2.437908667161856058e-01
1.231231231231231220e+02 2.709842915434328980e-01
1.232732732732732757e+02 3.209164593593117343e-01
1.234234234234234293e+02 2.479935839531218211e-01
1.235735735735735688e+02 1.948013408383253708e-01
1.237237237237237224e+02 2.421049586044201063e-01
1.238738738738738761e+02 2.621078593386008126e-01
1.240240240240240297e+02 3.080305971673831245e-01
1.241741741741741691e+02 2.719069377227326112e-01
1.243243243243243228e+02 1.961123056627859240e-01
1.244744744744744764e+02 2.347036063115153504e-01
1.246246246246246301e+02 2.545705198123948687e-01
1.247747747747747695e+02 2.957831554413686281e-01
1.249249249249249232e+02 2.975537043892230726e-01
1.250750750750750768e+02 2.046513831415703311e-01
1.252252252252252305e+02 2.167493854286729194e-01
1.253753753753753841e+02 2.487284426454992037e-01
1.255255255255255236e+02 2.844841719802992386e-01
1.256756756756756772e+02 3.244754046126283598e-01
1.258258258258258309e+02 2.196506335901037277e-01
1.259759759759759845e+02 2.035174355169222793e-01
1.261261261261261239e+02 2.445981597566318499e-01
1.262762762762762776e+02 2.741634007064261969e-01
1.264264264264264312e+02 3.254363207829762406e-01
1.265765765765765849e+02 2.396293360682257290e-01
1.267267267267267243e+02 1.962562330702127267e-01
1.268768768768768780e+02 2.423082821695778377e-01
1.270270270270270316e+02 2.649466352382734979e-01
1.271771771771771853e+02 3.123875403409790974e-01
1.273273273273273247e+02 2.631669544433207775e-01
1.274774774774774784e+02 1.958206538025478727e-01
1.276276276276276320e+02 2.420049468588977848e-01
1.277777777777777857e+02 2.570874060633887570e-01
1.279279279279279251e+02 2.999443709230480426e-01
1.280780780780780788e+02 2.890077587565728634e-01
1.282282282282282324e+02 2.023114418426709138e-01
1.283783783783783861e+02 2.225669411000401055e-01
1.285285285285285397e+02 2.507009760983703872e-01
1.286786786786786934e+02 2.882614146245154885e-01
1.288288288288288186e+02 3.160832969528116210e-01
1.289789789789789722e+02 2.149945812104222531e-01
1.291291291291291259e+02 2.068081886307717721e-01
1.292792792792792795e+02 2.458629281061016081e-01
1.294294294294294332e+02 2.774089849206262670e-01
1.295795795795795868e+02 3.297121442807229297e-01
1.297297297297297405e+02 2.328221212954463271e-01
1.298798798798798941e+02 1.968538378868066041e-01
1.300300300300300194e+02 2.428761281893692114e-01
1.301801801801801730e+02 2.677394602000245927e-01
1.303303303303303267e+02 3.165419642379855292e-01
1.304804804804804803e+02 2.546838448971074920e-01
1.306306306306306340e+02 1.939644677915288162e-01
1.307807807807807876e+02 2.417819365359762385e-01
1.309309309309309413e+02 2.593975943239036908e-01
1.310810810810810949e+02 3.039831817539895287e-01
1.312312312312312201e+02 2.794496542588966737e-01
1.313813813813813738e+02 1.985153028335788772e-01
1.315315315315315274e+02 2.292792368927695779e-01
1.316816816816816811e+02 2.524949849747341601e-01
1.318318318318318347e+02 2.920746719909871336e-01
1.319819819819819884e+02 3.060558573918783498e-01
1.321321321321321420e+02 2.099040372260246590e-01
1.322822822822822957e+02 2.125629487444304910e-01
1.324324324324324209e+02 2.472934102857384797e-01
1.325825825825825746e+02 2.810448041825581722e-01
1.327327327327327282e+02 3.337660186652655625e-01
1.328828828828828819e+02 2.269164902020603392e-01
1.330330330330330355e+02 2.006488360051336406e-01
1.331831831831831892e+02 2.438445162646211972e-01
1.333333333333333428e+02 2.710419460144661841e-01
1.334834834834834965e+02 3.209729250044386362e-01
1.336336336336336217e+02 2.480161322654484135e-01
1.337837837837837753e+02 1.948269629134054826e-01
1.339339339339339290e+02 2.421222894176666141e-01
1.340840840840840826e+02 2.621261359586123940e-01
1.342342342342342363e+02 3.080481617235315550e-01
1.343843843843843899e+02 2.718642666288522691e-01
1.345345345345345436e+02 1.961337878587550432e-01
1.346846846846846972e+02 2.347656151824087933e-01
1.348348348348348509e+02 2.546183300427242169e-01
1.349849849849849761e+02 2.958332405067857218e-01
1.351351351351351298e+02 2.975705476270855687e-01
1.352852852852852834e+02 2.046689384578898041e-01
1.354354354354354371e+02 2.167456827513394302e-01
1.355855855855855907e+02 2.487161598009844932e-01
1.357357357357357444e+02 2.844858557866820625e-01
1.358858858858858980e+02 3.244525865404366827e-01
1.360360360360360517e+02 2.196093881255815339e-01
1.361861861861861769e+02 2.034957990430544261e-01
1.363363363363363305e+02 2.445773895146277355e-01
1.364864864864864842e+02 2.741470036950536260e-01
1.366366366366366378e+02 3.254239855382424773e-01
1.367867867867867915e+02 2.395812919552851028e-01
1.369369369369369451e+02 1.962601037455833919e-01
1.370870870870870988e+02 2.423374043334596828e-01
1.372372372372372524e+02 2.649718419919283585e-01
1.373873873873873777e+02 3.124086271224514322e-01
1.375375375375375313e+02 2.631600823722132221e-01
1.376876876876876850e+02 1.958534998231558633e-01
1.378378378378378386e+02 2.420135969916789032e-01
1.379879879879879923e+02 2.571152505800425869e-01
1.381381381381381459e+02 2.999835107382141652e-01
1.382882882882882996e+02 2.889952981504662066e-01
1.384384384384384532e+02 2.022942373663570159e-01
1.385885885885885784e+02 2.225618919526127781e-01
1.387387387387387321e+02 2.506841502603519567e-01
1.388888888888888857e+02 2.882501258449197135e-01
1.390390390390390394e+02 3.160360310872439848e-01
1.391891891891891930e+02 2.149696759384955302e-01
1.393393393393393467e+02 2.068320895494368816e-01
1.394894894894895003e+02 2.458787273903641213e-01
1.396396396396396540e+02 2.774273093614866292e-01
1.397897897897897792e+02 3.297305172383070970e-01
1.399399399399399329e+02 2.328142221087566854e-01
1.400900900900900865e+02 1.968737265392988545e-01
1.402402402402402402e+02 2.428882871369431040e-01
1.403903903903903938e+02 2.677596430566724361e-01
1.405405405405405475e+02 3.165661113807994864e-01
1.406906906906907011e+02 2.546793353928313852e-01
1.408408408408408548e+02 1.939585682491660745e-01
1.409909909909909800e+02 2.417622466367788103e-01
1.411411411411411336e+02 2.593895650655407836e-01
1.412912912912912873e+02 3.039837477582857939e-01
1.414414414414414409e+02 2.793868648351800488e-01
1.415915915915915946e+02 1.984818729045655927e-01
1.417417417417417482e+02 2.293150206450332851e-01
1.418918918918919019e+02 2.525108965235717262e-01
1.420420420420420555e+02 2.920904139732873328e-01
1.421921921921921808e+02 3.060194421368025441e-01
1.423423423423423344e+02 2.099025405997804183e-01
1.424924924924924881e+02 2.126039801051471945e-01
1.426426426426426417e+02 2.473132754995988891e-01
1.427927927927927954e+02 2.810781625003421214e-01
1.429429429429429490e+02 3.337626190015797745e-01
1.430930930930931027e+02 2.269033668532239867e-01
1.432432432432432563e+02 2.006376936591529880e-01
1.433933933933933815e+02 2.438198366802061257e-01
1.435435435435435352e+02 2.710271955833260527e-01
1.436936936936936888e+02 3.209646889691619709e-01
1.438438438438438425e+02 2.479631646755256213e-01
1.439939939939939961e+02 1.948246014488204947e-01
1.441441441441441498e+02 2.421392436235942913e-01
1.442942942942943034e+02 2.621420378768479775e-01
1.444444444444444571e+02 3.080615809843542108e-01
1.445945945945946107e+02 2.718505988570249499e-01
1.447447447447447360e+02 1.961585144592500329e-01
1.448948948948948896e+02 2.347980564752170651e-01
1.450450450450450433e+02 2.546476570690995866e-01
1.451951951951951969e+02 2.958667018600563692e-01
1.453453453453453506e+02 2.975790825044046795e-01
1.454954954954955042e+02 2.046732919857125466e-01
1.456456456456456579e+02 2.167383561369174427e-01
1.457957957957958115e+02 2.487020134671307503e-01
1.459459459459459367e+02 2.844830362845501281e-01
1.460960960960960904e+02 3.244179951825930108e-01
1.462462462462462440e+02 2.195674573791671358e-01
1.463963963963963977e+02 2.034868156451534182e-01
1.465465465465465513e+02 2.445727542344063588e-01
1.466966966966967050e+02 2.741432024255375799e-01
1.468468468468468586e+02 3.254209646631716080e-01
1.469969969969970123e+02 2.395542369662909954e-01
1.471471471471471375e+02 1.962751773140517519e-01
1.472972972972972912e+02 2.423462269047216011e-01
1.474474474474474448e+02 2.649919906921744395e-01
1.475975975975975985e+02 3.124352822307364108e-01
1.477477477477477521e+02 2.631492255774554034e-01
1.478978978978979058e+02 1.958418499874741703e-01
1.480480480480480594e+02 2.419830494024503842e-01
1.481981981981982130e+02 2.570982576586510193e-01
1.483483483483483383e+02 2.999778547121946803e-01
1.484984984984984919e+02 2.889467878073753715e-01
1.486486486486486456e+02 2.022600670375813148e-01
1.487987987987987992e+02 2.225774371029838328e-01
1.489489489489489529e+02 2.506855086559794943e-01
1.490990990990991065e+02 2.882501929332571544e-01
1.492492492492492602e+02 3.159903799791226042e-01
1.493993993993994138e+02 2.149644304752400814e-01
1.495495495495495391e+02 2.068763408199865428e-01
1.496996996996996927e+02 2.459037158783078381e-01
1.498498498498498464e+02 2.774623123299467808e-01
1.500000000000000000e+02 3.297691325498811610e-01
