0.000000000000000000e+00 3.398127390754742128e-01
1.501501501501501523e-01 4.500181452426507134e-01
3.003003003003003046e-01 6.810184830944699952e-01
4.504504504504504570e-01 8.300303698679820652e-01
6.006006006006006093e-01 8.158485274083179251e-01
7.507507507507507061e-01 8.078016483489587340e-01
9.009009009009009139e-01 8.078204350746840401e-01
1.051051051051051122e+00 8.304230605689401079e-01
1.201201201201201219e+00 8.277305976460851422e-01
1.351351351351351315e+00 8.158630407424865005e-01
1.501501501501501412e+00 8.438447719577348849e-01
1.651651651651651731e+00 8.691390633486597572e-01
1.801801801801801828e+00 8.876053834014354660e-01
1.951951951951951925e+00 8.508855035124611721e-01
2.102102102102102243e+00 8.004950922930313961e-01
2.252252252252252340e+00 7.749793327241852881e-01
2.402402402402402437e+00 7.661352935869332192e-01
2.552552552552552534e+00 7.487188517413743138e-01
2.702702702702702631e+00 7.313005240427479237e-01
2.852852852852852727e+00 8.446078136391053093e-01
3.003003003003002824e+00 9.153454853292515292e-01
3.153153153153153365e+00 9.395001575067152277e-01
3.303303303303303462e+00 9.391482456139426116e-01
3.453453453453453559e+00 9.386772075731792953e-01
3.603603603603603656e+00 9.396302746241806947e-01
3.753753753753753752e+00 9.501208169050339158e-01
3.903903903903903849e+00 9.487690427351449518e-01
4.054054054054054390e+00 9.344873430060831598e-01
4.204204204204204487e+00 9.454534215110212969e-01
4.354354354354354584e+00 9.509838169411446440e-01
4.504504504504504681e+00 9.518960437825840781e-01
4.654654654654654777e+00 9.523291962221159812e-01
4.804804804804804874e+00 9.435162124683296181e-01
4.954954954954954971e+00 9.361986675326967600e-01
5.105105105105105068e+00 9.298535697226841812e-01
5.255255255255255165e+00 9.175810694234969311e-01
5.405405405405405261e+00 9.114134560294104848e-01
5.555555555555555358e+00 9.674407083828524545e-01
5.705705705705705455e+00 9.857449274003184936e-01
5.855855855855855552e+00 9.849729621696354798e-01
6.006006006006005649e+00 9.846378568743959780e-01
6.156156156156156634e+00 9.828929399016648194e-01
6.306306306306306730e+00 9.825905825514480441e-01
6.456456456456456827e+00 9.927317886232548405e-01
6.606606606606606924e+00 9.903572744183498644e-01
6.756756756756757021e+00 9.767050753947816855e-01
6.906906906906907118e+00 9.802333171441398596e-01
7.057057057057057214e+00 9.787775513875395239e-01
7.207207207207207311e+00 9.768886354723831378e-01
7.357357357357357408e+00 9.896193566097524208e-01
7.507507507507507505e+00 9.906724816974389336e-01
7.657657657657657602e+00 9.854090593034047219e-01
7.807807807807807698e+00 9.817171636733803552e-01
7.957957957957957795e+00 9.740754811885559139e-01
8.108108108108108780e+00 9.735072115533804915e-01
8.258258258258258877e+00 1.000416248605265013e+00
8.408408408408408974e+00 1.003658731568703111e+00
8.558558558558559071e+00 9.993870635162491745e-01
8.708708708708709167e+00 9.980785266730458627e-01
8.858858858858859264e+00 9.949654679590609341e-01
9.009009009009009361e+00 9.947770853463291374e-01
9.159159159159159458e+00 1.005570746440532126e+00
9.309309309309309555e+00 1.001918707601932912e+00
9.459459459459459651e+00 9.906948120569124550e-01
9.609609609609609748e+00 9.907661244176715343e-01
9.759759759759759845e+00 9.866780154871871433e-01
9.909909909909909942e+00 9.862847314041571778e-01
1.006006006006006004e+01 1.002891999290526082e+00
1.021021021021021014e+01 1.004933093762429674e+00
1.036036036036036023e+01 9.992417327220155521e-01
1.051051051051051033e+01 9.970361009779371564e-01
1.066066066066066043e+01 9.918769615476471513e-01
1.081081081081081052e+01 9.930489708426919471e-01
1.096096096096096062e+01 1.008382651677685704e+00
1.111111111111111072e+01 1.008094926367661959e+00
1.126126126126126081e+01 1.003442320539567723e+00
1.141141141141141091e+01 1.001710036533495884e+00
1.156156156156156101e+01 9.978328646518603851e-01
1.171171171171171110e+01 9.986739303909305532e-01
1.186186186186186120e+01 1.009328657955563591e+00
1.201201201201201130e+01 1.005097253631906717e+00
1.216216216216216317e+01 9.961914041815721488e-01
1.231231231231231327e+01 9.946285873090614515e-01
1.246246246246246336e+01 9.895604662639559956e-01
1.261261261261261346e+01 9.914484564515888554e-01
1.276276276276276356e+01 1.007913505245008778e+00
1.291291291291291365e+01 1.008342407024363840e+00
1.306306306306306375e+01 1.002580302597043449e+00
1.321321321321321385e+01 1.000855018385610862e+00
1.336336336336336394e+01 9.966120589468439039e-01
1.351351351351351404e+01 9.987309620826869683e-01
1.366366366366366414e+01 1.010183276841798872e+00
1.381381381381381424e+01 1.008749981993681377e+00
1.396396396396396433e+01 1.003813490574362532e+00
1.411411411411411443e+01 1.001936339631039452e+00
1.426426426426426453e+01 9.976043998977506266e-01
1.441441441441441462e+01 9.999806792343918227e-01
1.456456456456456472e+01 1.010467947302917668e+00
1.471471471471471482e+01 1.006363543329963139e+00
1.486486486486486491e+01 9.992129511386721452e-01
1.501501501501501501e+01 9.969989851741631881e-01
1.516516516516516511e+01 9.917403585709365643e-01
1.531531531531531520e+01 9.954601852676082663e-01
1.546546546546546530e+01 1.009858015164973422e+00
1.561561561561561540e+01 1.008457806621184893e+00
1.576576576576576549e+01 1.003072815281144337e+00
1.591591591591591559e+01 1.001265518712906477e+00
1.606606606606606746e+01 9.970593105336076345e-01
1.621621621621621756e+01 1.000515153138427760e+00
1.636636636636636766e+01 1.010803435837328346e+00
1.651651651651651775e+01 1.008323751946725855e+00
1.666666666666666785e+01 1.003090308409981812e+00
1.681681681681681795e+01 1.001086555283978496e+00
1.696696696696696804e+01 9.964598018185779615e-01
1.711711711711711814e+01 1.000368151554365648e+00
1.726726726726726824e+01 1.010691464226071146e+00
1.741741741741741833e+01 1.006854702841138316e+00
1.756756756756756843e+01 1.001118830562480966e+00
1.771771771771771853e+01 9.987037661713060732e-01
1.786786786786786863e+01 9.935260573474826717e-01
1.801801801801801872e+01 9.988138089968167099e-01
1.816816816816816882e+01 1.010778975787143708e+00
1.831831831831831892e+01 1.007886326293094159e+00
1.846846846846846901e+01 1.002824651599400596e+00
1.861861861861861911e+01 1.000749965581176237e+00
1.876876876876876921e+01 9.962508681981152581e-01
1.891891891891891930e+01 1.001270248073405478e+00
1.906906906906906940e+01 1.011101677096809759e+00
1.921921921921921950e+01 1.007663660614976919e+00
1.936936936936936959e+01 1.002587721947136412e+00
1.951951951951951969e+01 1.000418662658516977e+00
1.966966966966966979e+01 9.956001286479019274e-01
1.981981981981981988e+01 1.000973026348238593e+00
1.996996996996996998e+01 1.010779638753258602e+00
2.012012012012012008e+01 1.006809425063828867e+00
2.027027027027027017e+01 1.001977729290855157e+00
2.042042042042042027e+01 9.994709947964678376e-01
2.057057057057057037e+01 9.943173309172217422e-01
2.072072072072072046e+01 1.001097616923798839e+00
2.087087087087087056e+01 1.011249127279338689e+00
2.102102102102102066e+01 1.007337006842547344e+00
2.117117117117117076e+01 1.002607992860666375e+00
2.132132132132132085e+01 1.000290427808504079e+00
2.147147147147147095e+01 9.955264537878873998e-01
2.162162162162162105e+01 1.001977717497601894e+00
2.177177177177177114e+01 1.011140352423729460e+00
2.192192192192192124e+01 1.006870716547743072e+00
2.207207207207207134e+01 1.002329878481817094e+00
2.222222222222222143e+01 9.999443925481921180e-01
2.237237237237237153e+01 9.949133904042881671e-01
2.252252252252252163e+01 1.002006681473090799e+00
2.267267267267267172e+01 1.011059944082198347e+00
2.282282282282282182e+01 1.006563657691338598e+00
2.297297297297297192e+01 1.002197863765452723e+00
2.312312312312312201e+01 9.996048875489680352e-01
2.327327327327327211e+01 9.944181098655728857e-01
2.342342342342342221e+01 1.002409260214767173e+00
2.357357357357357230e+01 1.011303442621838800e+00
2.372372372372372240e+01 1.006727851244956451e+00
2.387387387387387250e+01 1.002573293379805941e+00
2.402402402402402259e+01 1.000049784419043242e+00
2.417417417417417624e+01 9.950669705162896728e-01
2.432432432432432634e+01 1.003028314258378462e+00
2.447447447447447644e+01 1.011234106998256888e+00
2.462462462462462653e+01 1.006158929428230930e+00
2.477477477477477663e+01 1.002049626807201888e+00
2.492492492492492673e+01 9.994384166016218041e-01
2.507507507507507682e+01 9.941839357481205841e-01
2.522522522522522692e+01 1.002956047307463017e+00
2.537537537537537702e+01 1.011220987614125599e+00
2.552552552552552712e+01 1.006174879764462293e+00
2.567567567567567721e+01 1.002338885684564751e+00
2.582582582582582731e+01 9.996489949774207684e-01
2.597597597597597741e+01 9.944186925803845112e-01
2.612612612612612750e+01 1.003493430465637992e+00
2.627627627627627760e+01 1.011231411894709442e+00
2.642642642642642770e+01 1.005982893750455132e+00
2.657657657657657779e+01 1.002386564966016191e+00
2.672672672672672789e+01 9.996482520197441657e-01
2.687687687687687799e+01 9.944080806617141555e-01
2.702702702702702808e+01 1.004077515031703172e+00
2.717717717717717818e+01 1.011382351739773311e+00
2.732732732732732828e+01 1.005668182722086801e+00
2.747747747747747837e+01 1.001959478186742691e+00
2.762762762762762847e+01 9.991741462907760551e-01
2.777777777777777857e+01 9.937892084873349852e-01
2.792792792792792866e+01 1.003836686218139151e+00
2.807807807807807876e+01 1.011140120566069278e+00
2.822822822822822886e+01 1.005537613324088309e+00
2.837837837837837895e+01 1.002349652535766023e+00
2.852852852852852905e+01 9.995051511000659916e-01
2.867867867867867915e+01 9.941300794759853066e-01
2.882882882882882924e+01 1.004608097187212001e+00
2.897897897897897934e+01 1.011281273657517410e+00
2.912912912912912944e+01 1.005324758319144252e+00
2.927927927927927954e+01 1.002103474630786417e+00
2.942942942942942963e+01 9.991750086953359311e-01
2.957957957957957973e+01 9.937236206244655090e-01
2.972972972972972983e+01 1.004833024044923251e+00
2.987987987987987992e+01 1.011300684511626358e+00
3.003003003003003002e+01 1.005144267645187384e+00
3.018018018018018012e+01 1.002057817819128616e+00
3.033033033033033021e+01 9.991171078460493460e-01
3.048048048048048031e+01 9.936256159087470952e-01
3.063063063063063041e+01 1.004943119189486644e+00
3.078078078078078050e+01 1.011107404255294107e+00
3.093093093093093060e+01 1.004834950658716641e+00
3.108108108108108070e+01 1.002103943671346364e+00
3.123123123123123079e+01 9.990683093905633472e-01
3.138138138138138089e+01 9.934781868563982155e-01
3.153153153153153099e+01 1.005446865698487846e+00
3.168168168168168108e+01 1.011237740425143805e+00
3.183183183183183118e+01 1.004758856251769306e+00
3.198198198198198128e+01 1.002043975757593408e+00
3.213213213213213493e+01 9.989632087697442042e-01
3.228228228228228147e+01 9.933841055635480588e-01
3.243243243243243512e+01 1.005643494903008417e+00
3.258258258258258167e+01 1.011122079586079803e+00
3.273273273273273531e+01 1.004457161716255653e+00
3.288288288288288186e+01 1.001963197842182351e+00
3.303303303303303551e+01 9.988329557171372608e-01
3.318318318318318205e+01 9.931538642458983546e-01
3.333333333333333570e+01 1.005989936743238333e+00
3.348348348348348225e+01 1.011123794859001723e+00
3.363363363363363590e+01 1.004288870628998076e+00
3.378378378378378244e+01 1.001934821594393510e+00
3.393393393393393609e+01 9.987439031449646398e-01
3.408408408408408263e+01 9.930091421209079616e-01
3.423423423423423628e+01 1.006098090327371519e+00
3.438438438438438283e+01 1.010977591846363044e+00
3.453453453453453648e+01 1.004046419170890436e+00
3.468468468468468302e+01 1.001993287756327344e+00
3.483483483483483667e+01 9.987320914991547616e-01
3.498498498498498321e+01 9.929774603147361045e-01
3.513513513513513686e+01 1.006618515494552168e+00
3.528528528528528341e+01 1.011061190640714758e+00
3.543543543543543706e+01 1.003843532467304067e+00
3.558558558558558360e+01 1.001740298729437706e+00
3.573573573573573725e+01 9.984353022149221601e-01
3.588588588588588379e+01 9.925869587871141153e-01
3.603603603603603744e+01 1.006699720955917865e+00
3.618618618618618399e+01 1.010931742566007596e+00
3.633633633633633764e+01 1.003713886510582132e+00
3.648648648648648418e+01 1.001931472720418048e+00
3.663663663663663783e+01 9.985917656248837204e-01
3.678678678678678438e+01 9.927305516171547328e-01
3.693693693693693803e+01 1.006934759278065528e+00
3.708708708708708457e+01 1.010761818575722781e+00
3.723723723723723822e+01 1.003284784522894046e+00
3.738738738738738476e+01 1.001726176084823505e+00
3.753753753753753841e+01 9.982613410261355069e-01
3.768768768768768496e+01 9.922823027689615660e-01
3.783783783783783861e+01 1.007374539786998424e+00
3.798798798798798515e+01 1.010916137510630808e+00
3.813813813813813880e+01 1.003326403060572192e+00
3.828828828828828534e+01 1.001705986800291326e+00
3.843843843843843899e+01 9.982622282584294737e-01
3.858858858858859264e+01 9.923147102278031539e-01
3.873873873873873919e+01 1.007402497487427384e+00
3.888888888888889284e+01 1.010635643876112155e+00
3.903903903903903938e+01 1.002965820152530219e+00
3.918918918918919303e+01 1.001747203092006933e+00
3.933933933933933957e+01 9.982128401394011474e-01
3.948948948948949322e+01 9.921402678083501847e-01
3.963963963963963977e+01 1.007763822587329106e+00
3.978978978978979342e+01 1.010619655372343662e+00
3.993993993993993996e+01 1.002720353755089944e+00
4.009009009009009361e+01 1.001553506282264472e+00
4.024024024024024015e+01 9.979342275979803389e-01
4.039039039039039380e+01 9.918144180507528773e-01
4.054054054054054035e+01 1.007906174677656974e+00
4.069069069069069400e+01 1.010555380160276906e+00
4.084084084084084054e+01 1.002653680231986755e+00
4.099099099099099419e+01 1.001648660914847833e+00
4.114114114114114074e+01 9.980297428834866702e-01
4.129129129129129439e+01 9.922898453326760571e-01
4.144144144144144093e+01 1.008252698658198554e+00
4.159159159159159458e+01 1.010447944968067890e+00
4.174174174174174112e+01 1.002488902902783696e+00
4.189189189189189477e+01 1.001454816012482985e+00
4.204204204204204132e+01 9.977439204388117711e-01
4.219219219219219497e+01 9.923350042669307758e-01
4.234234234234234151e+01 1.008293209220379127e+00
4.249249249249249516e+01 1.010300030737798727e+00
4.264264264264264170e+01 1.002671180901096859e+00
4.279279279279279535e+01 1.001544290560921757e+00
4.294294294294294190e+01 9.977791835160749745e-01
4.309309309309309555e+01 9.931316248900744492e-01
4.324324324324324209e+01 1.008582200254917183e+00
4.339339339339339574e+01 1.010217503012019291e+00
4.354354354354354228e+01 1.002551438406890760e+00
4.369369369369369593e+01 1.001355854556697178e+00
4.384384384384384248e+01 9.975320748251212954e-01
4.399399399399399613e+01 9.934752077663588921e-01
4.414414414414414267e+01 1.008894759174304712e+00
4.429429429429429632e+01 1.010207786277011355e+00
4.444444444444444287e+01 1.002582964353883499e+00
4.459459459459459651e+01 1.001374272338956484e+00
4.474474474474474306e+01 9.975328206995356384e-01
4.489489489489489671e+01 9.937316946174153953e-01
4.504504504504504325e+01 1.008801987949753176e+00
4.519519519519519690e+01 1.009874684958609103e+00
4.534534534534534345e+01 1.002660139968146069e+00
4.549549549549549710e+01 1.001350453135230190e+00
4.564564564564564364e+01 9.973870548211456466e-01
4.579579579579579729e+01 9.944892706361457835e-01
4.594594594594594383e+01 1.009262029563116059e+00
4.609609609609609748e+01 1.009953375918331231e+00
4.624624624624624403e+01 1.002529265249603396e+00
4.639639639639639768e+01 1.001154025945984793e+00
4.654654654654654422e+01 9.971759271845281880e-01
4.669669669669669787e+01 9.946525589806929357e-01
4.684684684684684441e+01 1.009300107734463214e+00
4.699699699699699806e+01 1.009770592866320538e+00
4.714714714714714461e+01 1.002669375840111066e+00
4.729729729729729826e+01 1.001278566832382921e+00
4.744744744744744480e+01 9.972688496778110423e-01
4.759759759759759845e+01 9.952656816314484622e-01
4.774774774774774500e+01 1.009465849932743575e+00
4.789789789789789864e+01 1.009555701235798741e+00
4.804804804804804519e+01 1.002535584102784094e+00
4.819819819819819884e+01 1.001049084400008837e+00
4.834834834834835249e+01 9.969073532000278792e-01
4.849849849849849903e+01 9.955307599614416914e-01
4.864864864864865268e+01 1.009642553828500100e+00
4.879879879879879923e+01 1.009530166968867659e+00
4.894894894894895288e+01 1.002665696301783482e+00
4.909909909909909942e+01 1.001114353158044423e+00
4.924924924924925307e+01 9.969895957548994270e-01
4.939939939939939961e+01 9.961695734432230998e-01
4.954954954954955326e+01 1.009827585821005957e+00
4.969969969969969981e+01 1.009340590504326673e+00
4.984984984984985346e+01 1.002530972570708334e+00
5.000000000000000000e+01 1.000949489340181575e+00
5.015015015015015365e+01 9.967387608984715763e-01
5.030030030030030019e+01 9.964173231849781098e-01
5.045045045045045384e+01 1.009956256401482788e+00
5.060060060060060039e+01 1.009217589309254759e+00
5.075075075075075404e+01 1.002606461627330026e+00
5.090090090090090058e+01 1.000958336026859019e+00
5.105105105105105423e+01 9.966911507657585378e-01
5.120120120120120077e+01 9.968182557295990343e-01
5.135135135135135442e+01 1.009967068931980627e+00
5.150150150150150097e+01 1.008989452323393987e+00
5.165165165165165462e+01 1.002627327195287243e+00
5.180180180180180116e+01 1.000884677078766272e+00
5.195195195195195481e+01 9.965534323707956332e-01
5.210210210210210136e+01 9.975096310990296811e-01
5.225225225225225500e+01 1.010372456646043249e+00
5.240240240240240155e+01 1.008996952017866544e+00
5.255255255255255520e+01 1.002475689911992429e+00
5.270270270270270174e+01 1.000719908063599117e+00
5.285285285285285539e+01 9.963650300689788075e-01
5.300300300300300194e+01 9.975234986721579489e-01
5.315315315315315559e+01 1.010213795192756336e+00
5.330330330330330213e+01 1.008698410466167150e+00
5.345345345345345578e+01 1.002661589083990057e+00
5.360360360360360232e+01 1.000839173518472069e+00
5.375375375375375597e+01 9.964043777984179506e-01
5.390390390390390252e+01 9.982376881860666185e-01
5.405405405405405617e+01 1.010436171342397493e+00
5.420420420420420271e+01 1.008545603871147112e+00
5.435435435435435636e+01 1.002473343327144661e+00
5.450450450450450290e+01 1.000548335119779475e+00
5.465465465465465655e+01 9.960305437331439249e-01
5.480480480480480310e+01 9.985215140761031227e-01
5.495495495495495675e+01 1.010627015179910382e+00
5.510510510510510329e+01 1.008521936938251651e+00
5.525525525525525694e+01 1.002584629634578839e+00
5.540540540540540349e+01 1.000657589543924253e+00
5.555555555555555713e+01 9.961681575812108003e-01
5.570570570570570368e+01 9.989378696157624749e-01
5.585585585585585733e+01 1.010578089274078550e+00
5.600600600600600387e+01 1.008176391108316361e+00
5.615615615615615752e+01 1.002498904664350210e+00
5.630630630630630407e+01 1.000490509567018016e+00
5.645645645645645772e+01 9.958523138431885080e-01
5.660660660660660426e+01 9.993226482251311715e-01
5.675675675675675791e+01 1.010755783291343857e+00
5.690690690690690445e+01 1.008109683225383968e+00
5.705705705705705810e+01 1.002519814219263727e+00
5.720720720720720465e+01 1.000433486367202418e+00
5.735735735735735830e+01 9.957869997900042902e-01
5.750750750750750484e+01 9.997078455922683293e-01
5.765765765765765849e+01 1.010803987980757990e+00
5.780780780780781214e+01 1.007913764809170942e+00
5.795795795795795868e+01 1.002511171782889843e+00
5.810810810810811233e+01 1.000389443241741949e+00
5.825825825825825888e+01 9.956976333213314323e-01
5.840840840840841253e+01 1.000219787575054475e+00
5.855855855855855907e+01 1.010975488453659255e+00
5.870870870870871272e+01 1.007762201680305836e+00
5.885885885885885926e+01 1.002413457475237246e+00
5.900900900900901291e+01 1.000243438868984258e+00
5.915915915915915946e+01 9.954667336729898786e-01
5.930930930930931311e+01 1.000307407377105218e+00
5.945945945945945965e+01 1.010839733801272899e+00
5.960960960960961330e+01 1.007504849776162281e+00
5.975975975975975985e+01 1.002559775950877308e+00
5.990990990990991349e+01 1.000295834372420423e+00
6.006006006006006004e+01 9.954756712365182558e-01
6.021021021021021369e+01 1.001037088844224154e+00
6.036036036036036023e+01 1.011116381693612620e+00
6.051051051051051388e+01 1.007392125457195586e+00
6.066066066066066043e+01 1.002325547805784645e+00
6.081081081081081408e+01 1.000018360676227624e+00
6.096096096096096062e+01 9.951433930214115264e-01
6.111111111111111427e+01 1.001179311538331618e+00
6.126126126126126081e+01 1.011107638909401363e+00
6.141141141141141446e+01 1.007247071070154876e+00
6.156156156156156101e+01 1.002484271512122938e+00
6.171171171171171466e+01 1.000155461359863329e+00
6.186186186186186120e+01 9.952517476418423215e-01
6.201201201201201485e+01 1.001553845811395949e+00
6.216216216216216139e+01 1.011011027327417100e+00
6.231231231231231504e+01 1.006883103061194440e+00
6.246246246246246159e+01 1.002374046500215776e+00
6.261261261261261524e+01 9.999189297855862746e-01
6.276276276276276178e+01 9.948851293602363199e-01
6.291291291291291543e+01 1.002055479324840404e+00
6.306306306306306197e+01 1.011291019804598346e+00
6.321321321321321562e+01 1.006903694570778551e+00
6.336336336336336217e+01 1.002345104902201411e+00
6.351351351351351582e+01 9.998783844052654413e-01
6.366366366366366236e+01 9.948826967861401638e-01
6.381381381381381601e+01 1.002257706089631828e+00
6.396396396396396256e+01 1.011153949171420319e+00
6.411411411411411621e+01 1.006594709416526179e+00
6.426426426426426985e+01 1.002378934928437770e+00
6.441441441441440929e+01 9.998608916451171558e-01
6.456456456456456294e+01 9.947577953229975734e-01
6.471471471471471659e+01 1.002717200497775352e+00
6.486486486486487024e+01 1.011231177117958513e+00
6.501501501501500968e+01 1.006390534647657153e+00
6.516516516516516333e+01 1.002265224173306102e+00
6.531531531531531698e+01 9.996510964871401228e-01
6.546546546546547063e+01 9.944735530540598223e-01
6.561561561561561007e+01 1.002921767120642071e+00
6.576576576576576372e+01 1.011226160841519173e+00
6.591591591591591737e+01 1.006246617383165010e+00
6.606606606606607102e+01 1.002349962533737093e+00
6.621621621621621046e+01 9.997009771716951487e-01
6.636636636636636410e+01 9.945336963840303302e-01
6.651651651651651775e+01 1.003482329738645262e+00
6.666666666666667140e+01 1.011327722315170874e+00
6.681681681681681084e+01 1.006027515014482621e+00
6.696696696696696449e+01 1.002159134597129464e+00
6.711711711711711814e+01 9.994632837762891242e-01
6.726726726726727179e+01 9.941823001940612858e-01
6.741741741741742544e+01 1.003562918232357770e+00
6.756756756756756488e+01 1.011212994962864320e+00
6.771771771771771853e+01 1.005832255526574404e+00
6.786786786786787218e+01 1.002320616283116861e+00
6.801801801801802583e+01 9.995533500712209252e-01
6.816816816816816527e+01 9.942476646896006853e-01
6.831831831831831892e+01 1.004009706110140066e+00
6.846846846846847257e+01 1.011226717756912308e+00
6.861861861861862621e+01 1.005552375317898539e+00
6.876876876876876565e+01 1.002138026559024953e+00
6.891891891891891930e+01 9.992883897965718631e-01
6.906906906906907295e+01 9.939042023372581802e-01
6.921921921921922660e+01 1.004435899706008994e+00
6.936936936936936604e+01 1.011387199173596985e+00
6.951951951951951969e+01 1.005525614003236257e+00
6.966966966966967334e+01 1.002143873573139832e+00
6.981981981981982699e+01 9.993001872099658289e-01
6.996996996996996643e+01 9.939098969582738086e-01
7.012012012012012008e+01 1.004483639908224202e+00
7.027027027027027373e+01 1.011104709612417274e+00
7.042042042042042738e+01 1.005122500031466082e+00
7.057057057057056682e+01 1.002189503614864252e+00
7.072072072072072046e+01 9.992325529799929162e-01
7.087087087087087411e+01 9.937195983899287377e-01
7.102102102102102776e+01 1.005036821905707090e+00
7.117117117117116720e+01 1.011280379108669969e+00
7.132132132132132085e+01 1.005005446361198818e+00
7.147147147147147450e+01 1.002006099287336305e+00
7.162162162162162815e+01 9.989941508046231711e-01
7.177177177177176759e+01 9.934665938467915902e-01
7.192192192192192124e+01 1.005199117237123518e+00
7.207207207207207489e+01 1.011214236615854078e+00
7.222222222222222854e+01 1.004861100784799843e+00
7.237237237237236798e+01 1.002118078680176883e+00
7.252252252252252163e+01 9.990982520573723491e-01
7.267267267267267528e+01 9.935452760018325113e-01
7.282282282282282893e+01 1.005563025632201901e+00
7.297297297297296836e+01 1.011120980228752630e+00
7.312312312312312201e+01 1.004505979770866642e+00
7.327327327327327566e+01 1.001946615243997529e+00
7.342342342342342931e+01 9.988146318783786004e-01
7.357357357357356875e+01 9.931178257615287386e-01
7.372372372372372240e+01 1.005749564386234196e+00
7.387387387387387605e+01 1.011113710357392170e+00
7.402402402402402970e+01 1.004409520781403220e+00
7.417417417417416914e+01 1.002033985426583396e+00
7.432432432432432279e+01 9.988659471287548719e-01
7.447447447447447644e+01 9.932101118486628133e-01
7.462462462462463009e+01 1.006144446653663982e+00
7.477477477477476953e+01 1.011087555353439527e+00
7.492492492492492318e+01 1.004140598920158389e+00
7.507507507507507682e+01 1.001867437873196431e+00
7.522522522522523047e+01 9.986491628391047648e-01
7.537537537537536991e+01 9.928846039585907945e-01
7.552552552552552356e+01 1.006403586799935024e+00
7.567567567567567721e+01 1.011052635266446176e+00
7.582582582582583086e+01 1.003997351846481534e+00
7.597597597597597030e+01 1.001909198330878326e+00
7.612612612612612395e+01 9.986400972857492064e-01
7.627627627627627760e+01 9.928354136602905999e-01
7.642642642642643125e+01 1.006487503975655118e+00
7.657657657657657069e+01 1.010846818563174487e+00
7.672672672672672434e+01 1.003647978323945811e+00
7.687687687687687799e+01 1.001881016830103999e+00
7.702702702702703164e+01 9.985135855300197871e-01
7.717717717717718529e+01 9.926443398545632402e-01
7.732732732732732472e+01 1.007060083350128865e+00
7.747747747747747837e+01 1.011018485128769573e+00
7.762762762762763202e+01 1.003584934935203066e+00
7.777777777777778567e+01 1.001702047438667753e+00
7.792792792792792511e+01 9.983269662005689327e-01
7.807807807807807876e+01 9.924283029922519317e-01
7.822822822822823241e+01 1.007037549531754506e+00
7.837837837837838606e+01 1.010771737721240626e+00
7.852852852852852550e+01 1.003330263166545944e+00
7.867867867867867915e+01 1.001856942127560268e+00
7.882882882882883280e+01 9.984187641036178507e-01
7.897897897897898645e+01 9.924511167346881102e-01
7.912912912912912589e+01 1.007381163658727541e+00
7.927927927927927954e+01 1.010696381544406997e+00
7.942942942942943318e+01 1.002983509638177617e+00
7.957957957957958683e+01 1.001616646832859336e+00
7.972972972972972627e+01 9.980671439143292689e-01
7.987987987987987992e+01 9.920071905836083115e-01
8.003003003003003357e+01 1.007655388900922766e+00
8.018018018018018722e+01 1.010746996219322069e+00
8.033033033033032666e+01 1.002999469042147318e+00
8.048048048048048031e+01 1.001697474203781413e+00
8.063063063063063396e+01 9.981714817319162769e-01
8.078078078078078761e+01 9.921555151776972892e-01
8.093093093093092705e+01 1.007832634473136313e+00
8.108108108108108070e+01 1.010525556652001722e+00
8.123123123123123435e+01 1.002595648746067214e+00
8.138138138138138800e+01 1.001576077740649939e+00
8.153153153153152743e+01 9.979431260609271659e-01
8.168168168168168108e+01 9.918076342904622589e-01
8.183183183183183473e+01 1.008065848412767140e+00
8.198198198198198838e+01 1.010487090849166325e+00
8.213213213213212782e+01 1.002601600652540670e+00
8.228228228228228147e+01 1.001560386377485123e+00
8.243243243243243512e+01 9.978730850621964077e-01
8.258258258258258877e+01 9.923553894867783720e-01
8.273273273273272821e+01 1.008231971574219621e+00
8.288288288288288186e+01 1.010363354616815368e+00
8.303303303303303551e+01 1.002616140225389030e+00
8.318318318318318916e+01 1.001512219091645894e+00
8.333333333333332860e+01 9.977843601801725804e-01
8.348348348348348225e+01 9.929424823780688136e-01
8.363363363363363590e+01 1.008626105378409354e+00
8.378378378378378954e+01 1.010349526561494127e+00
8.393393393393392898e+01 1.002507474073463412e+00
8.408408408408408263e+01 1.001383274966476833e+00
8.423423423423423628e+01 9.976040106041536015e-01
8.438438438438438993e+01 9.929883690421879017e-01
8.453453453453452937e+01 1.008531340447436975e+00
8.468468468468468302e+01 1.010080752112684443e+00
8.483483483483483667e+01 1.002705662764226791e+00
8.498498498498499032e+01 1.001487066066039100e+00
8.513513513513512976e+01 9.976267981564278520e-01
8.528528528528528341e+01 9.939054335466788181e-01
8.543543543543543706e+01 1.008959660171613537e+00
8.558558558558559071e+01 1.010081024812100159e+00
8.573573573573573015e+01 1.002502117996136421e+00
8.588588588588588379e+01 1.001210892730977520e+00
8.603603603603603744e+01 9.972972763728102930e-01
8.618618618618619109e+01 9.940261849905729363e-01
8.633633633633633053e+01 1.009107952578392808e+00
8.648648648648648418e+01 1.010001878973060929e+00
8.663663663663663783e+01 1.002652240673305606e+00
8.678678678678679148e+01 1.001351831780719959e+00
8.693693693693694513e+01 9.974339615392577851e-01
8.708708708708708457e+01 9.945445628165536789e-01
8.723723723723723822e+01 1.009136901976943834e+00
8.738738738738739187e+01 1.009699210862817331e+00
8.753753753753754552e+01 1.002591096844509533e+00
8.768768768768768496e+01 1.001190175646501368e+00
8.783783783783783861e+01 9.971286700303374495e-01
8.798798798798799226e+01 9.950397103141390698e-01
8.813813813813814591e+01 1.009493447004129463e+00
8.828828828828828534e+01 1.009760456814714491e+00
8.843843843843843899e+01 1.002596289779116967e+00
8.858858858858859264e+01 1.001130713564631014e+00
8.873873873873874629e+01 9.970806812056099977e-01
8.888888888888888573e+01 9.954036779373300892e-01
8.903903903903903938e+01 1.009546794707911754e+00
8.918918918918919303e+01 1.009536009648125621e+00
8.933933933933934668e+01 1.002618734618205831e+00
8.948948948948948612e+01 1.001128641833351374e+00
8.963963963963963977e+01 9.970141688704892147e-01
8.978978978978979342e+01 9.959082415045887871e-01
8.993993993993994707e+01 1.009761148045629442e+00
9.009009009009008651e+01 1.009402877256050601e+00
9.024024024024024015e+01 1.002547142523124712e+00
9.039039039039039380e+01 1.000978395344415794e+00
9.054054054054054745e+01 9.967711470235878224e-01
9.069069069069068689e+01 9.961435319797118382e-01
9.084084084084084054e+01 1.009789333914130172e+00
9.099099099099099419e+01 1.009249404311070686e+00
9.114114114114114784e+01 1.002678981841759853e+00
9.129129129129128728e+01 1.001030236635659154e+00
9.144144144144144093e+01 9.968036268162312474e-01
9.159159159159159458e+01 9.969084639250902491e-01
9.174174174174174823e+01 1.010129742057165103e+00
9.189189189189188767e+01 1.009164986425503008e+00
9.204204204204204132e+01 1.002473589900698459e+00
9.219219219219219497e+01 1.000799271315150785e+00
9.234234234234234862e+01 9.965067203249318162e-01
9.249249249249248805e+01 9.969515742855068474e-01
9.264264264264264170e+01 1.010099127945396802e+00
9.279279279279279535e+01 1.008971849376453012e+00
9.294294294294294900e+01 1.002664104164766590e+00
9.309309309309308844e+01 1.000931260710351989e+00
9.324324324324324209e+01 9.965896109733616282e-01
9.339339339339339574e+01 9.975668056263263805e-01
9.354354354354354939e+01 1.010198281171143853e+00
9.369369369369368883e+01 1.008744304595815322e+00
9.384384384384384248e+01 1.002539699709485310e+00
9.399399399399399613e+01 1.000699902174121192e+00
9.414414414414414978e+01 9.962630334235770269e-01
9.429429429429428922e+01 9.980462769570506154e-01
9.444444444444444287e+01 1.010540535118404248e+00
9.459459459459459651e+01 1.008778548095305982e+00
9.474474474474475016e+01 1.002526051987801203e+00
9.489489489489488960e+01 1.000683312486573495e+00
9.504504504504504325e+01 9.962648555358526448e-01
9.519519519519519690e+01 9.982212877906500026e-01
9.534534534534535055e+01 1.010377717850602153e+00
9.549549549549548999e+01 1.008416792235750314e+00
9.564564564564564364e+01 1.002596715283065487e+00
9.579579579579579729e+01 1.000678717716728450e+00
9.594594594594595094e+01 9.961377312159851449e-01
9.609609609609609038e+01 9.988413560209532527e-01
9.624624624624624403e+01 1.010638207479123807e+00
9.639639639639639768e+01 1.008338626400828941e+00
9.654654654654655133e+01 1.002476674242570587e+00
9.669669669669670498e+01 1.000468294456173357e+00
9.684684684684684441e+01 9.958823745324173471e-01
9.699699699699699806e+01 9.990939578050933578e-01
9.714714714714715171e+01 1.010703586673571630e+00
9.729729729729730536e+01 1.008209762369514317e+00
9.744744744744744480e+01 1.002578166733642639e+00
9.759759759759759845e+01 1.000552057847859722e+00
9.774774774774775210e+01 9.959640229596591343e-01
9.789789789789790575e+01 9.996410608621355554e-01
9.804804804804804519e+01 1.010801879544934279e+00
9.819819819819819884e+01 1.007958936823421858e+00
9.834834834834835249e+01 1.002422439389966335e+00
9.849849849849850614e+01 1.000327885877570600e+00
9.864864864864864558e+01 9.956095390825223657e-01
9.879879879879879923e+01 9.998037244989341765e-01
9.894894894894895288e+01 1.010808892160361294e+00
9.909909909909910652e+01 1.007818881333796490e+00
9.924924924924924596e+01 1.002568021442718837e+00
9.939939939939939961e+01 1.000395242450429212e+00
9.954954954954955326e+01 9.956704965713312205e-01
9.969969969969970691e+01 1.000410924417646452e+00
9.984984984984984635e+01 1.010955457085549902e+00
1.000000000000000000e+02 1.007624659777368592e+00
1.001501501501501536e+02 1.002401488307165467e+00
1.003003003003003073e+02 1.000178706796428951e+00
1.004504504504504467e+02 9.953813443748976697e-01
1.006006006006006004e+02 1.000731697291647349e+00
1.007507507507507540e+02 1.011080687809263523e+00
1.009009009009009077e+02 1.007522685753566849e+00
1.010510510510510471e+02 1.002447665681936106e+00
1.012012012012012008e+02 1.000199379551446333e+00
1.013513513513513544e+02 9.953650613297916339e-01
1.015015015015015081e+02 1.000920754139657198e+00
1.016516516516516475e+02 1.010905050847526354e+00
1.018018018018018012e+02 1.007173502163963175e+00
1.019519519519519548e+02 1.002486353175704004e+00
1.021021021021021085e+02 1.000123711277759675e+00
1.022522522522522479e+02 9.951916289276594441e-01
1.024024024024024015e+02 1.001610695624770342e+00
1.025525525525525552e+02 1.011242233082545461e+00
1.027027027027027088e+02 1.007151484719955192e+00
1.028528528528528483e+02 1.002308136233727609e+00
1.030030030030030019e+02 9.999166585467795798e-01
1.031531531531531556e+02 9.949758756261688486e-01
1.033033033033033092e+02 1.001697247719120831e+00
1.034534534534534487e+02 1.011121052617956151e+00
1.036036036036036023e+02 1.006917631348361652e+00
1.037537537537537560e+02 1.002463491312633348e+00
1.039039039039039096e+02 1.000040298774328651e+00
1.040540540540540491e+02 9.950416992218777956e-01
1.042042042042042027e+02 1.002191101749700497e+00
1.043543543543543564e+02 1.011138806708899551e+00
1.045045045045045100e+02 1.006620036036967036e+00
1.046546546546546494e+02 1.002288251358738336e+00
1.048048048048048031e+02 9.997474447689982391e-01
1.049549549549549567e+02 9.946294701336285682e-01
1.051051051051051104e+02 1.002487309193043519e+00
1.052552552552552498e+02 1.011269670494195916e+00
1.054054054054054035e+02 1.006586379463161762e+00
1.055555555555555571e+02 1.002373758894242073e+00
1.057057057057057108e+02 9.998177138470830672e-01
1.058558558558558644e+02 9.947448639023239725e-01
1.060060060060060039e+02 1.002896005175592409e+00
1.061561561561561575e+02 1.011234737408511997e+00
1.063063063063063112e+02 1.006284085970195807e+00
1.064564564564564648e+02 1.002255107496470732e+00
1.066066066066066043e+02 9.996409086933565336e-01
1.067567567567567579e+02 9.944366018706736199e-01
1.069069069069069116e+02 1.003177535563019251e+00
1.070570570570570652e+02 1.011255846787358026e+00
1.072072072072072046e+02 1.006126270590974592e+00
1.073573573573573583e+02 1.002292136824920021e+00
1.075075075075075119e+02 9.996033936056580860e-01
1.076576576576576656e+02 9.943669917221393817e-01
1.078078078078078050e+02 1.003452475077589945e+00
1.079579579579579587e+02 1.011203908290588149e+00
1.081081081081081123e+02 1.005876613051708501e+00
1.082582582582582660e+02 1.002262952838439025e+00
1.084084084084084054e+02 9.995085715836722340e-01
1.085585585585585591e+02 9.942268486716538956e-01
1.087087087087087127e+02 1.004023372556553717e+00
1.088588588588588664e+02 1.011394155287344887e+00
1.090090090090090058e+02 1.005779739860628297e+00
1.091591591591591595e+02 1.002126332054995350e+00
1.093093093093093131e+02 9.993534722813621762e-01
1.094594594594594668e+02 9.940142579682001989e-01
1.096096096096096062e+02 1.004005020955379246e+00
1.097597597597597598e+02 1.011147906937894136e+00
1.099099099099099135e+02 1.005473451992042078e+00
1.100600600600600671e+02 1.002283077585286009e+00
1.102102102102102066e+02 9.994220350056853830e-01
1.103603603603603602e+02 9.940168829860702715e-01
1.105105105105105139e+02 1.004566999836930430e+00
1.106606606606606675e+02 1.011263884025205506e+00
1.108108108108108070e+02 1.005255500094541343e+00
1.109609609609609606e+02 1.002039285443256045e+00
1.111111111111111143e+02 9.991004855135577900e-01
1.112612612612612679e+02 9.936311418726100353e-01
1.114114114114114074e+02 1.004823624977619012e+00
1.115615615615615610e+02 1.011314484596044894e+00
1.117117117117117147e+02 1.005211437618616088e+00
1.118618618618618683e+02 1.002158692739124390e+00
1.120120120120120077e+02 9.992310641492341272e-01
1.121621621621621614e+02 9.937709374212688740e-01
1.123123123123123150e+02 1.005048026425406471e+00
1.124624624624624687e+02 1.011101500416157206e+00
1.126126126126126081e+02 1.004777323725904781e+00
1.127627627627627618e+02 1.002048283548725438e+00
1.129129129129129154e+02 9.989943711333910681e-01
1.130630630630630691e+02 9.933733615756953350e-01
1.132132132132132085e+02 1.005428068683079657e+00
1.133633633633633622e+02 1.011225686842964100e+00
1.135135135135135158e+02 1.004720615612388457e+00
1.136636636636636695e+02 1.002020617557311644e+00
1.138138138138138089e+02 9.989325509901194611e-01
1.139639639639639626e+02 9.933470195324374252e-01
1.141141141141141162e+02 1.005656242183088356e+00
1.142642642642642699e+02 1.011132838881356744e+00
1.144144144144144093e+02 1.004484364401812435e+00
1.145645645645645629e+02 1.002014619600770873e+00
1.147147147147147166e+02 9.988926165854222772e-01
1.148648648648648702e+02 9.932309452989979137e-01
1.150150150150150097e+02 1.006046439002855397e+00
1.151651651651651633e+02 1.011116213974095013e+00
1.153153153153153170e+02 1.004248622084522591e+00
1.154654654654654706e+02 1.001899454635025943e+00
1.156156156156156243e+02 9.986952381236202658e-01
1.157657657657657637e+02 9.929381356560418315e-01
1.159159159159159174e+02 1.006098372635884974e+00
1.160660660660660710e+02 1.010967169904929852e+00
1.162162162162162247e+02 1.004026005227225404e+00
1.163663663663663641e+02 1.001988405853274422e+00
1.165165165165165178e+02 9.987212559052675021e-01
1.166666666666666714e+02 9.929635961386527043e-01
1.168168168168168251e+02 1.006644828103699929e+00
1.169669669669669645e+02 1.011062066682218097e+00
1.171171171171171181e+02 1.003836859764089207e+00
1.172672672672672718e+02 1.001751749301811545e+00
1.174174174174174254e+02 9.984471895678039832e-01
1.175675675675675649e+02 9.926030339041016504e-01
1.177177177177177185e+02 1.006730804704393467e+00
1.178678678678678722e+02 1.010924876355000057e+00
1.180180180180180258e+02 1.003682756561419476e+00
1.181681681681681653e+02 1.001908001660795744e+00
1.183183183183183189e+02 9.985596313695475068e-01
1.184684684684684726e+02 9.926842619452028726e-01
1.186186186186186262e+02 1.006943935882647079e+00
1.187687687687687657e+02 1.010754707496304805e+00
1.189189189189189193e+02 1.003276956105297657e+00
1.190690690690690730e+02 1.001733820818470067e+00
1.192192192192192266e+02 9.982651224858981598e-01
1.193693693693693660e+02 9.922849985593915623e-01
1.195195195195195197e+02 1.007398761903052442e+00
1.196696696696696733e+02 1.010910367713210301e+00
1.198198198198198270e+02 1.003307152841125482e+00
1.199699699699699664e+02 1.001700734961754380e+00
1.201201201201201201e+02 9.982532810079880470e-01
1.202702702702702737e+02 9.923035720462864973e-01
1.204204204204204274e+02 1.007422481396426539e+00
1.205705705705705668e+02 1.010629610729160799e+00
1.207207207207207205e+02 1.002941808162422399e+00
1.208708708708708741e+02 1.001732247331288628e+00
1.210210210210210278e+02 9.981923616080373707e-01
1.211711711711711672e+02 9.921112868733696910e-01
1.213213213213213209e+02 1.007777700489183470e+00
1.214714714714714745e+02 1.010613057468494835e+00
1.216216216216216282e+02 1.002714493486365654e+00
1.217717717717717676e+02 1.001561811013709447e+00
1.219219219219219212e+02 9.979390662128224676e-01
1.220720720720720749e+02 9.918175532157771368e-01
1.222222222222222285e+02 1.007930785382319394e+00
1.223723723723723680e+02 1.010541442759655073e+00
1.225225225225225216e+02 1.002642042139466172e+00
1.226726726726726753e+02 1.001630205249072869e+00
1.228228228228228289e+02 9.980028439845073374e-01
1.229729729729729684e+02 9.923110580857039675e-01
1.231231231231231220e+02 1.008266750584720040e+00
1.232732732732732757e+02 1.010441963756659733e+00
1.234234234234234293e+02 1.002482744298452966e+00
1.235735735735735688e+02 1.001443979615014523e+00
1.237237237237237224e+02 9.977296404950467545e-01
1.238738738738738761e+02 9.923642276607743673e-01
1.240240240240240297e+02 1.008308224459399050e+00
1.241741741741741691e+02 1.010295183567821109e+00
1.243243243243243228e+02 1.002684398347086780e+00
1.244744744744744764e+02 1.001554831968880288e+00
1.246246246246246301e+02 9.977878417778853759e-01
1.247747747747747695e+02 9.931849368967031744e-01
1.249249249249249232e+02 1.008599991747821889e+00
1.250750750750750768e+02 1.010202290462162811e+00
1.252252252252252305e+02 1.002546419209861428e+00
1.253753753753753841e+02 1.001343555848897893e+00
1.255255255255255236e+02 9.975112088510791342e-01
1.256756756756756772e+02 9.935021122106133529e-01
1.258258258258258309e+02 1.008910880398291354e+00
1.259759759759759845e+02 1.010201019738007355e+00
1.261261261261261239e+02 1.002581237712182105e+00
1.262762762762762776e+02 1.001367284073718666e+00
1.264264264264264312e+02 9.975228993714085890e-01
1.265765765765765849e+02 9.937673428017071986e-01
1.267267267267267243e+02 1.008818094760017825e+00
1.268768768768768780e+02 1.009867954332614559e+00
1.270270270270270316e+02 1.002665262798628110e+00
1.271771771771771853e+02 1.001353138129384535e+00
1.273273273273273247e+02 9.973871083805116999e-01
1.274774774774774784e+02 9.945299135434917392e-01
1.276276276276276320e+02 1.009273619186633830e+00
1.277777777777777857e+02 1.009937677970808689e+00
1.279279279279279251e+02 1.002526553436590584e+00
1.280780780780780788e+02 1.001144662610363945e+00
1.282282282282282324e+02 9.971588012433871828e-01
1.283783783783783861e+02 9.946848769288126890e-01
1.285285285285285397e+02 1.009315699069715189e+00
1.286786786786786934e+02 1.009762841187076932e+00
1.288288288288288186e+02 1.002669657827302663e+00
1.289789789789789722e+02 1.001273187573997969e+00
1.291291291291291259e+02 9.972603571781297749e-01
1.292792792792792795e+02 9.953036729532764859e-01
1.294294294294294332e+02 1.009481541220692336e+00
1.295795795795795868e+02 1.009546570567503521e+00
1.297297297297297405e+02 1.002534353718413485e+00
1.298798798798798941e+02 1.001045065813931600e+00
1.300300300300300194e+02 9.968998432125681930e-01
1.301801801801801730e+02 9.955621548456188297e-01
1.303303303303303267e+02 1.009650318168109795e+00
1.304804804804804803e+02 1.009514579626582087e+00
1.306306306306306340e+02 1.002664562241764701e+00
1.307807807807807876e+02 1.001107393187999905e+00
1.309309309309309413e+02 9.969758961202601633e-01
1.310810810810810949e+02 9.962037124642163510e-01
1.312312312312312201e+02 1.009840724693634506e+00
1.313813813813813738e+02 1.009332033070718726e+00
1.315315315315315274e+02 1.002533609308263740e+00
1.316816816816816811e+02 1.000946276857807016e+00
1.318318318318318347e+02 9.967321961328945434e-01
1.319819819819819884e+02 9.964588452259877105e-01
1.321321321321321420e+02 1.009971856285956093e+00
1.322822822822822957e+02 1.009206626077888469e+00
1.324324324324324209e+02 1.002603345136076518e+00
1.325825825825825746e+02 1.000951821309756573e+00
1.327327327327327282e+02 9.966806105902844548e-01
1.328828828828828819e+02 9.968464985329543726e-01
1.330330330330330355e+02 1.009973498989791274e+00
1.331831831831831892e+02 1.008973854201273834e+00
1.333333333333333428e+02 1.002627234570943937e+00
1.334834834834834965e+02 1.000879168030249122e+00
1.336336336336336217e+02 9.965418474551579475e-01
1.337837837837837753e+02 9.975440167417490844e-01
1.339339339339339290e+02 1.010383026690332198e+00
1.340840840840840826e+02 1.008985832980236141e+00
1.342342342342342363e+02 1.002476930767315366e+00
1.343843843843843899e+02 1.000715468781441686e+00
1.345345345345345436e+02 9.963569042344921911e-01
1.346846846846846972e+02 9.975635667493299996e-01
1.348348348348348509e+02 1.010227726049523822e+00
1.349849849849849761e+02 1.008687751132346877e+00
1.351351351351351298e+02 1.002662348302449491e+00
1.352852852852852834e+02 1.000836066786793044e+00
1.354354354354354371e+02 9.963974221162343881e-01
1.355855855855855907e+02 9.982682178038677634e-01
1.357357357357357444e+02 1.010442373716784026e+00
1.358858858858858980e+02 1.008529590030358358e+00
1.360360360360360517e+02 1.002473509861746548e+00
1.361861861861861769e+02 1.000543281245977800e+00
1.363363363363363305e+02 9.960196480562746313e-01
1.364864864864864842e+02 9.985553640121884733e-01
1.366366366366366378e+02 1.010634827829088644e+00
1.367867867867867915e+02 1.008506584390255423e+00
1.369369369369369451e+02 1.002580146061842870e+00
1.370870870870870988e+02 1.000647226223292607e+00
1.372372372372372524e+02 9.961531977064679300e-01
1.373873873873873777e+02 9.989730551171485118e-01
1.375375375375375313e+02 1.010589453173740049e+00
1.376876876876876850e+02 1.008166302915809887e+00
1.378378378378378386e+02 1.002497981798875948e+00
1.379879879879879923e+02 1.000485933042082776e+00
1.381381381381381459e+02 9.958443860480434839e-01
1.382882882882882996e+02 9.993524472836360362e-01
1.384384384384384532e+02 1.010760597106849623e+00
1.385885885885885784e+02 1.008093846018665252e+00
1.387387387387387321e+02 1.002519479912491684e+00
1.388888888888888857e+02 1.000428550317777443e+00
1.390390390390390394e+02 9.957765325469101203e-01
1.391891891891891930e+02 9.997397236150606936e-01
1.393393393393393467e+02 1.010808990042116218e+00
1.394894894894895003e+02 1.007897240095876112e+00
1.396396396396396540e+02 1.002507588818727591e+00
1.397897897897897792e+02 1.000379690056283799e+00
1.399399399399399329e+02 9.956828394818661998e-01
1.400900900900900865e+02 1.000254440786792820e+00
1.402402402402402402e+02 1.010985499369294605e+00
1.403903903903903938e+02 1.007750914547207000e+00
1.405405405405405475e+02 1.002412767183188613e+00
1.406906906906907011e+02 1.000238954883879927e+00
1.408408408408408548e+02 9.954591915972980098e-01
1.409909909909909800e+02 1.000337955404735579e+00
1.411411411411411336e+02 1.010844045647368183e+00
1.412912912912912873e+02 1.007490136024382421e+00
1.414414414414414409e+02 1.002561404948199453e+00
1.415915915915915946e+02 1.000293097306299561e+00
1.417417417417417482e+02 9.954678225173365647e-01
1.418918918918919019e+02 1.001064375751948177e+00
1.420420420420420555e+02 1.011118151075484084e+00
1.421921921921921808e+02 1.007374060152479434e+00
1.423423423423423344e+02 1.002322635627877156e+00
1.424924924924924881e+02 1.000009418518795101e+00
1.426426426426426417e+02 9.951293575273503222e-01
1.427927927927927954e+02 1.001212282327888836e+00
1.429429429429429490e+02 1.011115656852132894e+00
1.430930930930931027e+02 1.007235658053130090e+00
1.432432432432432563e+02 1.002482797367278300e+00
1.433933933933933815e+02 1.000150142675810372e+00
1.435435435435435352e+02 9.952434855384548751e-01
1.436936936936936888e+02 1.001584582745263630e+00
1.438438438438438425e+02 1.011014066145734303e+00
1.439939939939939961e+02 1.006866787927212625e+00
1.441441441441441498e+02 1.002373127132392350e+00
1.442942942942943034e+02 9.999135021542887580e-01
1.444444444444444571e+02 9.948741428951610732e-01
1.445945945945946107e+02 1.002082448723124575e+00
1.447447447447447360e+02 1.011290715845852617e+00
1.448948948948948896e+02 1.006884193077370648e+00
1.450450450450450433e+02 1.002341215713686395e+00
1.451951951951951969e+02 9.998681682337773324e-01
1.453453453453453506e+02 9.948668430858914613e-01
1.454954954954955042e+02 1.002288300451084968e+00
1.456456456456456579e+02 1.011159860469803995e+00
1.457957957957958115e+02 1.006581487177504730e+00
1.459459459459459367e+02 1.002375732053714774e+00
1.460960960960960904e+02 9.998537419417021788e-01
1.462462462462462440e+02 9.947477664232942107e-01
1.463963963963963977e+02 1.002745880626121799e+00
1.465465465465465513e+02 1.011233209209132955e+00
1.466966966966967050e+02 1.006375916376758273e+00
1.468468468468468586e+02 1.002265400568920661e+00
1.469969969969970123e+02 9.996474682946050461e-01
1.471471471471471375e+02 9.944651604834204850e-01
1.472972972972972912e+02 1.002947878833492457e+00
1.474474474474474448e+02 1.011223722376659140e+00
1.475975975975975985e+02 1.006226342688672393e+00
1.477477477477477521e+02 1.002349814172104780e+00
1.478978978978979058e+02 9.996943807873572840e-01
1.480480480480480594e+02 9.945213030313919678e-01
1.481981981981982130e+02 1.003513453672067346e+00
1.483483483483483383e+02 1.011331868556217373e+00
1.484984984984984919e+02 1.006013474081816961e+00
1.486486486486486456e+02 1.002156450921914743e+00
1.487987987987987992e+02 9.994562544034351070e-01
1.489489489489489529e+02 9.941725132585935709e-01
1.490990990990991065e+02 1.003592504822061304e+00
1.492492492492492602e+02 1.011214366776725715e+00
1.493993993993994138e+02 1.005815547759293382e+00
1.495495495495495391e+02 1.002315987330954616e+00
1.496996996996996927e+02 9.995450219855992469e-01
1.498498498498498464e+02 9.942342629245140007e-01
1.500000000000000000e+02 1.004030329900075458e+00
