0.000000000000000000e+00 9.940624286536403620e-01
1.501501501501501523e-01 9.392991187510506546e-01
3.003003003003003046e-01 8.780317968011008833e-01
4.504504504504504570e-01 8.919588727730666244e-01
6.006006006006006093e-01 9.130077410630763612e-01
7.507507507507507061e-01 8.548852958206842878e-01
9.009009009009009139e-01 7.497641403778969593e-01
1.051051051051051122e+00 7.274225179486514259e-01
1.201201201201201219e+00 7.338836074949086630e-01
1.351351351351351315e+00 6.868833228981248151e-01
1.501501501501501412e+00 6.854922548550683725e-01
1.651651651651651731e+00 6.931112358143187713e-01
1.801801801801801828e+00 6.556343418606009887e-01
1.951951951951951925e+00 6.720498948822366536e-01
2.102102102102102243e+00 7.239617036692385099e-01
2.252252252252252340e+00 7.271877358351779286e-01
2.402402402402402437e+00 7.283996637150553788e-01
2.552552552552552534e+00 7.209986764507274604e-01
2.702702702702702631e+00 6.481867642675945840e-01
2.852852852852852727e+00 5.646508995441583689e-01
3.003003003003002824e+00 6.080538427292119241e-01
3.153153153153153365e+00 6.373632613262205648e-01
3.303303303303303462e+00 4.910188131951470636e-01
3.453453453453453559e+00 3.462381880807950951e-01
3.603603603603603656e+00 3.589097228171767018e-01
3.753753753753753752e+00 3.787923502431298495e-01
3.903903903903903849e+00 3.116977590537742815e-01
4.054054054054054390e+00 3.989892401534795852e-01
4.204204204204204487e+00 3.901656610791818247e-01
4.354354354354354584e+00 3.512707514517492968e-01
4.504504504504504681e+00 4.202112866093909993e-01
4.654654654654654777e+00 4.970507686903397060e-01
4.804804804804804874e+00 5.147348721340490041e-01
4.954954954954954971e+00 5.287555727760222535e-01
5.105105105105105068e+00 5.100514846993124962e-01
5.255255255255255165e+00 4.282206826888939055e-01
5.405405405405405261e+00 3.909809922886097189e-01
5.555555555555555358e+00 4.457855202727152855e-01
5.705705705705705455e+00 4.314158362275567482e-01
5.855855855855855552e+00 2.589105905480423298e-01
6.006006006006005649e+00 1.580845562881441346e-01
6.156156156156156634e+00 1.994110763761468841e-01
6.306306306306306730e+00 2.170043645553531575e-01
6.456456456456456827e+00 1.446517759550461635e-01
6.606606606606606924e+00 2.871656565007056905e-01
6.756756756756757021e+00 2.533566007700228662e-01
6.906906906906907118e+00 2.438874170356989668e-01
7.057057057057057214e+00 3.145157182275715724e-01
7.207207207207207311e+00 3.856098795411678770e-01
7.357357357357357408e+00 4.017771062449139174e-01
7.507507507507507505e+00 4.296023083968952827e-01
7.657657657657657602e+00 3.839803938354958701e-01
7.807807807807807698e+00 3.063595319607355094e-01
7.957957957957957795e+00 3.194002267253172045e-01
8.108108108108108780e+00 3.781406291935971442e-01
8.258258258258258877e+00 3.086709403386279638e-01
8.408408408408408974e+00 1.499971776503310483e-01
8.558558558558559071e+00 1.346359171163561408e-01
8.708708708708709167e+00 1.939741168863984844e-01
8.858858858858859264e+00 1.641836847529940524e-01
9.009009009009009361e+00 1.359649051457733071e-01
9.159159159159159458e+00 2.287154548970060375e-01
9.309309309309309555e+00 2.240558586897983540e-01
9.459459459459459651e+00 2.390187340640503866e-01
9.609609609609609748e+00 2.694766477342706024e-01
9.759759759759759845e+00 3.247416320977352111e-01
9.909909909909909942e+00 3.446073546732254522e-01
1.006006006006006004e+01 3.782679749583052198e-01
1.021021021021021014e+01 3.027467738969880084e-01
1.036036036036036023e+01 2.503538549522942858e-01
1.051051051051051033e+01 2.935912596425480636e-01
1.066066066066066043e+01 3.528158444783774383e-01
1.081081081081081052e+01 2.360530732669603449e-01
1.096096096096096062e+01 1.398344008320538956e-01
1.111111111111111072e+01 1.718334461538130187e-01
1.126126126126126081e+01 2.313066294202869855e-01
1.141141141141141091e+01 1.614560629954840953e-01
1.156156156156156101e+01 1.684946082999294603e-01
1.171171171171171110e+01 2.165021135171279476e-01
1.186186186186186120e+01 2.380086880649976422e-01
1.201201201201201130e+01 2.355028593241720869e-01
1.216216216216216317e+01 2.463702358264562298e-01
1.231231231231231327e+01 2.876481657620534316e-01
1.246246246246246336e+01 3.176182810742569917e-01
1.261261261261261346e+01 3.231008281608260813e-01
1.276276276276276356e+01 2.505798969376888397e-01
1.291291291291291365e+01 2.407677683003771330e-01
1.306306306306306375e+01 2.865220275927450322e-01
1.321321321321321385e+01 3.225192951502301453e-01
1.336336336336336394e+01 1.975020108807621078e-01
1.351351351351351404e+01 1.722414652527243240e-01
1.366366366366366414e+01 2.080053401297738414e-01
1.381381381381381424e+01 2.668483069358071891e-01
1.396396396396396433e+01 1.689283822854515948e-01
1.411411411411411443e+01 1.989103999796809907e-01
1.426426426426426453e+01 2.238948173779956585e-01
1.441441441441441462e+01 2.618667594352244721e-01
1.456456456456456472e+01 2.266467940436087125e-01
1.471471471471471482e+01 2.367247033796439637e-01
1.486486486486486491e+01 2.696390675612711507e-01
1.501501501501501501e+01 3.084882344045367653e-01
1.516516516516516511e+01 2.791786760991917804e-01
1.531531531531531520e+01 2.232637469941796959e-01
1.546546546546546530e+01 2.413561380839401860e-01
1.561561561561561540e+01 2.883683276536220808e-01
1.576576576576576549e+01 2.771850407037129704e-01
1.591591591591591559e+01 1.835249054045219874e-01
1.606606606606606746e+01 1.959450827973521769e-01
1.621621621621621756e+01 2.365410936222137606e-01
1.636636636636636766e+01 2.585148612285728120e-01
1.651651651651651775e+01 1.763694101921422508e-01
1.666666666666666785e+01 2.160449788945738581e-01
1.681681681681681795e+01 2.380221236037365351e-01
1.696696696696696804e+01 2.832319816559931147e-01
1.711711711711711814e+01 2.150242208664335797e-01
1.726726726726726824e+01 2.381864757180814363e-01
1.741741741741741833e+01 2.638447846876300629e-01
1.756756756756756843e+01 3.100403462377321895e-01
1.771771771771771853e+01 2.438415433102135710e-01
1.786786786786786863e+01 2.157368227290856755e-01
1.801801801801801872e+01 2.455449738532906045e-01
1.816816816816816882e+01 2.952368589738211258e-01
1.831831831831831892e+01 2.418013408333861414e-01
1.846846846846846901e+01 1.854726960200909214e-01
1.861861861861861911e+01 2.141550405799629297e-01
1.876876876876876921e+01 2.594527640512040989e-01
1.891891891891891930e+01 2.379217702446611016e-01
1.906906906906906940e+01 1.835624972453384629e-01
1.921921921921921950e+01 2.205566456856002389e-01
1.936936936936936959e+01 2.539097330435378108e-01
1.951951951951951969e+01 2.638927152447473334e-01
1.966966966966966979e+01 2.052600503622602768e-01
1.981981981981981988e+01 2.356118687651335697e-01
1.996996996996996998e+01 2.659838806735559391e-01
2.012012012012012008e+01 3.027471849533364123e-01
2.027027027027027017e+01 2.183210138641380749e-01
2.042042042042042027e+01 2.222155729991172612e-01
2.057057057057057037e+01 2.526054820305921877e-01
2.072072072072072046e+01 3.052735399402243255e-01
2.087087087087087056e+01 2.166310744841705715e-01
2.102102102102102066e+01 1.979049390602413694e-01
2.117117117117117076e+01 2.298102510206734561e-01
2.132132132132132085e+01 2.792497898039459914e-01
2.147147147147147095e+01 2.202869747806707190e-01
2.162162162162162105e+01 1.943407831407353292e-01
2.177177177177177114e+01 2.287539286165374275e-01
2.192192192192192124e+01 2.703937978905571748e-01
2.207207207207207134e+01 2.435455980459391157e-01
2.222222222222222143e+01 2.026336343432863507e-01
2.237237237237237153e+01 2.355277031999938875e-01
2.252252252252252163e+01 2.735619384764390594e-01
2.267267267267267172e+01 2.721887387922256041e-01
2.282282282282282182e+01 2.047906815068485931e-01
2.297297297297297192e+01 2.258674957430686914e-01
2.312312312312312201e+01 2.623056539886607919e-01
2.327327327327327211e+01 2.889435489184228878e-01
2.342342342342342221e+01 2.016475067890899364e-01
2.357357357357357230e+01 2.141036244863888105e-01
2.372372372372372240e+01 2.444927751477873057e-01
2.387387387387387250e+01 2.975841399897654060e-01
2.402402402402402259e+01 2.063025792623469079e-01
2.417417417417417624e+01 2.107623003805469963e-01
2.432432432432432634e+01 2.391311570669451825e-01
2.447447447447447644e+01 2.870995380504903771e-01
2.462462462462462653e+01 2.238510347372156817e-01
2.477477477477477663e+01 2.085252923492738608e-01
2.492492492492492673e+01 2.399097387357576050e-01
2.507507507507507682e+01 2.845312124109303786e-01
2.522522522522522692e+01 2.441470736407576614e-01
2.537537537537537702e+01 2.021543044879747508e-01
2.552552552552552712e+01 2.315222650572733021e-01
2.567567567567567721e+01 2.738843087796073994e-01
2.582582582582582731e+01 2.586051493561085657e-01
2.597597597597597741e+01 1.953611182553125492e-01
2.612612612612612750e+01 2.212698673488430468e-01
2.627627627627627760e+01 2.588279324673899984e-01
2.642642642642642770e+01 2.724207297257883464e-01
2.657657657657657779e+01 1.966968093097580528e-01
2.672672672672672789e+01 2.202289432357561749e-01
2.687687687687687799e+01 2.509524851797478862e-01
2.702702702702702808e+01 2.929888321380544336e-01
2.717717717717717818e+01 2.074634636062760717e-01
2.732732732732732828e+01 2.208944677033195803e-01
2.747747747747747837e+01 2.475732685746027117e-01
2.762762762762762847e+01 2.975379782695694031e-01
2.777777777777777857e+01 2.209170933495978595e-01
2.792792792792792866e+01 2.082662250478570787e-01
2.807807807807807876e+01 2.392939834552528511e-01
2.822822822822822886e+01 2.868202604106681042e-01
2.837837837837837895e+01 2.331013158722932688e-01
2.852852852852852905e+01 1.976225596303721743e-01
2.867867867867867915e+01 2.297315284797609158e-01
2.882882882882882924e+01 2.733222411465405788e-01
2.897897897897897934e+01 2.473338901242063403e-01
2.912912912912912944e+01 1.944520796638924409e-01
2.927927927927927954e+01 2.258212043796203328e-01
2.942942942942942963e+01 2.640249239753857946e-01
2.957957957957957973e+01 2.668806862197133367e-01
2.972972972972972983e+01 1.985417339838381756e-01
2.987987987987987992e+01 2.245428518068865731e-01
3.003003003003003002e+01 2.579243291991868969e-01
3.018018018018018012e+01 2.891834545520178823e-01
3.033033033033033021e+01 2.056471010914954767e-01
3.048048048048048031e+01 2.205653834783203870e-01
3.063063063063063041e+01 2.492803649340306626e-01
3.078078078078078050e+01 3.010566229413416117e-01
3.093093093093093060e+01 2.141094717886089793e-01
3.108108108108108070e+01 2.092545770286262097e-01
3.123123123123123079e+01 2.397804353849147252e-01
3.138138138138138089e+01 2.884337492202575515e-01
3.153153153153153099e+01 2.258944220767511446e-01
3.168168168168168108e+01 2.015636941043205954e-01
3.183183183183183118e+01 2.337502555027711759e-01
3.198198198198198128e+01 2.782645079093735152e-01
3.213213213213213493e+01 2.422426301401975901e-01
3.228228228228228147e+01 1.988433251378204925e-01
3.243243243243243512e+01 2.298410963319212352e-01
3.258258258258258167e+01 2.702616479230273150e-01
3.273273273273273531e+01 2.609974366203070550e-01
3.288288288288288186e+01 1.988018737278684500e-01
3.303303303303303551e+01 2.247182045484399926e-01
3.318318318318318205e+01 2.609280947029609665e-01
3.333333333333333570e+01 2.794927371420591333e-01
3.348348348348348225e+01 2.014358137253927927e-01
3.363363363363363590e+01 2.201232428335980484e-01
3.378378378378378244e+01 2.510670101357440065e-01
3.393393393393393609e+01 2.982474705644069246e-01
3.408408408408408263e+01 2.084517026715885790e-01
3.423423423423423628e+01 2.158901514058974014e-01
3.438438438438438283e+01 2.434397341094525768e-01
3.453453453453453648e+01 2.932275242780238989e-01
3.468468468468468302e+01 2.203577994223187564e-01
3.483483483483483667e+01 2.066235982888906253e-01
3.498498498498498321e+01 2.374668022317001359e-01
3.513513513513513686e+01 2.838395564004896343e-01
3.528528528528528341e+01 2.354789747692659641e-01
3.543543543543543706e+01 1.996568752503301292e-01
3.558558558558558360e+01 2.311467440965757070e-01
3.573573573573573725e+01 2.737901380325867828e-01
3.588588588588588379e+01 2.521413052634425833e-01
3.603603603603603744e+01 1.961684101292277549e-01
3.618618618618618399e+01 2.254330810785739325e-01
3.633633633633633764e+01 2.635276971825430969e-01
3.648648648648648418e+01 2.703906640978878118e-01
3.663663663663663783e+01 1.978166695555343413e-01
3.678678678678678438e+01 2.219611632099871001e-01
3.693693693693693803e+01 2.547473935859501104e-01
3.708708708708708457e+01 2.905876362309247618e-01
3.723723723723723822e+01 2.048073330860393226e-01
3.738738738738738476e+01 2.200359002584603429e-01
3.753753753753753841e+01 2.472820718889771341e-01
3.768768768768768496e+01 2.983522575059184279e-01
3.783783783783783861e+01 2.157853113717913551e-01
3.798798798798798515e+01 2.088835597673689704e-01
3.813813813813813880e+01 2.399052405199247895e-01
3.828828828828828534e+01 2.878151503494185137e-01
3.843843843843843899e+01 2.294069208168902363e-01
3.858858858858859264e+01 2.005567714642137456e-01
3.873873873873873919e+01 2.331064765460597044e-01
3.888888888888889284e+01 2.772427899157964282e-01
3.903903903903903938e+01 2.453535523286791142e-01
3.918918918918919303e+01 1.969295182927803256e-01
3.933933933933933957e+01 2.279075943925163994e-01
3.948948948948949322e+01 2.676630225132294871e-01
3.963963963963963977e+01 2.634054002150946205e-01
3.978978978978979342e+01 1.980198783740330093e-01
3.993993993993993996e+01 2.239819853659920090e-01
4.009009009009009361e+01 2.589881971369262237e-01
4.024024024024024015e+01 2.827948364186999020e-01
4.039039039039039380e+01 2.030594793245267815e-01
4.054054054054054035e+01 2.207081094695991230e-01
4.069069069069069400e+01 2.505590579843131049e-01
4.084084084084084054e+01 3.027003556674215945e-01
4.099099099099099419e+01 2.114621872251913337e-01
4.114114114114114074e+01 2.138817292658936609e-01
4.129129129129129439e+01 2.426073780645784383e-01
4.144144144144144093e+01 2.919475128345171422e-01
4.159159159159159458e+01 2.230980162811274092e-01
4.174174174174174112e+01 2.047358550859021964e-01
4.189189189189189477e+01 2.358085639452286442e-01
4.204204204204204132e+01 2.816128751883593129e-01
4.219219219219219497e+01 2.378002262531378475e-01
4.234234234234234151e+01 1.991366280498989005e-01
4.249249249249249516e+01 2.301551885872615555e-01
4.264264264264264170e+01 2.719506053485349906e-01
4.279279279279279535e+01 2.549580797723660086e-01
4.294294294294294190e+01 1.972280153199388320e-01
4.309309309309309555e+01 2.252789321791567323e-01
4.324324324324324209e+01 2.625597393329205387e-01
4.339339339339339574e+01 2.737678767034197325e-01
4.354354354354354228e+01 1.994025943752578689e-01
4.369369369369369593e+01 2.214731996562288030e-01
4.384384384384384248e+01 2.536075490942075739e-01
4.399399399399399613e+01 2.937738609014549640e-01
4.414414414414414267e+01 2.060367110564519932e-01
4.429429429429429632e+01 2.186492791944613656e-01
4.444444444444444287e+01 2.455958297014201874e-01
4.459459459459459651e+01 2.962862660288505534e-01
4.474474474474474306e+01 2.169697021007518933e-01
4.489489489489489671e+01 2.074982445766651862e-01
4.504504504504504325e+01 2.385767257302388589e-01
4.519519519519519690e+01 2.859020562059261805e-01
4.534534534534534345e+01 2.313541895703923879e-01
4.549549549549549710e+01 1.997976578652717605e-01
4.564564564564564364e+01 2.323567465953909617e-01
4.579579579579579729e+01 2.758316460516988533e-01
4.594594594594594383e+01 2.481431792653036594e-01
4.609609609609609748e+01 1.963703797682235241e-01
4.624624624624624403e+01 2.270967445971527332e-01
4.639639639639639768e+01 2.661712851426509818e-01
4.654654654654654422e+01 2.665822911919406013e-01
4.669669669669669787e+01 1.977077353227530421e-01
4.684684684684684441e+01 2.230978968429694065e-01
4.699699699699699806e+01 2.572340154957780123e-01
4.714714714714714461e+01 2.861499502941974860e-01
4.729729729729729826e+01 2.036132835411588182e-01
4.744744744744744480e+01 2.203353964033776813e-01
4.759759759759759845e+01 2.491020004817601496e-01
4.774774774774774500e+01 3.008838635491727920e-01
4.789789789789789864e+01 2.133147215658178775e-01
4.804804804804804519e+01 2.117536545918558555e-01
4.819819819819819884e+01 2.416104915602582115e-01
4.834834834834835249e+01 2.903090886229950929e-01
4.849849849849849903e+01 2.259779868515554013e-01
4.864864864864865268e+01 2.032491709272052638e-01
4.879879879879879923e+01 2.349114032623766946e-01
4.894894894894895288e+01 2.800374103079849575e-01
4.909909909909909942e+01 2.411012743358948995e-01
4.924924924924925307e+01 1.985119739143429429e-01
4.939939939939939961e+01 2.292371693692042411e-01
4.954954954954955326e+01 2.702763505602598926e-01
4.969969969969969981e+01 2.582516151839868712e-01
4.984984984984985346e+01 1.977222135119797441e-01
5.000000000000000000e+01 2.246347227497948462e-01
5.015015015015015365e+01 2.610584184233471494e-01
5.030030030030030019e+01 2.770345844399888513e-01
5.045045045045045384e+01 2.009396036445464384e-01
5.060060060060060039e+01 2.211406730743690763e-01
5.075075075075075404e+01 2.524050998276424207e-01
5.090090090090090058e+01 2.970149558062942230e-01
5.105105105105105423e+01 2.081200652214458269e-01
5.120120120120120077e+01 2.170812057247510918e-01
5.135135135135135442e+01 2.444495469737424931e-01
5.150150150150150097e+01 2.946535808416149704e-01
5.165165165165165462e+01 2.191196109215921006e-01
5.180180180180180116e+01 2.065041021480999162e-01
5.195195195195195481e+01 2.374094906530558602e-01
5.210210210210210136e+01 2.842012398479377699e-01
5.225225225225225500e+01 2.335112660408215635e-01
5.240240240240240155e+01 1.993307604532188748e-01
5.255255255255255520e+01 2.313624218417785205e-01
5.270270270270270174e+01 2.742150640524910199e-01
5.285285285285285539e+01 2.505466047080457948e-01
5.300300300300300194e+01 1.962882019263045563e-01
5.315315315315315559e+01 2.263102745176094888e-01
5.330330330330330213e+01 2.646704630082790111e-01
5.345345345345345578e+01 2.693900250059667600e-01
5.360360360360360232e+01 1.979333267886340120e-01
5.375375375375375597e+01 2.224480417600968041e-01
5.390390390390390252e+01 2.557672185052412006e-01
5.405405405405405617e+01 2.893908235739779400e-01
5.420420420420420271e+01 2.042708318982009441e-01
5.435435435435435636e+01 2.198500550203640880e-01
5.450450450450450290e+01 2.476451408305630209e-01
5.465465465465465655e+01 2.989975144152980380e-01
5.480480480480480310e+01 2.146872100301981390e-01
5.495495495495495675e+01 2.096092804615868888e-01
5.510510510510510329e+01 2.403522493022878792e-01
5.525525525525525694e+01 2.884735479389061164e-01
5.540540540540540349e+01 2.282858510428429633e-01
5.555555555555555713e+01 2.015793819802970122e-01
5.570570570570570368e+01 2.339185546671067040e-01
5.585585585585585733e+01 2.783414631341096235e-01
5.600600600600600387e+01 2.441978400782708891e-01
5.615615615615615752e+01 1.976423261211853744e-01
5.630630630630630407e+01 2.284464174779914369e-01
5.645645645645645772e+01 2.686761018418523661e-01
5.660660660660660426e+01 2.617950896627325719e-01
5.675675675675675791e+01 1.979360099794800765e-01
5.690690690690690445e+01 2.240569760830735391e-01
5.705705705705705810e+01 2.595818416223615310e-01
5.720720720720720465e+01 2.806921371745022542e-01
5.735735735735735830e+01 2.022933022642891543e-01
5.750750750750750484e+01 2.208071568989367350e-01
5.765765765765765849e+01 2.511174799888677978e-01
5.780780780780781214e+01 3.005896895352045961e-01
5.795795795795795868e+01 2.103718885889022117e-01
5.810810810810811233e+01 2.151868790469522175e-01
5.825825825825825888e+01 2.433372335693208544e-01
5.840840840840841253e+01 2.929604722544636997e-01
5.855855855855855907e+01 2.218114615524864330e-01
5.870870870870871272e+01 2.054961382618620269e-01
5.885885885885885926e+01 2.363974110723837674e-01
5.900900900900901291e+01 2.825799444134186045e-01
5.915915915915915946e+01 2.362671906145617506e-01
5.930930930930931311e+01 1.991458596153561356e-01
5.945945945945945965e+01 2.304381641554458238e-01
5.960960960960961330e+01 2.726357500711486526e-01
5.975975975975975985e+01 2.532010205314711437e-01
5.990990990990991349e+01 1.967509475729944668e-01
6.006006006006006004e+01 2.255891603871920115e-01
6.021021021021021369e+01 2.632202455409586306e-01
6.036036036036036023e+01 2.721614005646992851e-01
6.051051051051051388e+01 1.988108025763334896e-01
6.066066066066066043e+01 2.218832400000001204e-01
6.081081081081081408e+01 2.544106124885200382e-01
6.096096096096096062e+01 2.923743796668846207e-01
6.111111111111111427e+01 2.053692321804163612e-01
6.126126126126126081e+01 2.193997980584306839e-01
6.141141141141141446e+01 2.462958444228531274e-01
6.156156156156156101e+01 2.972374545545357627e-01
6.171171171171171466e+01 2.160833688537887876e-01
6.186186186186186120e+01 2.079851428058986096e-01
6.201201201201201485e+01 2.390826727317795775e-01
6.216216216216216139e+01 2.866860817992321619e-01
6.231231231231231504e+01 2.302311602962058834e-01
6.246246246246246159e+01 2.002134299476576729e-01
6.261261261261261524e+01 2.328685167615750229e-01
6.276276276276276178e+01 2.766339013707369565e-01
6.291291291291291543e+01 2.468763973672931933e-01
6.306306306306306197e+01 1.967624169692268332e-01
6.321321321321321562e+01 2.276311872132090186e-01
6.336336336336336217e+01 2.670692625788595453e-01
6.351351351351351582e+01 2.651157522156635249e-01
6.366366366366366236e+01 1.978536615114538932e-01
6.381381381381381601e+01 2.234655604110829530e-01
6.396396396396396256e+01 2.580803011026801541e-01
6.411411411411411621e+01 2.844184895231364196e-01
6.426426426426426985e+01 2.032443823189487020e-01
6.441441441441440929e+01 2.204448618827183348e-01
6.456456456456456294e+01 2.497504030160893895e-01
6.471471471471471659e+01 3.017931925191049691e-01
6.486486486486487024e+01 2.123677512476311313e-01
6.501501501501500968e+01 2.129146825133330645e-01
6.516516516516516333e+01 2.421743718633104503e-01
6.531531531531531698e+01 2.911765584175589616e-01
6.546546546546547063e+01 2.246095032187477303e-01
6.561561561561561007e+01 2.041298105844988886e-01
6.576576576576576372e+01 2.354471692897565083e-01
6.591591591591591737e+01 2.809339039337505062e-01
6.606606606606607102e+01 2.394618254235804100e-01
6.621621621621621046e+01 1.988562063403918057e-01
6.636636636636636410e+01 2.296536038440439298e-01
6.651651651651651775e+01 2.711102759087657965e-01
6.666666666666667140e+01 2.564630462242056264e-01
6.681681681681681084e+01 1.974271929074781773e-01
6.696696696696696449e+01 2.249089189799450550e-01
6.711711711711711814e+01 2.617717631580657178e-01
6.726726726726727179e+01 2.752305716834783089e-01
6.741741741741742544e+01 2.001366961370097119e-01
6.756756756756756488e+01 2.213577899931699067e-01
6.771771771771771853e+01 2.530609588387979225e-01
6.786786786786787218e+01 2.953473151405635599e-01
6.801801801801802583e+01 2.070615429769198934e-01
6.816816816816816527e+01 2.179384640990593147e-01
6.831831831831831892e+01 2.450703197956639046e-01
6.846846846846847257e+01 2.955428542722968732e-01
6.861861861861862621e+01 2.179522734881875756e-01
6.876876876876876565e+01 2.069501561148749669e-01
6.891891891891891930e+01 2.379538796159973157e-01
6.906906906906907295e+01 2.850414891257229688e-01
6.921921921921922660e+01 2.322932269049335363e-01
6.936936936936936604e+01 1.994557182023511399e-01
6.951951951951951969e+01 2.318207382218517854e-01
6.966966966966967334e+01 2.749899444611088040e-01
6.981981981981982699e+01 2.492518916973449628e-01
6.996996996996996643e+01 1.962567866966553609e-01
7.012012012012012008e+01 2.267429959025963893e-01
7.027027027027027373e+01 2.654537748383247187e-01
7.042042042042042738e+01 2.679943612327089220e-01
7.057057057057056682e+01 1.977978811638828049e-01
7.072072072072072046e+01 2.228156318730773189e-01
7.087087087087087411e+01 2.565539305998654207e-01
7.102102102102102776e+01 2.878041951524588082e-01
7.117117117117116720e+01 2.039235914385478243e-01
7.132132132132132085e+01 2.200835600034922734e-01
7.147147147147147450e+01 2.483770840942809977e-01
7.162162162162162815e+01 2.999500762767194351e-01
7.177177177177176759e+01 2.139862163724528810e-01
7.192192192192192124e+01 2.106484813219867969e-01
7.207207207207207489e+01 2.409891259715555289e-01
7.222222222222222854e+01 2.893966019001593670e-01
7.237237237237236798e+01 2.271526292740390085e-01
7.252252252252252163e+01 2.024371098219227560e-01
7.267267267267267528e+01 2.344465664854373799e-01
7.282282282282282893e+01 2.792237866569811655e-01
7.297297297297296836e+01 2.426601298547502727e-01
7.312312312312312201e+01 1.981305492709917182e-01
7.327327327327327566e+01 2.288639597798455272e-01
7.342342342342342931e+01 2.695169366381944820e-01
7.357357357357356875e+01 2.600036723138345884e-01
7.372372372372372240e+01 1.978609550817508889e-01
7.387387387387387605e+01 2.243165427157454705e-01
7.402402402402402970e+01 2.603196173297157578e-01
7.417417417417416914e+01 2.787450722520820046e-01
7.432432432432432279e+01 2.015983666125642504e-01
7.447447447447447644e+01 2.209635917865656052e-01
7.462462462462463009e+01 2.517632146537530646e-01
7.477477477477476953e+01 2.986708743877635186e-01
7.492492492492492318e+01 2.092194691332213696e-01
7.507507507507507682e+01 2.162543563413505954e-01
7.522522522522523047e+01 2.439431970747836242e-01
7.537537537537536991e+01 2.938661424698141844e-01
7.552552552552552356e+01 2.204241500151554733e-01
7.567567567567567721e+01 2.060656292701570913e-01
7.582582582582583086e+01 2.369246148128020812e-01
7.597597597597597030e+01 2.834409354274624038e-01
7.612612612612612395e+01 2.347836455483319207e-01
7.627627627627627760e+01 1.991987288020961311e-01
7.642642642642643125e+01 2.308632963100373248e-01
7.657657657657657069e+01 2.734112995855973449e-01
7.672672672672672434e+01 2.517549323956627672e-01
7.687687687687687799e+01 1.964306661887207373e-01
7.702702702702703164e+01 2.259307010760768786e-01
7.717717717717718529e+01 2.639371395303931056e-01
7.732732732732732472e+01 2.706925905176928993e-01
7.747747747747747837e+01 1.982773941769072068e-01
7.762762762762763202e+01 2.221810093360980232e-01
7.777777777777778567e+01 2.551095145282400445e-01
7.792792792792792511e+01 2.908264839111936451e-01
7.807807807807807876e+01 2.047431345102120881e-01
7.822822822822823241e+01 2.196707588414039125e-01
7.837837837837838606e+01 2.470149629349945031e-01
7.852852852852852550e+01 2.981629969249537937e-01
7.867867867867867915e+01 2.153777284331006014e-01
7.882882882882883280e+01 2.087567553445875412e-01
7.897897897897898645e+01 2.397460190519606349e-01
7.912912912912912589e+01 2.876195217180272379e-01
7.927927927927927954e+01 2.292516828434940646e-01
7.942942942942943318e+01 2.008215165006131397e-01
7.957957957957958683e+01 2.333821209960411647e-01
7.972972972972972627e+01 2.774834486443105708e-01
7.987987987987987992e+01 2.455165545251407067e-01
8.003003003003003357e+01 1.971706260560074919e-01
8.018018018018018722e+01 2.280524995679414635e-01
8.033033033033032666e+01 2.678825763904159052e-01
8.048048048048048031e+01 2.634611455098970767e-01
8.063063063063063396e+01 1.979375860740813786e-01
8.078078078078078761e+01 2.237926613834818612e-01
8.093093093093092705e+01 2.588761673437431909e-01
8.108108108108108070e+01 2.825378617322091279e-01
8.123123123123123435e+01 2.028129690383986272e-01
8.138138138138138800e+01 2.206245793148873813e-01
8.153153153153152743e+01 2.504557677749220668e-01
8.168168168168168108e+01 3.024185762867248606e-01
8.183183183183183473e+01 2.113733177024260668e-01
8.198198198198198838e+01 2.141093145902939754e-01
8.213213213213212782e+01 2.427715138553314111e-01
8.228228228228228147e+01 2.920916741425143570e-01
8.243243243243243512e+01 2.231888922519337792e-01
8.258258258258258877e+01 2.048878945288800379e-01
8.273273273273272821e+01 2.359380508890808192e-01
8.288288288288288186e+01 2.817909770244156897e-01
8.303303303303303551e+01 2.377850423162773952e-01
8.318318318318318916e+01 1.990450106047870760e-01
8.333333333333332860e+01 2.300464402164001942e-01
8.348348348348348225e+01 2.718968362603121358e-01
8.363363363363363590e+01 2.547417987004584328e-01
8.378378378378378954e+01 1.970698219335237922e-01
8.393393393393392898e+01 2.252207524338750433e-01
8.408408408408408263e+01 2.624967424380943992e-01
8.423423423423423628e+01 2.736056697458094100e-01
8.438438438438438993e+01 1.993789554629710470e-01
8.453453453453452937e+01 2.215701593126285784e-01
8.468468468468468302e+01 2.537094737753214924e-01
8.483483483483483667e+01 2.937323323812768283e-01
8.498498498498499032e+01 2.060709297301489551e-01
8.513513513513512976e+01 2.187300260910122751e-01
8.528528528528528341e+01 2.456866273624804808e-01
8.543543543543543706e+01 2.963996902774177489e-01
8.558558558558559071e+01 2.169482016053476403e-01
8.573573573573573015e+01 2.074581273845065299e-01
8.588588588588588379e+01 2.385457072217278540e-01
8.603603603603603744e+01 2.859052087029622102e-01
8.618618618618619109e+01 2.312126590448554397e-01
8.633633633633633053e+01 1.997540056706617051e-01
8.648648648648648418e+01 2.323375733385120434e-01
8.663663663663663783e+01 2.758173720322737443e-01
8.678678678678679148e+01 2.480454933416177399e-01
8.693693693693694513e+01 1.964092838682143793e-01
8.708708708708708457e+01 2.271620878544232669e-01
8.723723723723723822e+01 2.662474182816120249e-01
8.738738738738739187e+01 2.665266826731953476e-01
8.753753753753754552e+01 1.977534257600685463e-01
8.768768768768768496e+01 2.231403910613943831e-01
8.783783783783783861e+01 2.573136730677334505e-01
8.798798798798799226e+01 2.860862978230753750e-01
8.813813813813814591e+01 2.035905185913786108e-01
8.828828828828828534e+01 2.203077085511452315e-01
8.843843843843843899e+01 2.491093632052390483e-01
8.858858858858859264e+01 3.009102515842307923e-01
8.873873873873874629e+01 2.132345973192572852e-01
8.888888888888888573e+01 2.118062339714383291e-01
8.903903903903903938e+01 2.416270951134144029e-01
8.918918918918919303e+01 2.903395302885413698e-01
8.933933933933934668e+01 2.259057730051878266e-01
8.948948948948948612e+01 2.033052548796406289e-01
8.963963963963963977e+01 2.349451639712472617e-01
8.978978978978979342e+01 2.800920069212382568e-01
8.993993993993994707e+01 2.410110734958868517e-01
9.009009009009008651e+01 1.985335369843077569e-01
9.024024024024024015e+01 2.292601727543449042e-01
9.039039039039039380e+01 2.703258277839854506e-01
9.054054054054054745e+01 2.581393088921676848e-01
9.069069069069068689e+01 1.977019816712971001e-01
9.084084084084084054e+01 2.246483180988114725e-01
9.099099099099099419e+01 2.610972649530819423e-01
9.114114114114114784e+01 2.769080165304134145e-01
9.129129129129128728e+01 2.008934304449940256e-01
9.144144144144144093e+01 2.211703265146709452e-01
9.159159159159159458e+01 2.524550172173795626e-01
9.174174174174174823e+01 2.969235744460702597e-01
9.189189189189188767e+01 2.080763291084672117e-01
9.204204204204204132e+01 2.171462834884866355e-01
9.219219219219219497e+01 2.444991842841344187e-01
9.234234234234234862e+01 2.947183329316043765e-01
9.249249249249248805e+01 2.190756708644516215e-01
9.264264264264264170e+01 2.065089309940062456e-01
9.279279279279279535e+01 2.374200249233833770e-01
9.294294294294294900e+01 2.842405329565012018e-01
9.309309309309308844e+01 2.334167015975238124e-01
9.324324324324324209e+01 1.992902357962138549e-01
9.339339339339339574e+01 2.313463958550540100e-01
9.354354354354354939e+01 2.742151996629271782e-01
9.369369369369368883e+01 2.504293966636890745e-01
9.384384384384384248e+01 1.962797688294237175e-01
9.399399399399399613e+01 2.263546979005374715e-01
9.414414414414414978e+01 2.647234910695733801e-01
9.429429429429428922e+01 2.693328763349411847e-01
9.444444444444444287e+01 1.979567245455489677e-01
9.459459459459459651e+01 2.224888949035414565e-01
9.474474474474475016e+01 2.558374443756947225e-01
9.489489489489488960e+01 2.893177382088168992e-01
9.504504504504504325e+01 2.042520705705407891e-01
9.519519519519519690e+01 2.198488020277256649e-01
9.534534534534535055e+01 2.476793772329173582e-01
9.549549549549548999e+01 2.990491151557931326e-01
9.564564564564564364e+01 2.146330397389180633e-01
9.579579579579579729e+01 2.096418109349700853e-01
9.594594594594595094e+01 2.403670876957955116e-01
9.609609609609609038e+01 2.885104350914563520e-01
9.624624624624624403e+01 2.281970978276365858e-01
9.639639639639639768e+01 2.016058199501741810e-01
9.654654654654655133e+01 2.339318630645145225e-01
9.669669669669670498e+01 2.783704209216825154e-01
9.684684684684684441e+01 2.440988368729039293e-01
9.699699699699699806e+01 1.976825907475284749e-01
9.714714714714715171e+01 2.284885555750685304e-01
9.729729729729730536e+01 2.687383233061212406e-01
9.744744744744744480e+01 2.617063904745052239e-01
9.759759759759759845e+01 1.979515209745322524e-01
9.774774774774775210e+01 2.240802363472637615e-01
9.789789789789790575e+01 2.596373909670482427e-01
9.804804804804804519e+01 2.805854059137812273e-01
9.819819819819819884e+01 2.022529478789698021e-01
9.834834834834835249e+01 2.208058203080944804e-01
9.849849849849850614e+01 2.511464000602148250e-01
9.864864864864864558e+01 3.004691785458053488e-01
9.879879879879879923e+01 2.102982966908439888e-01
9.894894894894895288e+01 2.152498483177336386e-01
9.909909909909910652e+01 2.433654269501939749e-01
9.924924924924924596e+01 2.929993976188077776e-01
9.939939939939939961e+01 2.217221228368850272e-01
9.954954954954955326e+01 2.055823610323471717e-01
9.969969969969970691e+01 2.364761778468929543e-01
9.984984984984984635e+01 2.826609889907955586e-01
1.000000000000000000e+02 2.362283879226044492e-01
1.001501501501501536e+02 1.992184607117593320e-01
1.003003003003003073e+02 2.305193418904076252e-01
1.004504504504504467e+02 2.727451110924180577e-01
1.006006006006006004e+02 2.532015572044347684e-01
1.007507507507507540e+02 1.967144810916011122e-01
1.009009009009009077e+02 2.255388824289734639e-01
1.010510510510510471e+02 2.632182032092857393e-01
1.012012012012012008e+02 2.720272827617310485e-01
1.013513513513513544e+02 1.986819489051371845e-01
1.015015015015015081e+02 2.218383345574733434e-01
1.016516516516516475e+02 2.543742619540141359e-01
1.018018018018018012e+02 2.921978878584685635e-01
1.019519519519519548e+02 2.053020458267266479e-01
1.021021021021021085e+02 2.194750471719788543e-01
1.022522522522522479e+02 2.463850573893404672e-01
1.024024024024024015e+02 2.973273348958277440e-01
1.025525525525525552e+02 2.160972773179588025e-01
1.027027027027027088e+02 2.080585484962610143e-01
1.028528528528528483e+02 2.391560889670801826e-01
1.030030030030030019e+02 2.867835758836294602e-01
1.031531531531531556e+02 2.302007683166855667e-01
1.033033033033033092e+02 2.002045386736433785e-01
1.034534534534534487e+02 2.328523326547629613e-01
1.036036036036036023e+02 2.766486099248043340e-01
1.037537537537537560e+02 2.467816355599414258e-01
1.039039039039039096e+02 1.967242178963865551e-01
1.040540540540540491e+02 2.276002823007634568e-01
1.042042042042042027e+02 2.670589672643370327e-01
1.043543543543543564e+02 2.649716618433793913e-01
1.045045045045045100e+02 1.978388571527928685e-01
1.046546546546546494e+02 2.235019137871733785e-01
1.048048048048048031e+02 2.581290388576333861e-01
1.049549549549549567e+02 2.843087509103234267e-01
1.051051051051051104e+02 2.032569988524697557e-01
1.052552552552552498e+02 2.204955176544478868e-01
1.054054054054054035e+02 2.498334682520910177e-01
1.055555555555555571e+02 3.018897729434493193e-01
1.057057057057057108e+02 2.123450128540593784e-01
1.058558558558558644e+02 2.129694393493065108e-01
1.060060060060060039e+02 2.422019009753686725e-01
1.061561561561561575e+02 2.912317165712738909e-01
1.063063063063063112e+02 2.245073054022224679e-01
1.064564564564564648e+02 2.041413442203129369e-01
1.066066066066066043e+02 2.354422438439360832e-01
1.067567567567567579e+02 2.809503659660760322e-01
1.069069069069069116e+02 2.393324345353794458e-01
1.070570570570570652e+02 1.988705007052777307e-01
1.072072072072072046e+02 2.296877030794945984e-01
1.073573573573573583e+02 2.711592489608967149e-01
1.075075075075075119e+02 2.563693831335090989e-01
1.076576576576576656e+02 1.974352753532567784e-01
1.078078078078078050e+02 2.249501535036843580e-01
1.079579579579579587e+02 2.618423391030573200e-01
1.081081081081081123e+02 2.751530550853077406e-01
1.082582582582582660e+02 2.000945585407502281e-01
1.084084084084084054e+02 2.213541455766953603e-01
1.085585585585585591e+02 2.530898308493052529e-01
1.087087087087087127e+02 2.952279421672275861e-01
1.088588588588588664e+02 2.069768315886299503e-01
1.090090090090090058e+02 2.179848497057669809e-01
1.091591591591591595e+02 2.450978165556777499e-01
1.093093093093093131e+02 2.955794121909209871e-01
1.094594594594594668e+02 2.179011032093709777e-01
1.096096096096096062e+02 2.069950271628297755e-01
1.097597597597597598e+02 2.380041655201332595e-01
1.099099099099099135e+02 2.851072923804462422e-01
1.100600600600600671e+02 2.322397776088924726e-01
1.102102102102102066e+02 1.994720704950029011e-01
1.103603603603603602e+02 2.318510841733827654e-01
1.105105105105105139e+02 2.750397110836175774e-01
1.106606606606606675e+02 2.491873685270380723e-01
1.108108108108108070e+02 1.962554392847361828e-01
1.109609609609609606e+02 2.267576221294395900e-01
1.111111111111111143e+02 2.654909258242127423e-01
1.112612612612612679e+02 2.679105143303820435e-01
1.114114114114114074e+02 1.977829770350462146e-01
1.115615615615615610e+02 2.228255645117951378e-01
1.117117117117117147e+02 2.565889750581799023e-01
1.118618618618618683e+02 2.876935262804365401e-01
1.120120120120120077e+02 2.038960670609776815e-01
1.121621621621621614e+02 2.201004012677054145e-01
1.123123123123123150e+02 2.484254636417637108e-01
1.124624624624624687e+02 3.000119797516838105e-01
1.126126126126126081e+02 2.139485289364124465e-01
1.127627627627627618e+02 2.107002378597696290e-01
1.129129129129129154e+02 2.410158884841239191e-01
1.130630630630630691e+02 2.894441878828611925e-01
1.132132132132132085e+02 2.270743064115991472e-01
1.133633633633633622e+02 2.024716426024297244e-01
1.135135135135135158e+02 2.344606974202712857e-01
1.136636636636636695e+02 2.792632591715171753e-01
1.138138138138138089e+02 2.425510855965328783e-01
1.139639639639639626e+02 1.981381619701224339e-01
1.141141141141141162e+02 2.288742115984579439e-01
1.142642642642642699e+02 2.695455807904696965e-01
1.144144144144144093e+02 2.598766572234668670e-01
1.145645645645645629e+02 1.978688558875656700e-01
1.147147147147147166e+02 2.243672811739556572e-01
1.148648648648648702e+02 2.603784334364092068e-01
1.150150150150150097e+02 2.786262189897712460e-01
1.151651651651651633e+02 2.016110341579816501e-01
1.153153153153153170e+02 2.210399662051075187e-01
1.154654654654654706e+02 2.518717812851546389e-01
1.156156156156156243e+02 2.986354828660837679e-01
1.157657657657657637e+02 2.091993052392252528e-01
1.159159159159159174e+02 2.162833110263985836e-01
1.160660660660660710e+02 2.439659449608916342e-01
1.162162162162162247e+02 2.939221168576173771e-01
1.163663663663663641e+02 2.203071528341616347e-01
1.165165165165165178e+02 2.060327541737552448e-01
1.166666666666666714e+02 2.368952120082472579e-01
1.168168168168168251e+02 2.834314154294135246e-01
1.169669669669669645e+02 2.346476127219199737e-01
1.171171171171171181e+02 1.991971826630498654e-01
1.172672672672672718e+02 2.308998279782689123e-01
1.174174174174174254e+02 2.734531376405467951e-01
1.175675675675675649e+02 2.516851378853888210e-01
1.177177177177177185e+02 1.964611386768592705e-01
1.178678678678678722e+02 2.259963963779990093e-01
1.180180180180180258e+02 2.640229695974075086e-01
1.181681681681681653e+02 2.706538219806173817e-01
1.183183183183183189e+02 1.982774296119519664e-01
1.184684684684684726e+02 2.221911866300927962e-01
1.186186186186186262e+02 2.551540579878744941e-01
1.187687687687687657e+02 2.907765093480497720e-01
1.189189189189189193e+02 2.046966179433310495e-01
1.190690690690690730e+02 2.196257356262823757e-01
1.192192192192192266e+02 2.470084817697211221e-01
1.193693693693693660e+02 2.981785521667006944e-01
1.195195195195195197e+02 2.152776825436163166e-01
1.196696696696696733e+02 2.087848052981505775e-01
1.198198198198198270e+02 2.397590123249760397e-01
1.199699699699699664e+02 2.876378507798506012e-01
1.201201201201201201e+02 2.291936328877204332e-01
1.202702702702702737e+02 2.008956453635168948e-01
1.204204204204204274e+02 2.334465330172589281e-01
1.205705705705705668e+02 2.775631796118874783e-01
1.207207207207207205e+02 2.454647723526691416e-01
1.208708708708708741e+02 1.972176196627648259e-01
1.210210210210210278e+02 2.280845117753739493e-01
1.211711711711711672e+02 2.679467960283318240e-01
1.213213213213213209e+02 2.633729440757747731e-01
1.214714714714714745e+02 1.979208094171131249e-01
1.216216216216216282e+02 2.237806481902174238e-01
1.217717717717717676e+02 2.588948343011771014e-01
1.219219219219219212e+02 2.824014245438918325e-01
1.220720720720720749e+02 2.027593744563124245e-01
1.222222222222222285e+02 2.206330513502750557e-01
1.223723723723723680e+02 2.504849221607301502e-01
1.225225225225225216e+02 3.022929106826334755e-01
1.226726726726726753e+02 2.113220418919590782e-01
1.228228228228228289e+02 2.142005742025548942e-01
1.229729729729729684e+02 2.428276717293947062e-01
1.231231231231231220e+02 2.921634522290104119e-01
1.232732732732732757e+02 2.231372548616862295e-01
1.234234234234234293e+02 2.049197171666252981e-01
1.235735735735735688e+02 2.359555141429588998e-01
1.237237237237237224e+02 2.818415800416725903e-01
1.238738738738738761e+02 2.376813475730156222e-01
1.240240240240240297e+02 1.990022852125395703e-01
1.241741741741741691e+02 2.300171167556711582e-01
1.243243243243243228e+02 2.718932873107329229e-01
1.244744744744744764e+02 2.545946473537019639e-01
1.246246246246246301e+02 1.970234549512052125e-01
1.247747747747747695e+02 2.252437621113560773e-01
1.249249249249249232e+02 2.625278774404118387e-01
1.250750750750750768e+02 2.734809543982695823e-01
1.252252252252252305e+02 1.993738315673100336e-01
1.253753753753753841e+02 2.216549948950909954e-01
1.255255255255255236e+02 2.538048139133768366e-01
1.256756756756756772e+02 2.937055138883416516e-01
1.258258258258258309e+02 2.060931504072796572e-01
1.259759759759759845e+02 2.187842691889097524e-01
1.261261261261261239e+02 2.457531921390014862e-01
1.262762762762762776e+02 2.964906249639794877e-01
1.264264264264264312e+02 2.168807962573564008e-01
1.265765765765765849e+02 2.074541889582102172e-01
1.267267267267267243e+02 2.385480203734057780e-01
1.268768768768768780e+02 2.859309925113899253e-01
1.270270270270270316e+02 2.311167010357379759e-01
1.271771771771771853e+02 1.997469580747043838e-01
1.273273273273273247e+02 2.323452921205433341e-01
1.274774774774774784e+02 2.758359983408671390e-01
1.276276276276276320e+02 2.479393211832957022e-01
1.277777777777777857e+02 1.964489232896006188e-01
1.279279279279279251e+02 2.272317942986626926e-01
1.280780780780780788e+02 2.663322641258737411e-01
1.282282282282282324e+02 2.664834442978829543e-01
1.283783783783783861e+02 1.977901858238937660e-01
1.285285285285285397e+02 2.231629186036866164e-01
1.286786786786786934e+02 2.573768848085042915e-01
1.288288288288288186e+02 2.860071326256364843e-01
1.289789789789789722e+02 2.035492532867975157e-01
1.291291291291291259e+02 2.202712481867776795e-01
1.292792792792792795e+02 2.491104818531122422e-01
1.294294294294294332e+02 3.009322650204933058e-01
1.295795795795795868e+02 2.131454143496787634e-01
1.297297297297297405e+02 2.118503143014004997e-01
1.298798798798798941e+02 2.416335292357592035e-01
1.300300300300300194e+02 2.903572231360390665e-01
1.301801801801801730e+02 2.258161519074709522e-01
1.303303303303303267e+02 2.033877389399456059e-01
1.304804804804804803e+02 2.350083273563889352e-01
1.306306306306306340e+02 2.801681705992936644e-01
1.307807807807807876e+02 2.409534664270478466e-01
1.309309309309309413e+02 1.985825028337070974e-01
1.310810810810810949e+02 2.292965143131377448e-01
1.312312312312312201e+02 2.703935575635780797e-01
1.313813813813813738e+02 2.580531091476182537e-01
1.315315315315315274e+02 1.976728857745521095e-01
1.316816816816816811e+02 2.246366529952606161e-01
1.318318318318318347e+02 2.611172192193523256e-01
1.319819819819819884e+02 2.767814500285622481e-01
1.321321321321321420e+02 2.008192433821554546e-01
1.322822822822822957e+02 2.211771051439077596e-01
1.324324324324324209e+02 2.524659958536704663e-01
1.325825825825825746e+02 2.967959566649353564e-01
1.327327327327327282e+02 2.080366418368798098e-01
1.328828828828828819e+02 2.172561570687142063e-01
1.330330330330330355e+02 2.445900982259561762e-01
1.331831831831831892e+02 2.948192960957769504e-01
1.333333333333333428e+02 2.190499829197025128e-01
1.334834834834834965e+02 2.065495337868196168e-01
1.336336336336336217e+02 2.374681902196728589e-01
1.337837837837837753e+02 2.843191118177025301e-01
1.339339339339339290e+02 2.333429395864712874e-01
1.340840840840840826e+02 1.992501096242389469e-01
1.342342342342342363e+02 2.313250930558184704e-01
1.343843843843843899e+02 2.742176687084686426e-01
1.345345345345345436e+02 2.503169535145249869e-01
1.346846846846846972e+02 1.962417430137821106e-01
1.348348348348348509e+02 2.263622281182340878e-01
1.349849849849849761e+02 2.647493798046567370e-01
1.351351351351351298e+02 2.692504526685567390e-01
1.352852852852852834e+02 1.979397864252323558e-01
1.354354354354354371e+02 2.225068149762480518e-01
1.355855855855855907e+02 2.558784797985338977e-01
1.357357357357357444e+02 2.892277834577218765e-01
1.358858858858858980e+02 2.042289108915489870e-01
1.360360360360360517e+02 2.198642746330035647e-01
1.361861861861861769e+02 2.477182992851675869e-01
1.363363363363363305e+02 2.990980970848325926e-01
1.364864864864864842e+02 2.145927384324357590e-01
1.366366366366366378e+02 2.097203167022345660e-01
1.367867867867867915e+02 2.404223358319344528e-01
1.369369369369369451e+02 2.885720938317440365e-01
1.370870870870870988e+02 2.281628960962089891e-01
1.372372372372372524e+02 2.016891885834675713e-01
1.373873873873873777e+02 2.339934752058955292e-01
1.375375375375375313e+02 2.784537751071759493e-01
1.376876876876876850e+02 2.440471989042190537e-01
1.378378378378378386e+02 1.977066157164671378e-01
1.379879879879879923e+02 2.284935448693296289e-01
1.381381381381381459e+02 2.687728728343712348e-01
1.382882882882882996e+02 2.615867792801146452e-01
1.384384384384384532e+02 1.979302546127178208e-01
1.385885885885885784e+02 2.240869421773587500e-01
1.387387387387387321e+02 2.596656845188330953e-01
1.388888888888888857e+02 2.804721853629103534e-01
1.390390390390390394e+02 2.022220153322638048e-01
1.391891891891891930e+02 2.208231267853256741e-01
1.393393393393393467e+02 2.511913816074248795e-01
1.394894894894895003e+02 3.003583996128446065e-01
1.396396396396396540e+02 2.102389332769390717e-01
1.397897897897897792e+02 2.153193464187288519e-01
1.399399399399399329e+02 2.434108198154890101e-01
1.400900900900900865e+02 2.930697520802209022e-01
1.402402402402402402e+02 2.216487695397599822e-01
1.403903903903903938e+02 2.055635989400455554e-01
1.405405405405405475e+02 2.364553886638750546e-01
1.406906906906907011e+02 2.826788432729558931e-01
1.408408408408408548e+02 2.360787151192755839e-01
1.409909909909909800e+02 1.991524923905764466e-01
1.411411411411411336e+02 2.304885257238676322e-01
1.412912912912912873e+02 2.727252672923095034e-01
1.414414414414414409e+02 2.530580701426679013e-01
1.415915915915915946e+02 1.967085298276135819e-01
1.417417417417417482e+02 2.256067341220324152e-01
1.418918918918919019e+02 2.632895873941447640e-01
1.420420420420420555e+02 2.719917487301634629e-01
1.421921921921921808e+02 1.987129194438667923e-01
1.423423423423423344e+02 2.218818536905126093e-01
1.424924924924924881e+02 2.544569168916439583e-01
1.426426426426426417e+02 2.921552261742087486e-01
1.427927927927927954e+02 2.052590860573195175e-01
1.429429429429429490e+02 2.194456478915358666e-01
1.430930930930931027e+02 2.463775043291401290e-01
1.432432432432432563e+02 2.973337146408241427e-01
1.433933933933933815e+02 2.160202847304025231e-01
1.435435435435435352e+02 2.081059037609749307e-01
1.436936936936936888e+02 2.391948023573580717e-01
1.438438438438438425e+02 2.868212938925769895e-01
1.439939939939939961e+02 2.301610828661586061e-01
1.441441441441441498e+02 2.003011024492307168e-01
1.442942942942943034e+02 2.329461454980783219e-01
1.444444444444444571e+02 2.767575595141210099e-01
1.445945945945946107e+02 2.467392994803667416e-01
1.447447447447447360e+02 1.967821694299789759e-01
1.448948948948948896e+02 2.276481443560368079e-01
1.450450450450450433e+02 2.671420219851278199e-01
1.451951951951951969e+02 2.648984678023842410e-01
1.453453453453453506e+02 1.978221436116222309e-01
1.454954954954955042e+02 2.234818626142114351e-01
1.456456456456456579e+02 2.581433826504934137e-01
1.457957957957958115e+02 2.841680320986874619e-01
1.459459459459459367e+02 2.031959435814409409e-01
1.460960960960960904e+02 2.204992651575437002e-01
1.462462462462462440e+02 2.498566119862125623e-01
1.463963963963963977e+02 3.019218836854951071e-01
1.465465465465465513e+02 2.122909991592239476e-01
1.466966966966967050e+02 2.130768403198333161e-01
1.468468468468468586e+02 2.422706408564444525e-01
1.469969969969970123e+02 2.913118380393076023e-01
1.471471471471471375e+02 2.244696268003976702e-01
1.472972972972972912e+02 2.042064076776643755e-01
1.474474474474474448e+02 2.354858487995867833e-01
1.475975975975975985e+02 2.810246877405572774e-01
1.477477477477477521e+02 2.392403703669345183e-01
1.478978978978979058e+02 1.988521746905599630e-01
1.480480480480480594e+02 2.296737416738329762e-01
1.481981981981982130e+02 2.711737640144920025e-01
1.483483483483483383e+02 2.562338841106340803e-01
1.484984984984984919e+02 1.973908748617777542e-01
1.486486486486486456e+02 2.249613538617205588e-01
1.487987987987987992e+02 2.618686270765949731e-01
1.489489489489489529e+02 2.750385341318896115e-01
1.490990990990991065e+02 2.000658729138627967e-01
1.492492492492492602e+02 2.213997029536687866e-01
1.493993993993994138e+02 2.531556768945582570e-01
1.495495495495495391e+02 2.951629645250586353e-01
1.496996996996996927e+02 2.069485144265154619e-01
1.498498498498498464e+02 2.180341737041727179e-01
1.500000000000000000e+02 2.451481678295920896e-01
