0.000000000000000000e+00 1.240436766945998137e+00
1.501501501501501523e-01 1.186678372323122233e+00
3.003003003003003046e-01 1.125537528446252100e+00
4.504504504504504570e-01 1.083463597226848041e+00
6.006006006006006093e-01 1.111909323750626122e+00
7.507507507507507061e-01 1.136489362159708083e+00
9.009009009009009139e-01 1.065766559404434766e+00
1.051051051051051122e+00 9.534629939521326314e-01
1.201201201201201219e+00 8.960911503209267881e-01
1.351351351351351315e+00 8.723588453277556498e-01
1.501501501501501412e+00 8.439660953734813287e-01
1.651651651651651731e+00 8.460426320485789908e-01
1.801801801801801828e+00 9.260802424463465687e-01
1.951951951951951925e+00 9.893397102330141468e-01
2.102102102102102243e+00 9.768508576843555336e-01
2.252252252252252340e+00 9.656673992143858243e-01
2.402402402402402437e+00 9.591984008755931601e-01
2.552552552552552534e+00 9.174307321295915862e-01
2.702702702702702631e+00 8.282442720776049816e-01
2.852852852852852727e+00 8.254834126577443865e-01
3.003003003003002824e+00 8.706480457981971011e-01
3.153153153153153365e+00 9.006696584228842672e-01
3.303303303303303462e+00 7.528985333558637638e-01
3.453453453453453559e+00 5.972681179532235429e-01
3.603603603603603656e+00 5.458666849510140917e-01
3.753753753753753752e+00 5.420246756937723287e-01
3.903903903903903849e+00 5.464127646718144327e-01
4.054054054054054390e+00 5.190333324201183984e-01
4.204204204204204487e+00 6.267992473151160482e-01
4.354354354354354584e+00 7.206442193350709458e-01
4.504504504504504681e+00 6.976824084982461427e-01
4.654654654654654777e+00 6.888437769265096655e-01
4.804804804804804874e+00 7.037597498749723623e-01
4.954954954954954971e+00 6.944749412058532911e-01
5.105105105105105068e+00 6.481342524237154734e-01
5.255255255255255165e+00 6.937371631909299285e-01
5.405405405405405261e+00 7.440648264466200867e-01
5.555555555555555358e+00 7.245999745367426303e-01
5.705705705705705455e+00 5.702895718766172184e-01
5.855855855855855552e+00 4.139547787214638563e-01
6.006006006006005649e+00 4.147928623278370197e-01
6.156156156156156634e+00 4.616530652716683836e-01
6.306306306306306730e+00 4.786593239446173542e-01
6.456456456456456827e+00 3.647036264474442513e-01
6.606606606606606924e+00 4.668523217165305716e-01
6.756756756756757021e+00 5.242736093359980920e-01
6.906906906906907118e+00 5.093928106086964558e-01
7.057057057057057214e+00 5.180327342046394667e-01
7.207207207207207311e+00 5.420190194827230190e-01
7.357357357357357408e+00 5.650157344603587983e-01
7.507507507507507505e+00 5.833845771594072804e-01
7.657657657657657602e+00 6.225090987074627380e-01
7.807807807807807698e+00 6.729548797813744709e-01
7.957957957957957795e+00 6.052540144463370853e-01
8.108108108108108780e+00 4.710212059489147229e-01
8.258258258258258877e+00 3.753597526768964743e-01
8.408408408408408974e+00 4.313293853394829513e-01
8.558558558558559071e+00 4.984409261884149567e-01
8.708708708708709167e+00 4.497375114707196087e-01
8.858858858858859264e+00 3.212334834754567159e-01
9.009009009009009361e+00 4.079710092205367511e-01
9.159159159159159458e+00 4.172237349315408017e-01
9.309309309309309555e+00 4.291047390311781284e-01
9.459459459459459651e+00 4.473673807385016854e-01
9.609609609609609748e+00 4.517566819314086102e-01
9.759759759759759845e+00 5.004400854096122675e-01
9.909909909909909942e+00 5.354714770837730731e-01
1.006006006006006004e+01 5.727315876695333596e-01
1.021021021021021014e+01 6.244883034418895473e-01
1.036036036036036023e+01 5.195015190036568198e-01
1.051051051051051033e+01 4.268852579257777502e-01
1.066066066066066043e+01 4.146436221483176254e-01
1.081081081081081052e+01 4.726664602313118690e-01
1.096096096096096062e+01 5.405577928476590355e-01
1.111111111111111072e+01 4.307730128771799505e-01
1.126126126126126081e+01 3.262938490850096906e-01
1.141141141141141091e+01 3.833558791409628630e-01
1.156156156156156101e+01 3.940744002178011574e-01
1.171171171171171110e+01 4.357946410616234667e-01
1.186186186186186120e+01 4.168691592932104450e-01
1.201201201201201130e+01 4.060665339431343557e-01
1.216216216216216317e+01 4.737275186198968702e-01
1.231231231231231327e+01 4.971305520082410778e-01
1.246246246246246336e+01 5.378968243002697491e-01
1.261261261261261346e+01 5.452102859375751454e-01
1.276276276276276356e+01 4.575581473419787493e-01
1.291291291291291365e+01 4.157865547320709898e-01
1.306306306306306375e+01 4.455181594108478249e-01
1.321321321321321385e+01 5.018571310069783742e-01
1.336336336336336394e+01 5.514602511523016837e-01
1.351351351351351404e+01 4.097517427716050875e-01
1.366366366366366414e+01 3.462428000401858164e-01
1.381381381381381424e+01 3.831612256396640381e-01
1.396396396396396433e+01 4.191380888854281395e-01
1.411411411411411443e+01 4.772426604269727202e-01
1.426426426426426453e+01 3.982920241004604400e-01
1.441441441441441462e+01 3.894347560698691035e-01
1.456456456456456472e+01 4.499705426693093591e-01
1.471471471471471482e+01 4.742342235575940923e-01
1.486486486486486491e+01 5.219348206539415891e-01
1.501501501501501501e+01 4.848229292791176315e-01
1.516516516516516511e+01 4.213752751920686324e-01
1.531531531531531520e+01 4.282821938232324044e-01
1.546546546546546530e+01 4.639976368091303094e-01
1.561561561561561540e+01 5.199716803937599607e-01
1.576576576576576549e+01 5.084325480065510217e-01
1.591591591591591559e+01 3.941542717913548155e-01
1.606606606606606746e+01 3.727523723979125903e-01
1.621621621621621756e+01 4.062721780046254505e-01
1.636636636636636766e+01 4.554752083522385919e-01
1.651651651651651775e+01 4.892590058463295311e-01
1.666666666666666785e+01 3.853472951808293301e-01
1.681681681681681795e+01 3.888301468392429960e-01
1.696696696696696804e+01 4.338182503945635649e-01
1.711711711711711814e+01 4.683868799923164294e-01
1.726726726726726824e+01 5.233608581634798806e-01
1.741741741741741833e+01 4.398534958187445554e-01
1.756756756756756843e+01 4.035869943436216634e-01
1.771771771771771853e+01 4.361558752601639721e-01
1.786786786786786863e+01 4.749913547789557100e-01
1.801801801801801872e+01 5.326040502190594328e-01
1.816816816816816882e+01 4.668060036060986961e-01
1.831831831831831892e+01 3.830697408908499968e-01
1.846846846846846901e+01 3.997617467962721327e-01
1.861861861861861911e+01 4.324548040546187799e-01
1.876876876876876921e+01 4.884976512026133477e-01
1.891891891891891930e+01 4.629711814305969564e-01
1.906906906906906940e+01 3.758480317921110148e-01
1.921921921921921950e+01 4.030368918380390353e-01
1.936936936936936959e+01 4.323057030328300021e-01
1.951951951951951969e+01 4.772005252610171944e-01
1.966966966966966979e+01 4.962770225188087858e-01
1.981981981981981988e+01 4.094003448747631779e-01
1.996996996996996998e+01 4.050170722895671815e-01
2.012012012012012008e+01 4.409300472722033071e-01
2.027027027027027017e+01 4.847873408531302997e-01
2.042042042042042027e+01 5.447125551156042356e-01
2.057057057057057037e+01 4.328332649943000821e-01
2.072072072072072046e+01 3.845066937852847921e-01
2.087087087087087056e+01 4.154176659521762183e-01
2.102102102102102066e+01 4.563031951616272064e-01
2.117117117117117076e+01 5.159421810575886003e-01
2.132132132132132085e+01 4.371509079680877541e-01
2.147147147147147095e+01 3.738474378137425225e-01
2.162162162162162105e+01 4.130128438693769222e-01
2.177177177177177114e+01 4.418351278841906593e-01
2.192192192192192124e+01 4.945552935238344827e-01
2.207207207207207134e+01 4.618573937419886422e-01
2.222222222222222143e+01 3.902344297843871601e-01
2.237237237237237153e+01 4.168110027560510966e-01
2.252252252252252163e+01 4.465251103673943400e-01
2.267267267267267172e+01 4.959158230933055078e-01
2.282282282282282182e+01 5.015239232249746326e-01
2.297297297297297192e+01 4.051060961954393580e-01
2.312312312312312201e+01 3.945500729630338488e-01
2.327327327327327211e+01 4.295908668544262676e-01
2.342342342342342221e+01 4.768697220944446702e-01
2.357357357357357230e+01 5.240090323870391087e-01
2.372372372372372240e+01 4.112302837463297500e-01
2.387387387387387250e+01 3.801695151620637092e-01
2.402402402402402259e+01 4.184405171992588990e-01
2.417417417417417624e+01 4.576708407189283845e-01
2.432432432432432634e+01 5.161948140413055164e-01
2.447447447447447644e+01 4.307034367062466673e-01
2.462462462462462653e+01 3.845287610118225397e-01
2.477477477477477663e+01 4.227608906422837265e-01
2.492492492492492673e+01 4.556670590402207566e-01
2.507507507507507682e+01 5.103770836786538645e-01
2.522522522522522692e+01 4.629831502342690586e-01
2.537537537537537702e+01 3.905242378889121069e-01
2.552552552552552712e+01 4.152691128708522195e-01
2.567567567567567721e+01 4.436866062056958881e-01
2.582582582582582731e+01 4.960938794502831595e-01
2.597597597597597741e+01 4.874497164112442382e-01
2.612612612612612750e+01 3.938310537554299273e-01
2.627627627627627760e+01 3.954366791435767747e-01
2.642642642642642770e+01 4.294498886215127320e-01
2.657657657657657779e+01 4.764795582793242001e-01
2.672672672672672789e+01 5.098551563694500022e-01
2.687687687687687799e+01 4.065493301202007803e-01
2.702702702702702808e+01 3.885170978688183840e-01
2.717717717717717818e+01 4.272455582475644942e-01
2.732732732732732828e+01 4.681730148911872336e-01
2.747747747747747837e+01 5.272884606205155977e-01
2.762762762762762847e+01 4.299190855214709561e-01
2.777777777777777857e+01 3.849352835851296839e-01
2.792792792792792866e+01 4.212764400184021429e-01
2.807807807807807876e+01 4.577167155066739213e-01
2.822822822822822886e+01 5.146797260966855525e-01
2.837837837837837895e+01 4.518594571008817118e-01
2.852852852852852905e+01 3.826844678296865698e-01
2.867867867867867915e+01 4.134722137921645890e-01
2.882882882882882924e+01 4.430646345214826476e-01
2.897897897897897934e+01 4.964361178682125120e-01
2.912912912912912944e+01 4.736526915576961816e-01
2.927927927927927954e+01 3.891162695355447898e-01
2.942942942942942963e+01 4.045955106149934366e-01
2.957957957957957973e+01 4.358063118429377214e-01
2.972972972972972983e+01 4.840880476533645504e-01
2.987987987987987992e+01 5.027399806504090352e-01
3.003003003003003002e+01 4.050271950880828808e-01
3.018018018018018012e+01 3.935588025633999232e-01
3.033033033033033021e+01 4.294774581194829022e-01
3.048048048048048031e+01 4.733124821093520618e-01
3.063063063063063041e+01 5.336660945062401407e-01
3.078078078078078050e+01 4.230433182325541441e-01
3.093093093093093060e+01 3.842745865802415506e-01
3.108108108108108070e+01 4.206166046269811387e-01
3.123123123123123079e+01 4.588455338375312387e-01
3.138138138138138089e+01 5.167047654003831259e-01
3.153153153153153099e+01 4.423819627747250238e-01
3.168168168168168108e+01 3.820451564067239847e-01
3.183183183183183118e+01 4.168521076621486410e-01
3.198198198198198128e+01 4.479541652829139298e-01
3.213213213213213493e+01 5.019348114870325617e-01
3.228228228228228147e+01 4.673056568138387323e-01
3.243243243243243512e+01 3.882365999390462452e-01
3.258258258258258167e+01 4.095958017529039985e-01
3.273273273273273531e+01 4.397510880162934788e-01
3.288288288288288186e+01 4.898835060285975374e-01
3.303303303303303551e+01 4.952462456178835515e-01
3.318318318318318205e+01 3.990181035295710665e-01
3.333333333333333570e+01 3.943451298525030291e-01
3.348348348348348225e+01 4.299583051062298433e-01
3.363363363363363590e+01 4.756426059560999731e-01
3.378378378378378244e+01 5.221334585246947269e-01
3.393393393393393609e+01 4.137700081023155674e-01
3.408408408408408263e+01 3.853183374249827819e-01
3.423423423423423628e+01 4.229603689358820695e-01
3.438438438438438283e+01 4.628595397588813332e-01
3.453453453453453648e+01 5.215826918044167426e-01
3.468468468468468302e+01 4.345893798171676092e-01
3.483483483483483667e+01 3.835205634441604672e-01
3.498498498498498321e+01 4.188978122847183405e-01
3.513513513513513686e+01 4.527155349547446472e-01
3.528528528528528341e+01 5.081588190188783827e-01
3.543543543543543706e+01 4.596089850180532510e-01
3.558558558558558360e+01 3.868572127156307272e-01
3.573573573573573725e+01 4.148387381682414610e-01
3.588588588588588379e+01 4.420697731536267217e-01
3.603603603603603744e+01 4.937709982692426447e-01
3.618618618618618399e+01 4.855838673051635079e-01
3.633633633633633764e+01 3.949974895183279155e-01
3.648648648648648418e+01 3.986574496720960425e-01
3.663663663663663783e+01 4.326883599116578272e-01
3.678678678678678438e+01 4.796381460195306978e-01
3.693693693693693803e+01 5.129092935938808218e-01
3.708708708708708457e+01 4.090966730224103731e-01
3.723723723723723822e+01 3.880722900642122331e-01
3.738738738738738476e+01 4.259719275405035033e-01
3.753753753753753841e+01 4.676294211701557124e-01
3.768768768768768496e+01 5.272140835652903146e-01
3.783783783783783861e+01 4.282717416409831390e-01
3.798798798798798515e+01 3.827231940700700497e-01
3.813813813813813880e+01 4.198773040781960120e-01
3.828828828828828534e+01 4.558447282375500120e-01
3.843843843843843899e+01 5.126022337956066544e-01
3.858858858858859264e+01 4.503665592112444660e-01
3.873873873873873919e+01 3.832578930499793701e-01
3.888888888888889284e+01 4.154302201294021168e-01
3.903903903903903938e+01 4.447798867447882998e-01
3.918918918918919303e+01 4.978868510015280191e-01
3.933933933933933957e+01 4.753128200968701478e-01
3.948948948948949322e+01 3.907064242729496595e-01
3.963963963963963977e+01 4.044973539424228104e-01
3.978978978978979342e+01 4.359328097326081175e-01
3.993993993993993996e+01 4.846443500228558854e-01
4.009009009009009361e+01 5.032082292437184412e-01
4.024024024024024015e+01 4.042122504903121749e-01
4.039039039039039380e+01 3.921653353180440948e-01
4.054054054054054035e+01 4.281347537940397574e-01
4.069069069069069400e+01 4.718793922624134884e-01
4.084084084084084054e+01 5.321745131152352259e-01
4.099099099099099419e+01 4.219541881446879361e-01
4.114114114114114074e+01 3.845877670445645435e-01
4.129129129129129439e+01 4.215465539980909337e-01
4.144144144144144093e+01 4.594824999679710809e-01
4.159159159159159458e+01 5.171233189830855004e-01
4.174174174174174112e+01 4.432468173306967074e-01
4.189189189189189477e+01 3.830676447465127810e-01
4.204204204204204132e+01 4.171714079554901811e-01
4.219219219219219497e+01 4.485994171739094982e-01
4.234234234234234151e+01 5.027675921693589567e-01
4.249249249249249516e+01 4.678339588668266602e-01
4.264264264264264170e+01 3.878316188294413935e-01
4.279279279279279535e+01 4.086779621513511040e-01
4.294294294294294190e+01 4.388422121803601805e-01
4.309309309309309555e+01 4.890359573819712535e-01
4.324324324324324209e+01 4.943392010939174908e-01
4.339339339339339574e+01 3.982878911353538998e-01
4.354354354354354228e+01 3.945018149275317798e-01
4.369369369369369593e+01 4.301698620528787709e-01
4.384384384384384248e+01 4.756616464437148362e-01
4.399399399399399613e+01 5.220522773816892448e-01
4.414414414414414267e+01 4.141997417491514177e-01
4.429429429429429632e+01 3.859119224165907802e-01
4.444444444444444287e+01 4.234150313274478439e-01
4.459459459459459651e+01 4.634395601480933991e-01
4.474474474474474306e+01 5.222173564117598143e-01
4.489489489489489671e+01 4.349359476646215139e-01
4.504504504504504325e+01 3.832736300396414886e-01
4.519519519519519690e+01 4.183701130948586089e-01
4.534534534534534345e+01 4.522698741641846265e-01
4.549549549549549710e+01 5.077874709918008822e-01
4.564564564564564364e+01 4.591010281151630679e-01
4.579579579579579729e+01 3.864465007373264482e-01
4.594594594594594383e+01 4.149201613841863034e-01
4.609609609609609748e+01 4.419945476497271208e-01
4.624624624624624403e+01 4.935930889928877852e-01
4.639639639639639768e+01 4.854385854402958334e-01
4.654654654654654422e+01 3.952500815358710451e-01
4.669669669669669787e+01 3.990737647526553245e-01
4.684684684684684441e+01 4.330932200581326663e-01
4.699699699699699806e+01 4.800754455935176690e-01
4.714714714714714461e+01 5.133098059915872646e-01
4.729729729729729826e+01 4.093375438132808020e-01
4.744744744744744480e+01 3.879074043557204088e-01
4.759759759759759845e+01 4.257056348779745814e-01
4.774774774774774500e+01 4.674495455476203598e-01
4.789789789789789864e+01 5.270932309578896247e-01
4.804804804804804519e+01 4.279382160823185233e-01
4.819819819819819884e+01 3.824747805025621172e-01
4.834834834834835249e+01 4.198123200200151173e-01
4.849849849849849903e+01 4.556922009423710063e-01
4.864864864864865268e+01 5.124015219446025338e-01
4.879879879879879923e+01 4.502548129140699906e-01
4.894894894894895288e+01 3.834412106906796569e-01
4.909909909909909942e+01 4.156992673946101058e-01
4.924924924924925307e+01 4.450670801087467376e-01
4.939939939939939961e+01 4.981702693743699228e-01
4.954954954954955326e+01 4.755622399965879765e-01
4.969969969969969981e+01 3.908394727894906051e-01
4.984984984984985346e+01 4.043804380471598403e-01
5.000000000000000000e+01 4.358323272055707465e-01
5.015015015015015365e+01 4.846124179010636857e-01
5.030030030030030019e+01 5.031255231233152658e-01
5.045045045045045384e+01 4.039838745349485505e-01
5.060060060060060039e+01 3.919973363523961418e-01
5.075075075075075404e+01 4.279927129738188007e-01
5.090090090090090058e+01 4.717008651474535186e-01
5.105105105105105423e+01 5.319405283032194731e-01
5.120120120120120077e+01 4.218523714471356101e-01
5.135135135135135442e+01 3.847271562431947012e-01
5.150150150150150097e+01 4.217397025186806481e-01
5.165165165165165462e+01 4.596612591635862444e-01
5.180180180180180116e+01 5.172832361140635715e-01
5.195195195195195481e+01 4.434303371310499564e-01
5.210210210210210136e+01 3.831685414313208415e-01
5.225225225225225500e+01 4.171076285012195739e-01
5.240240240240240155e+01 4.485999083848045688e-01
5.255255255255255520e+01 5.028105730603251722e-01
5.270270270270270174e+01 4.677734840703739461e-01
5.285285285285285539e+01 3.876874408721409093e-01
5.300300300300300194e+01 4.085923081235679488e-01
5.315315315315315559e+01 4.387291988610928506e-01
5.330330330330330213e+01 4.889088364135546483e-01
5.345345345345345578e+01 4.941849777761916362e-01
5.360360360360360232e+01 3.982439681290734224e-01
5.375375375375375597e+01 3.946128663541619286e-01
5.390390390390390252e+01 4.302809674097002324e-01
5.405405405405405617e+01 4.757646689173978816e-01
5.420420420420420271e+01 5.221106949200958747e-01
5.435435435435435636e+01 4.142819221433714505e-01
5.450450450450450290e+01 3.859396432765445639e-01
5.465465465465465655e+01 4.234139180325575680e-01
5.480480480480480310e+01 4.634641929411583150e-01
5.495495495495495675e+01 5.222576107716935256e-01
5.510510510510510329e+01 4.349136648464332344e-01
5.525525525525525694e+01 3.832071300870297237e-01
5.540540540540540349e+01 4.183007210781263252e-01
5.555555555555555713e+01 4.522066700014207852e-01
5.570570570570570368e+01 5.077312670369553693e-01
5.585585585585585733e+01 4.589857665574161860e-01
5.600600600600600387e+01 3.864062153654566067e-01
5.615615615615615752e+01 4.149785744370341201e-01
5.630630630630630407e+01 4.420357295894044025e-01
5.645645645645645772e+01 4.936198468613881563e-01
5.660660660660660426e+01 4.854371780023306049e-01
5.675675675675675791e+01 3.953125552515781571e-01
5.690690690690690445e+01 3.991357545983166277e-01
5.705705705705705810e+01 4.331539841812981351e-01
5.720720720720720465e+01 4.801485895013237748e-01
5.735735735735735830e+01 5.133475485526431958e-01
5.750750750750750484e+01 4.093536428131988036e-01
5.765765765765765849e+01 3.878846554490195664e-01
5.780780780780781214e+01 4.256673207733518982e-01
5.795795795795795868e+01 4.674259999149151801e-01
5.810810810810811233e+01 5.270784739023161025e-01
5.825825825825825888e+01 4.278805166240704505e-01
5.840840840840841253e+01 3.824390012128140448e-01
5.855855855855855907e+01 4.198002157186829786e-01
5.870870870870871272e+01 4.556753612007831133e-01
5.885885885885885926e+01 5.123820946556374434e-01
5.900900900900901291e+01 4.502237844519808574e-01
5.915915915915915946e+01 3.834502966551293079e-01
5.930930930930931311e+01 4.157260053330146810e-01
5.945945945945945965e+01 4.451005431771346554e-01
5.960960960960961330e+01 4.982064144499001035e-01
5.975975975975975985e+01 4.755606033102052210e-01
5.990990990990991349e+01 3.908375982696373763e-01
6.006006006006006004e+01 4.043823869734151089e-01
6.021021021021021369e+01 4.358392639299900617e-01
6.036036036036036023e+01 4.846190263017063349e-01
6.051051051051051388e+01 5.030817337513162624e-01
6.066066066066066043e+01 4.039743968118960638e-01
6.081081081081081408e+01 3.920321267655374475e-01
6.096096096096096062e+01 4.280233496281058425e-01
6.111111111111111427e+01 4.717381294481081122e-01
6.126126126126126081e+01 5.319295783753963391e-01
6.141141141141141446e+01 4.218474548364866683e-01
6.156156156156156101e+01 3.847333049727000298e-01
6.171171171171171466e+01 4.217345411188027082e-01
6.186186186186186120e+01 4.596671849175509861e-01
6.201201201201201485e+01 5.172955433704933270e-01
6.216216216216216139e+01 4.434167808607457628e-01
6.231231231231231504e+01 3.831517469970108225e-01
6.246246246246246159e+01 4.170850395088508411e-01
6.261261261261261524e+01 4.485839938892807743e-01
6.276276276276276178e+01 5.027990316517159108e-01
6.291291291291291543e+01 4.677190487015218667e-01
6.306306306306306197e+01 3.876692745777177151e-01
6.321321321321321562e+01 4.086267339215620131e-01
6.336336336336336217e+01 4.387522336646941801e-01
6.351351351351351582e+01 4.889276715438942711e-01
6.366366366366366236e+01 4.941620317238432092e-01
6.381381381381381601e+01 3.982589528500018461e-01
6.396396396396396256e+01 3.946484063961597788e-01
6.411411411411411621e+01 4.303240214483530779e-01
6.426426426426426985e+01 4.758061606313781500e-01
6.441441441441440929e+01 5.221128024466241691e-01
6.456456456456456294e+01 4.142998900820874519e-01
6.471471471471471659e+01 3.859576975266880150e-01
6.486486486486487024e+01 4.234161158804363168e-01
6.501501501501500968e+01 4.634870089790833481e-01
6.516516516516516333e+01 5.222925493743661995e-01
6.531531531531531698e+01 4.348690214883880745e-01
6.546546546546547063e+01 3.831651527358713727e-01
6.561561561561561007e+01 4.182817991763396748e-01
6.576576576576576372e+01 4.521829770902497381e-01
6.591591591591591737e+01 5.077061804457069227e-01
6.606606606606607102e+01 4.589344478065434663e-01
6.621621621621621046e+01 3.864133379491735409e-01
6.636636636636636410e+01 4.150125901999990319e-01
6.651651651651651775e+01 4.420780047480034058e-01
6.666666666666667140e+01 4.936654114090756051e-01
6.681681681681681084e+01 4.854542198434337874e-01
6.696696696696696449e+01 3.953279215486855125e-01
6.711711711711711814e+01 3.991338051869223191e-01
6.726726726726727179e+01 4.331439598748431652e-01
6.741741741741742544e+01 4.801520860011432301e-01
6.756756756756756488e+01 5.133138984861976839e-01
6.771771771771771853e+01 4.093142917083223420e-01
6.786786786786787218e+01 3.878675750818564305e-01
6.801801801801802583e+01 4.256541282165561824e-01
6.816816816816816527e+01 4.674108230525910734e-01
6.831831831831831892e+01 5.270623739733986124e-01
6.846846846846847257e+01 4.278523491404311874e-01
6.861861861861862621e+01 3.824611551559686795e-01
6.876876876876876565e+01 4.198207262747346569e-01
6.891891891891891930e+01 4.557104251371899561e-01
6.906906906906907295e+01 5.124239572203410642e-01
6.921921921921922660e+01 4.502087815249911085e-01
6.936936936936936604e+01 3.834291341274418952e-01
6.951951951951951969e+01 4.157059280988926186e-01
6.966966966966967334e+01 4.450873597207203325e-01
6.981981981981982699e+01 4.981987488885900039e-01
6.996996996996996643e+01 4.755098683704341855e-01
7.012012012012012008e+01 3.908077876052074573e-01
7.027027027027027373e+01 4.044019974483610280e-01
7.042042042042042738e+01 4.358513280814553248e-01
7.057057057057056682e+01 4.846314629282231223e-01
7.072072072072072046e+01 5.030588753898711518e-01
7.087087087087087411e+01 4.039692369828943308e-01
7.102102102102102776e+01 3.920525153976704424e-01
7.117117117117116720e+01 4.280372822415036138e-01
7.132132132132132085e+01 4.717618804760767004e-01
7.147147147147147450e+01 5.319188450527355672e-01
7.162162162162162815e+01 4.218340123046723233e-01
7.177177177177176759e+01 3.847247577843275756e-01
7.192192192192192124e+01 4.217209537123670637e-01
7.207207207207207489e+01 4.596602104882803741e-01
7.222222222222222854e+01 5.172924231044053744e-01
7.237237237237236798e+01 4.433527365752432114e-01
7.252252252252252163e+01 3.831572107586090903e-01
7.267267267267267528e+01 4.171229889594790796e-01
7.282282282282282893e+01 4.486211674025548102e-01
7.297297297297296836e+01 5.028332617762709678e-01
7.312312312312312201e+01 4.677104194533242554e-01
7.327327327327327566e+01 3.876972945678657245e-01
7.342342342342342931e+01 4.086594190462045084e-01
7.357357357357356875e+01 4.387834679359328693e-01
7.372372372372372240e+01 4.889693294036769333e-01
7.387387387387387605e+01 4.941707342417678284e-01
7.402402402402402970e+01 3.982455616258394615e-01
7.417417417417416914e+01 3.946196388067420013e-01
7.432432432432432279e+01 4.303056738759585276e-01
7.447447447447447644e+01 4.757830791016135485e-01
7.462462462462463009e+01 5.220441079922544247e-01
7.477477477477476953e+01 4.142688746405162048e-01
7.492492492492492318e+01 3.859965867449134391e-01
7.507507507507507682e+01 4.234679475278143590e-01
7.522522522522523047e+01 4.635395969422593243e-01
7.537537537537536991e+01 5.223432819669437954e-01
7.552552552552552356e+01 4.348832640683359951e-01
7.567567567567567721e+01 3.831831470307008880e-01
7.582582582582583086e+01 4.182794295106976312e-01
7.597597597597597030e+01 4.521987485771314930e-01
7.612612612612612395e+01 5.077335010474042232e-01
7.627627627627627760e+01 4.589062604530296241e-01
7.642642642642643125e+01 3.863809188025729702e-01
7.657657657657657069e+01 4.149878987286241827e-01
7.672672672672672434e+01 4.420567199807712289e-01
7.687687687687687799e+01 4.936482660779671905e-01
7.702702702702703164e+01 4.853811706994752839e-01
7.717717717717718529e+01 3.953006027776749809e-01
7.732732732732732472e+01 3.991791775709057077e-01
7.747747747747747837e+01 4.331821108034737966e-01
7.762762762762763202e+01 4.801850523666959525e-01
7.777777777777778567e+01 5.132980221336203019e-01
7.792792792792792511e+01 4.093388675830050838e-01
7.807807807807807876e+01 3.879062787199358819e-01
7.822822822822823241e+01 4.256757003773114501e-01
7.837837837837838606e+01 4.674502510143490053e-01
7.852852852852852550e+01 5.271108439576257521e-01
7.867867867867867915e+01 4.278368341589795509e-01
7.882882882882883280e+01 3.824311096126041809e-01
7.897897897897898645e+01 4.198002910626382200e-01
7.912912912912912589e+01 4.556863440877572669e-01
7.927927927927927954e+01 5.123987922487392987e-01
7.942942942942943318e+01 4.501484479510203252e-01
7.957957957957958683e+01 3.834363755518457317e-01
7.972972972972972627e+01 4.157681655526881404e-01
7.987987987987987992e+01 4.451425585713572053e-01
8.003003003003003357e+01 4.982466333110346923e-01
8.018018018018018722e+01 4.755344443199963633e-01
8.033033033033032666e+01 3.908511038655593239e-01
8.048048048048048031e+01 4.044212189827511295e-01
8.063063063063063396e+01 4.358769027146597308e-01
8.078078078078078761e+01 4.846729526806464738e-01
8.093093093093092705e+01 5.030556291325214424e-01
8.108108108108108070e+01 4.039388136416832698e-01
8.123123123123123435e+01 3.920223142563505903e-01
8.138138138138138800e+01 4.280032064848495743e-01
8.153153153153152743e+01 4.717336677652727017e-01
8.168168168168168108e+01 5.318481680445710236e-01
8.183183183183183473e+01 4.217783770838863244e-01
8.198198198198198838e+01 3.847327885976998263e-01
8.213213213213212782e+01 4.217416248761034492e-01
8.228228228228228147e+01 4.596812049222569474e-01
8.243243243243243512e+01 5.173126223086611519e-01
8.258258258258258877e+01 4.433496133700645103e-01
8.273273273273272821e+01 3.831792776736444583e-01
8.288288288288288186e+01 4.171337218746028475e-01
8.303303303303303551e+01 4.486443657735117996e-01
8.318318318318318916e+01 5.028626848995031429e-01
8.333333333333332860e+01 4.677242358621191420e-01
8.348348348348348225e+01 3.876884294947366971e-01
8.363363363363363590e+01 4.086340366351730591e-01
8.378378378378378954e+01 4.387564377200275367e-01
8.393393393393392898e+01 4.889505049710969331e-01
8.408408408408408263e+01 4.941123572451527890e-01
8.423423423423423628e+01 3.981998702882505459e-01
8.438438438438438993e+01 3.946288058508991003e-01
8.453453453453452937e+01 4.303001463820360639e-01
8.468468468468468302e+01 4.757898414985813895e-01
8.483483483483483667e+01 5.220171720485553557e-01
8.498498498498499032e+01 4.142290016766225769e-01
8.513513513513512976e+01 3.859701917797858650e-01
8.528528528528528341e+01 4.234544363749700446e-01
8.543543543543543706e+01 4.635240403315314950e-01
8.558558558558559071e+01 5.223277480604174849e-01
8.573573573573573015e+01 4.348376308787997302e-01
8.588588588588588379e+01 3.832006898564939701e-01
8.603603603603603744e+01 4.183189013992809624e-01
8.618618618618619109e+01 4.522423424860568808e-01
8.633633633633633053e+01 5.077776599904270105e-01
8.648648648648648418e+01 4.589110207435061484e-01
8.663663663663663783e+01 3.863944404218638273e-01
8.678678678678679148e+01 4.149794246368173622e-01
8.693693693693694513e+01 4.420648039840069377e-01
8.708708708708708457e+01 4.936668466740882222e-01
8.723723723723723822e+01 4.853511209493208689e-01
8.738738738738739187e+01 3.952746387767976932e-01
8.753753753753754552e+01 3.991785451306003596e-01
8.768768768768768496e+01 4.331756179678253327e-01
8.783783783783783861e+01 4.801783800902751365e-01
8.798798798798799226e+01 5.132584820528444114e-01
8.813813813813814591e+01 4.093291669058194415e-01
8.828828828828828534e+01 3.879366600616042660e-01
8.843843843843843899e+01 4.257289709344641571e-01
8.858858858858859264e+01 4.674837200568681128e-01
8.873873873873874629e+01 5.271307763918370304e-01
8.888888888888888573e+01 4.278788437042558290e-01
8.903903903903903938e+01 3.825110921322663615e-01
8.918918918918919303e+01 4.198562432596596450e-01
8.933933933933934668e+01 4.557635537239226320e-01
8.948948948948948612e+01 5.124856648944517978e-01
8.963963963963963977e+01 4.501895286098784310e-01
8.978978978978979342e+01 3.834097092793088413e-01
8.993993993993994707e+01 4.156865813721679626e-01
9.009009009009008651e+01 4.450841584453384403e-01
9.024024024024024015e+01 4.982075241020913481e-01
9.039039039039039380e+01 4.754847068941325805e-01
9.054054054054054745e+01 3.907629021010700643e-01
9.069069069069068689e+01 4.043823121667483589e-01
9.084084084084084054e+01 4.358226275664935923e-01
9.099099099099099419e+01 4.846163661421610813e-01
9.114114114114114784e+01 5.029638118844227401e-01
9.129129129129128728e+01 4.038934686401361440e-01
9.144144144144144093e+01 3.920700728908695365e-01
9.159159159159159458e+01 4.280539654502699687e-01
9.174174174174174823e+01 4.717808503004304321e-01
9.189189189189188767e+01 5.318226780484842653e-01
9.204204204204204132e+01 4.217929891161774636e-01
9.219219219219219497e+01 3.847748243582388428e-01
9.234234234234234862e+01 4.217811650232216603e-01
9.249249249249248805e+01 4.597248501778120056e-01
9.264264264264264170e+01 5.173570979229775713e-01
9.279279279279279535e+01 4.433669353462587615e-01
9.294294294294294900e+01 3.831992804117513307e-01
9.309309309309308844e+01 4.171221617417181227e-01
9.324324324324324209e+01 4.486517061323346267e-01
9.339339339339339574e+01 5.028814744174386897e-01
9.354354354354354939e+01 4.676939131752900769e-01
9.369369369369368883e+01 3.876533579454160550e-01
9.384384384384384248e+01 4.086278654601297466e-01
9.399399399399399613e+01 4.387394017739060237e-01
9.414414414414414978e+01 4.889317764425508139e-01
9.429429429429428922e+01 4.940603783028090223e-01
9.444444444444444287e+01 3.981858693893490231e-01
9.459459459459459651e+01 3.946617017916299597e-01
9.474474474474475016e+01 4.303380722175157436e-01
9.489489489489488960e+01 4.758250826015499313e-01
9.504504504504504325e+01 5.220112519242225968e-01
9.519519519519519690e+01 4.142430173107887192e-01
9.534534534534535055e+01 3.859940788924594579e-01
9.549549549549548999e+01 4.234737228554130706e-01
9.564564564564564364e+01 4.635542939401054441e-01
9.579579579579579729e+01 5.223635488764576396e-01
9.594594594594595094e+01 4.348257472042839078e-01
9.609609609609609038e+01 3.831817567908725186e-01
9.624624624624624403e+01 4.182953348533817728e-01
9.639639639639639768e+01 4.522286906377612770e-01
9.654654654654655133e+01 5.077717973170383647e-01
9.669669669669670498e+01 4.588545949494200471e-01
9.684684684684684441e+01 3.863695297891118763e-01
9.699699699699699806e+01 4.149949595141170788e-01
9.714714714714715171e+01 4.420767117991813433e-01
9.729729729729730536e+01 4.936760522770504145e-01
9.744744744744744480e+01 4.853203359775687398e-01
9.759759759759759845e+01 3.952867782990795442e-01
9.774774774774775210e+01 3.992213489666376347e-01
9.789789789789790575e+01 4.332064802715208662e-01
9.804804804804804519e+01 4.802205864038211480e-01
9.819819819819819884e+01 5.132609232170260993e-01
9.834834834834835249e+01 4.093223951952549289e-01
9.849849849849850614e+01 3.879183190007942095e-01
9.864864864864864558e+01 4.256803781293441724e-01
9.879879879879879923e+01 4.674646444108612187e-01
9.894894894894895288e+01 5.271293901465281539e-01
9.909909909909910652e+01 4.278027726381726792e-01
9.924924924924924596e+01 3.824312908081543005e-01
9.939939939939939961e+01 4.198105246243841737e-01
9.954954954954955326e+01 4.557043218890800551e-01
9.969969969969970691e+01 5.124203815623947778e-01
9.984984984984984635e+01 4.501085399202640058e-01
1.000000000000000000e+02 3.834294307600087937e-01
1.001501501501501536e+02 4.157713109203327040e-01
1.003003003003003073e+02 4.451646435012921454e-01
1.004504504504504467e+02 4.982807104976798573e-01
1.006006006006006004e+02 4.755266251310194536e-01
1.007507507507507540e+02 3.908145696255429513e-01
1.009009009009009077e+02 4.043931862534748678e-01
1.010510510510510471e+02 4.358377610782616651e-01
1.012012012012012008e+02 4.846530941766591383e-01
1.013513513513513544e+02 5.029497856407176837e-01
1.015015015015015081e+02 4.038418218707490182e-01
1.016516516516516475e+02 3.920262738518400791e-01
1.018018018018018012e+02 4.280128548657282650e-01
1.019519519519519548e+02 4.717371071519538273e-01
1.021021021021021085e+02 5.317461514309427262e-01
1.022522522522522479e+02 4.217462204522212099e-01
1.024024024024024015e+02 3.848047264481743168e-01
1.025525525525525552e+02 4.218080275513929056e-01
1.027027027027027088e+02 4.597651141332522173e-01
1.028528528528528483e+02 5.174028226887819049e-01
1.030030030030030019e+02 4.433604255897176660e-01
1.031531531531531556e+02 3.831900323435856737e-01
1.033033033033033092e+02 4.170965438198209752e-01
1.034534534534534487e+02 4.486377362273473723e-01
1.036036036036036023e+02 5.028752569918605309e-01
1.037537537537537560e+02 4.676401338107845085e-01
1.039039039039039096e+02 3.876259578660434801e-01
1.040540540540540491e+02 4.086488346481444434e-01
1.042042042042042027e+02 4.387524624262472139e-01
1.043543543543543564e+02 4.889362512744950262e-01
1.045045045045045100e+02 4.940297931267073617e-01
1.046546546546546494e+02 3.982066082464457701e-01
1.048048048048048031e+02 3.947161514728718124e-01
1.049549549549549567e+02 4.303858918390151000e-01
1.051051051051051104e+02 4.758855496807081753e-01
1.052552552552552498e+02 5.220429249247764414e-01
1.054054054054054035e+02 4.142484783798386916e-01
1.055555555555555571e+02 3.859570597901643141e-01
1.057057057057057108e+02 4.234224881154519116e-01
1.058558558558558644e+02 4.635200551156196669e-01
1.060060060060060039e+02 5.223421022521538282e-01
1.061561561561561575e+02 4.347422612453392121e-01
1.063063063063063112e+02 3.831377690570618721e-01
1.064564564564564648e+02 4.182987751688723721e-01
1.066066066066066043e+02 4.522203042835305498e-01
1.067567567567567579e+02 5.077564293693963560e-01
1.069069069069069116e+02 4.588189394746097216e-01
1.070570570570570652e+02 3.863996953277953894e-01
1.072072072072072046e+02 4.150371807768891141e-01
1.073573573573573583e+02 4.421336255814001248e-01
1.075075075075075119e+02 4.937392629715046111e-01
1.076576576576576656e+02 4.853383886990073615e-01
1.078078078078078050e+02 3.952978495578810536e-01
1.079579579579579587e+02 3.992092907550068848e-01
1.081081081081081123e+02 4.331877521896033700e-01
1.082582582582582660e+02 4.802145877496272197e-01
1.084084084084084054e+02 5.132126929074734001e-01
1.085585585585585591e+02 4.092761083654242737e-01
1.087087087087087127e+02 3.879133946470720851e-01
1.088588588588588664e+02 4.256800889712509806e-01
1.090090090090090058e+02 4.674615773120714413e-01
1.091591591591591595e+02 5.271241180026714490e-01
1.093093093093093131e+02 4.278169303915996258e-01
1.094594594594594668e+02 3.824368832801761098e-01
1.096096096096096062e+02 4.198123983933451653e-01
1.097597597597597598e+02 4.557092430325985211e-01
1.099099099099099135e+02 5.124269404910464232e-01
1.100600600600600671e+02 4.500841735403447452e-01
1.102102102102102066e+02 3.834261852228999512e-01
1.103603603603603602e+02 4.157809931718486895e-01
1.105105105105105139e+02 4.451801663707335432e-01
1.106606606606606675e+02 4.982990803963573967e-01
1.108108108108108070e+02 4.754717711454938822e-01
1.109609609609609606e+02 3.908001414071817781e-01
1.111111111111111143e+02 4.044329324628673783e-01
1.112612612612612679e+02 4.358733274135311864e-01
1.114114114114114074e+02 4.846889912260377020e-01
1.115615615615615610e+02 5.029338030060032105e-01
1.117117117117117147e+02 4.038499490449731777e-01
1.118618618618618683e+02 3.920531109628143662e-01
1.120120120120120077e+02 4.280293787119903159e-01
1.121621621621621614e+02 4.717692081713402708e-01
1.123123123123123150e+02 5.317510790192385706e-01
1.124624624624624687e+02 4.217303035492412366e-01
1.126126126126126081e+02 3.847791747278257457e-01
1.127627627627627618e+02 4.217793240418103995e-01
1.129129129129129154e+02 4.597397761780566139e-01
1.130630630630630691e+02 5.173801378967909370e-01
1.132132132132132085e+02 4.433061455168672560e-01
1.133633633633633622e+02 3.831914740675682607e-01
1.135135135135135158e+02 4.171319541949650156e-01
1.136636636636636695e+02 4.486676097269231001e-01
1.138138138138138089e+02 5.028995164885523561e-01
1.139639639639639626e+02 4.676390750705444743e-01
1.141141141141141162e+02 3.876621029669214957e-01
1.142642642642642699e+02 4.086826980367643802e-01
1.144144144144144093e+02 4.387834362346990646e-01
1.145645645645645629e+02 4.889847997392829937e-01
1.147147147147147166e+02 4.940437366194365132e-01
1.148648648648648702e+02 3.981744355403116220e-01
1.150150150150150097e+02 3.946608295476636830e-01
1.151651651651651633e+02 4.303335647744390702e-01
1.153153153153153170e+02 4.758345668303266551e-01
1.154654654654654706e+02 5.219464224229817262e-01
1.156156156156156243e+02 4.141810474532450215e-01
1.157657657657657637e+02 3.859806449830575081e-01
1.159159159159159174e+02 4.234807130908353479e-01
1.160660660660660710e+02 4.635621937427086836e-01
1.162162162162162247e+02 5.223730282797940383e-01
1.163663663663663641e+02 4.347795541360197635e-01
1.165165165165165178e+02 3.832006336195554197e-01
1.166666666666666714e+02 4.183291195220801839e-01
1.168168168168168251e+02 4.522775033085019158e-01
1.169669669669669645e+02 5.078283835814876301e-01
1.171171171171171181e+02 4.588290130237135944e-01
1.172672672672672718e+02 3.863644196347711945e-01
1.174174174174174254e+02 4.149689370059528870e-01
1.175675675675675649e+02 4.420782624436128128e-01
1.177177177177177185e+02 4.936961211359731649e-01
1.178678678678678722e+02 4.852569409438212134e-01
1.180180180180180258e+02 3.952349065716956322e-01
1.181681681681681653e+02 3.992243501416006812e-01
1.183183183183183189e+02 4.331905506027967090e-01
1.184684684684684726e+02 4.802115521562116962e-01
1.186186186186186262e+02 5.131597582354339160e-01
1.187687687687687657e+02 4.092742685435351024e-01
1.189189189189189193e+02 3.879641099139362614e-01
1.190690690690690730e+02 4.257297259605614670e-01
1.192192192192192266e+02 4.675139758215167141e-01
1.193693693693693660e+02 5.271751327817495447e-01
1.195195195195195197e+02 4.278006623449652768e-01
1.196696696696696733e+02 3.824757092994435226e-01
1.198198198198198270e+02 4.198420764154938145e-01
1.199699699699699664e+02 4.557579059191717019e-01
1.201201201201201201e+02 5.124851148641309528e-01
1.202702702702702737e+02 4.500894405654495833e-01
1.204204204204204274e+02 3.833976511923348762e-01
1.205705705705705668e+02 4.157372517335231610e-01
1.207207207207207205e+02 4.451451080706498309e-01
1.208708708708708741e+02 4.982725892746661112e-01
1.210210210210210278e+02 4.753898069984507924e-01
1.211711711711711672e+02 3.907500218835164851e-01
1.213213213213213209e+02 4.044666894107982191e-01
1.214714714714714745e+02 4.358947016856333789e-01
1.216216216216216282e+02 4.847032890247233716e-01
1.217717717717717676e+02 5.029152943133323728e-01
1.219219219219219212e+02 4.038679265177642641e-01
1.220720720720720749e+02 3.920900895590657687e-01
1.222222222222222285e+02 4.280568181990077603e-01
1.223723723723723680e+02 4.718117166791815364e-01
1.225225225225225216e+02 5.317440195973499595e-01
1.226726726726726753e+02 4.217113688150379014e-01
1.228228228228228289e+02 3.847629817664600105e-01
1.229729729729729684e+02 4.217532860578148690e-01
1.231231231231231220e+02 4.597254059702868267e-01
1.232732732732732757e+02 5.173728719045856961e-01
1.234234234234234293e+02 4.432552116204958592e-01
1.235735735735735688e+02 3.831742139541894909e-01
1.237237237237237224e+02 4.171226463287819319e-01
1.238738738738738761e+02 4.486682738079725286e-01
1.240240240240240297e+02 5.029055913651981902e-01
1.241741741741741691e+02 4.676382835998738607e-01
1.243243243243243228e+02 3.876471903029353738e-01
1.244744744744744764e+02 4.086650550538386550e-01
1.246246246246246301e+02 4.387606623225617231e-01
1.247747747747747695e+02 4.889674749065574533e-01
1.249249249249249232e+02 4.939790491476008238e-01
1.250750750750750768e+02 3.981362088905753271e-01
1.252252252252252305e+02 3.946850488319220696e-01
1.253753753753753841e+02 4.303570523527454617e-01
1.255255255255255236e+02 4.758558634916367769e-01
1.256756756756756772e+02 5.219246844028624377e-01
1.258258258258258309e+02 4.141827889278821284e-01
1.259759759759759845e+02 3.860004351037564785e-01
1.261261261261261239e+02 4.234922165096631774e-01
1.262762762762762776e+02 4.635893017170431007e-01
1.264264264264264312e+02 5.224090977051434326e-01
1.265765765765765849e+02 4.347504801241800498e-01
1.267267267267267243e+02 3.831735792937139840e-01
1.268768768768768780e+02 4.183091914558912938e-01
1.270270270270270316e+02 4.522619487811854744e-01
1.271771771771771853e+02 5.078167281626699836e-01
1.273273273273273247e+02 4.587777889875966908e-01
1.274774774774774784e+02 3.863503199931765941e-01
1.276276276276276320e+02 4.149951442704854498e-01
1.277777777777777857e+02 4.421008388987953674e-01
1.279279279279279251e+02 4.937146615288899865e-01
1.280780780780780788e+02 4.852306649332298605e-01
1.282282282282282324e+02 3.952561654108232014e-01
1.283783783783783861e+02 3.992712625616505751e-01
1.285285285285285397e+02 4.332264635732580027e-01
1.286786786786786934e+02 4.802596872879371093e-01
1.288288288288288186e+02 5.131698218784939147e-01
1.289789789789789722e+02 4.092719595217667594e-01
1.291291291291291259e+02 3.879448076357092656e-01
1.292792792792792795e+02 4.257003541558435078e-01
1.294294294294294332e+02 4.674946966693970807e-01
1.295795795795795868e+02 5.271620944463053515e-01
1.297297297297297405e+02 4.277522272944583870e-01
1.298798798798798941e+02 3.824584709782521408e-01
1.300300300300300194e+02 4.198489869335818581e-01
1.301801801801801730e+02 4.557588077775566182e-01
1.303303303303303267e+02 5.124819705837980743e-01
1.304804804804804803e+02 4.500670031286307937e-01
1.306306306306306340e+02 3.834171237964885126e-01
1.307807807807807876e+02 4.157682416229503408e-01
1.309309309309309413e+02 4.451858703395654704e-01
1.310810810810810949e+02 4.983180328545165905e-01
1.312312312312312201e+02 4.754205772768475002e-01
1.313813813813813738e+02 3.907509210980834591e-01
1.315315315315315274e+02 4.044372011854505677e-01
1.316816816816816811e+02 4.358676875568189280e-01
1.318318318318318347e+02 4.846888631795173152e-01
1.319819819819819884e+02 5.028726851577188794e-01
1.321321321321321420e+02 4.038124628900571778e-01
1.322822822822822957e+02 3.920754107799720445e-01
1.324324324324324209e+02 4.280489310833008876e-01
1.325825825825825746e+02 4.717958593543530310e-01
1.327327327327327282e+02 5.316765118726367589e-01
1.328828828828828819e+02 4.216904196481559008e-01
1.330330330330330355e+02 3.848113304932564427e-01
1.331831831831831892e+02 4.218069700478886963e-01
1.333333333333333428e+02 4.597828081166944747e-01
1.334834834834834965e+02 5.174297659373781055e-01
1.336336336336336217e+02 4.432759103604096973e-01
1.337837837837837753e+02 3.831981603956450266e-01
1.339339339339339290e+02 4.171375251093387693e-01
1.340840840840840826e+02 4.486845641280374775e-01
1.342342342342342363e+02 5.029219259453618918e-01
1.343843843843843899e+02 4.675905823044674281e-01
1.345345345345345436e+02 3.876582029497886994e-01
1.346846846846846972e+02 4.087215528159471312e-01
1.348348348348348509e+02 4.388094666781547915e-01
1.349849849849849761e+02 4.890181486575626568e-01
1.351351351351351298e+02 4.939945203543629204e-01
1.352852852852852834e+02 3.981525230819337180e-01
1.354354354354354371e+02 3.946810879192789168e-01
1.355855855855855907e+02 4.303496135681630919e-01
1.357357357357357444e+02 4.758611200985333189e-01
1.358858858858858980e+02 5.219018157228005883e-01
1.360360360360360517e+02 4.141427801170159961e-01
1.361861861861861769e+02 3.859747025771071982e-01
1.363363363363363305e+02 4.234737227158966721e-01
1.364864864864864842e+02 4.635745287850685514e-01
1.366366366366366378e+02 5.223976367110299002e-01
1.367867867867867915e+02 4.347011936684077593e-01
1.369369369369369451e+02 3.831690381013763691e-01
1.370870870870870988e+02 4.183356133039013436e-01
1.372372372372372524e+02 4.522840833071896105e-01
1.373873873873873777e+02 5.078352521484094106e-01
1.375375375375375313e+02 4.587662836226102936e-01
1.376876876876876850e+02 3.863755696012796115e-01
1.378378378378378386e+02 4.150089243629586089e-01
1.379879879879879923e+02 4.421333820118133473e-01
1.381381381381381459e+02 4.937579153090997375e-01
1.382882882882882996e+02 4.852197056922948892e-01
1.384384384384384532e+02 3.952402630661381311e-01
1.385885885885885784e+02 3.992639178730383320e-01
1.387387387387387321e+02 4.332116581471210370e-01
1.388888888888888857e+02 4.802493615807165162e-01
1.390390390390390394e+02 5.131207471521527230e-01
1.391891891891891930e+02 4.092450087175350526e-01
1.393393393393393467e+02 3.879612661233573512e-01
1.394894894894895003e+02 4.257171410230322084e-01
1.396396396396396540e+02 4.675136779694287759e-01
1.397897897897897792e+02 5.271810792318865069e-01
1.399399399399399329e+02 4.277423958662971426e-01
1.400900900900900865e+02 3.824735048215396338e-01
1.402402402402402402e+02 4.198642271874378773e-01
1.403903903903903938e+02 4.557810784082453326e-01
1.405405405405405475e+02 5.125076758885623862e-01
1.406906906906907011e+02 4.500624093995624353e-01
1.408408408408408548e+02 3.834107121785650385e-01
1.409909909909909800e+02 4.157536428758012992e-01
1.411411411411411336e+02 4.451822495882723496e-01
1.412912912912912873e+02 4.983217934702235397e-01
1.414414414414414409e+02 4.753571081761160944e-01
1.415915915915915946e+02 3.907138662455779676e-01
1.417417417417417482e+02 4.044639438782925978e-01
1.418918918918919019e+02 4.358834030830981976e-01
1.420420420420420555e+02 4.847039533458846750e-01
1.421921921921921808e+02 5.028324131974635236e-01
1.423423423423423344e+02 4.038061180984591214e-01
1.424924924924924881e+02 3.921090848711723531e-01
1.426426426426426417e+02 4.280737963894484244e-01
1.427927927927927954e+02 4.718333758820047463e-01
1.429429429429429490e+02 5.316744273078488625e-01
1.430930930930931027e+02 4.216793474269689979e-01
1.432432432432432563e+02 3.848000867826548155e-01
1.433933933933933815e+02 4.217870868425152020e-01
1.435435435435435352e+02 4.597718072144800217e-01
1.436936936936936888e+02 5.174239750895829326e-01
1.438438438438438425e+02 4.432236455421570964e-01
1.439939939939939961e+02 3.831898685756053302e-01
1.441441441441441498e+02 4.171544614608384549e-01
1.442942942942943034e+02 4.486998537059501135e-01
1.444444444444444571e+02 5.029346659922752094e-01
1.445945945945946107e+02 4.675744295393080563e-01
1.447447447447447360e+02 3.876776869516476154e-01
1.448948948948948896e+02 4.087526966797133676e-01
1.450450450450450433e+02 4.388409346269150912e-01
1.451951951951951969e+02 4.890535268011078074e-01
1.453453453453453506e+02 4.940030542389644008e-01
1.454954954954955042e+02 3.981573427263399578e-01
1.456456456456456579e+02 3.946745316861439701e-01
1.457957957957958115e+02 4.303412459075263707e-01
1.459459459459459367e+02 4.758625488917188617e-01
1.460960960960960904e+02 5.218676314213428480e-01
1.462462462462462440e+02 4.141026761924523902e-01
1.463963963963963977e+02 3.859607102512681021e-01
1.465465465465465513e+02 4.234701502828862041e-01
1.466966966966967050e+02 4.635710737314177599e-01
1.468468468468468586e+02 5.223944576191910105e-01
1.469969969969970123e+02 4.346720998342420428e-01
1.471471471471471375e+02 3.831775348121952973e-01
1.472972972972972912e+02 4.183491420319898069e-01
1.474474474474474448e+02 4.523080968030153137e-01
1.475975975975975985e+02 5.078651751965410632e-01
1.477477477477477521e+02 4.587570349864475983e-01
1.478978978978979058e+02 3.863647651306202357e-01
1.480480480480480594e+02 4.149849061522088434e-01
1.481981981981982130e+02 4.421220646189382153e-01
1.483483483483483383e+02 4.937562354984341706e-01
1.484984984984984919e+02 4.851725689854866630e-01
1.486486486486486456e+02 3.952063693683143808e-01
1.487987987987987992e+02 3.992732445335209768e-01
1.489489489489489529e+02 4.332131513378078003e-01
1.490990990990991065e+02 4.802492719289447320e-01
1.492492492492492602e+02 5.130722043257676113e-01
1.493993993993994138e+02 4.092358258794304704e-01
1.495495495495495391e+02 3.879987826330381084e-01
1.496996996996996927e+02 4.257469970079115207e-01
1.498498498498498464e+02 4.675524013535405921e-01
1.500000000000000000e+02 5.272228477383673617e-01
