0.000000000000000000e+00 8.148173994003593545e-01
1.501501501501501523e-01 7.692498740656594780e-01
3.003003003003003046e-01 7.940221208846809375e-01
4.504504504504504570e-01 8.247531045797376059e-01
6.006006006006006093e-01 8.326997210946057715e-01
7.507507507507507061e-01 8.476088081400277030e-01
9.009009009009009139e-01 8.628962978963304886e-01
1.051051051051051122e+00 8.773122836411366698e-01
1.201201201201201219e+00 8.093290830959561921e-01
1.351351351351351315e+00 7.254182760187357637e-01
1.501501501501501412e+00 6.950453826307918526e-01
1.651651651651651731e+00 7.014229963429968739e-01
1.801801801801801828e+00 6.958512602830667637e-01
1.951951951951951925e+00 6.925697307714087092e-01
2.102102102102102243e+00 6.915424028991511429e-01
2.252252252252252340e+00 6.789157678094475123e-01
2.402402402402402437e+00 6.395379286861263557e-01
2.552552552552552534e+00 5.769269186120484783e-01
2.702702702702702631e+00 5.613809854282123535e-01
2.852852852852852727e+00 5.783427715283568915e-01
3.003003003003002824e+00 5.996444135344788373e-01
3.153153153153153365e+00 6.159936795301548251e-01
3.303303303303303462e+00 5.296565825133112693e-01
3.453453453453453559e+00 5.018607405704671454e-01
3.603603603603603656e+00 5.378267006512122972e-01
3.753753753753753752e+00 5.629702717468128004e-01
3.903903903903903849e+00 5.892624192526249027e-01
4.054054054054054390e+00 6.195476121738561215e-01
4.204204204204204487e+00 6.429787282666916681e-01
4.354354354354354584e+00 5.380435644351893032e-01
4.504504504504504681e+00 4.286214718150510583e-01
4.654654654654654777e+00 4.463339859784868913e-01
4.804804804804804874e+00 4.805122416560581033e-01
4.954954954954954971e+00 4.917662682304933530e-01
5.105105105105105068e+00 5.117322741455369028e-01
5.255255255255255165e+00 5.347627428421176665e-01
5.405405405405405261e+00 4.902730481135101348e-01
5.555555555555555358e+00 4.064773465186284351e-01
5.705705705705705455e+00 3.790083280179864511e-01
5.855855855855855552e+00 4.005800882536117991e-01
6.006006006006005649e+00 4.247890479025246968e-01
6.156156156156156634e+00 4.574592370408303021e-01
6.306306306306306730e+00 4.791926072359127264e-01
6.456456456456456827e+00 3.909732554213126710e-01
6.606606606606606924e+00 3.380040084276100254e-01
6.756756756756757021e+00 3.820765832625827585e-01
6.906906906906907118e+00 4.181765513295588876e-01
7.057057057057057214e+00 4.491344117419802107e-01
7.207207207207207311e+00 4.866538453877462533e-01
7.357357357357357408e+00 5.111644313620690161e-01
7.507507507507507505e+00 4.033339341465829175e-01
7.657657657657657602e+00 2.958166026179972485e-01
7.807807807807807698e+00 3.383765662933928553e-01
7.957957957957957795e+00 3.768761844498765834e-01
8.108108108108108780e+00 4.005160141139288976e-01
8.258258258258258877e+00 4.340038577764248062e-01
8.408408408408408974e+00 4.587137933553976366e-01
8.558558558558559071e+00 3.742315547803898301e-01
8.708708708708709167e+00 2.728868174073891817e-01
8.858858858858859264e+00 2.926765700787190005e-01
9.009009009009009361e+00 3.293913191576819943e-01
9.159159159159159458e+00 3.601012554684748235e-01
9.309309309309309555e+00 4.001935739076817322e-01
9.459459459459459651e+00 4.224230225111588188e-01
9.609609609609609748e+00 3.206127539361465217e-01
9.759759759759759845e+00 2.359790917122872034e-01
9.909909909909909942e+00 2.918331877593565715e-01
1.006006006006006004e+01 3.325294184915694173e-01
1.021021021021021014e+01 3.674200726120085969e-01
1.036036036036036023e+01 4.106303935312017872e-01
1.051051051051051033e+01 4.300219652190143127e-01
1.066066066066066043e+01 3.109163148855205172e-01
1.081081081081081052e+01 2.032003992350167876e-01
1.096096096096096062e+01 2.739114849263220575e-01
1.111111111111111072e+01 3.146669513654538619e-01
1.126126126126126081e+01 3.462990323294889983e-01
1.141141141141141091e+01 3.877959505043212518e-01
1.156156156156156101e+01 4.089459146756224128e-01
1.171171171171171110e+01 3.009431315001981355e-01
1.186186186186186120e+01 1.913504458239901895e-01
1.201201201201201130e+01 2.483683370634357512e-01
1.216216216216216317e+01 2.872995673635377889e-01
1.231231231231231327e+01 3.220825938701386004e-01
1.246246246246246336e+01 3.668085444809007778e-01
1.261261261261261346e+01 3.829379686329800192e-01
1.276276276276276356e+01 2.681359874268788301e-01
1.291291291291291365e+01 1.745792890437642408e-01
1.306306306306306375e+01 2.486733441275048584e-01
1.321321321321321385e+01 2.880371573073994274e-01
1.336336336336336394e+01 3.255426440637424479e-01
1.351351351351351404e+01 3.721555074310073374e-01
1.366366366366366414e+01 3.852147589484974932e-01
1.381381381381381424e+01 2.591109195845147095e-01
1.396396396396396433e+01 1.593438641417208868e-01
1.411411411411411443e+01 2.420496239073256783e-01
1.426426426426426453e+01 2.792605057345268760e-01
1.441441441441441462e+01 3.155872312216150832e-01
1.456456456456456472e+01 3.617263273369880627e-01
1.471471471471471482e+01 3.736537911616709673e-01
1.486486486486486491e+01 2.505000303368717929e-01
1.501501501501501501e+01 1.485928317124817766e-01
1.516516516516516511e+01 2.330903549843952594e-01
1.531531531531531520e+01 2.676198499532089214e-01
1.546546546546546530e+01 3.047348044241151577e-01
1.561561561561561540e+01 3.518130063736327751e-01
1.576576576576576549e+01 3.592315678382989597e-01
1.591591591591591559e+01 2.376034014282656370e-01
1.606606606606606746e+01 1.453369568265823752e-01
1.621621621621621756e+01 2.383365929350408363e-01
1.636636636636636766e+01 2.719787065889173183e-01
1.651651651651651775e+01 3.113129996718538295e-01
1.666666666666666785e+01 3.597198262356823828e-01
1.681681681681681795e+01 3.595405172448935538e-01
1.696696696696696804e+01 2.299212088919037611e-01
1.711711711711711814e+01 1.359135542214890413e-01
1.726726726726726824e+01 2.441102084979291376e-01
1.741741741741741833e+01 2.759386640216278108e-01
1.756756756756756843e+01 3.151634727723220397e-01
1.771771771771771853e+01 3.636921159731991704e-01
1.786786786786786863e+01 3.618839103451095829e-01
1.801801801801801872e+01 2.331917322391731107e-01
1.816816816816816882e+01 1.327713821670039596e-01
1.831831831831831892e+01 2.444371854713145997e-01
1.846846846846846901e+01 2.744321745063517670e-01
1.861861861861861911e+01 3.147575189125577655e-01
1.876876876876876921e+01 3.643268273827426906e-01
1.891891891891891930e+01 3.578803413906879172e-01
1.906906906906906940e+01 2.252969723819899239e-01
1.921921921921921950e+01 1.325175430372464158e-01
1.936936936936936959e+01 2.495033681971102757e-01
1.951951951951951969e+01 2.777884240990705078e-01
1.966966966966966979e+01 3.193919362093279313e-01
1.981981981981981988e+01 3.699229811847811744e-01
1.996996996996996998e+01 3.585307327001759914e-01
2.012012012012012008e+01 2.221030386419438063e-01
2.027027027027027017e+01 1.301911002673715734e-01
2.042042042042042027e+01 2.548423607358345500e-01
2.057057057057057037e+01 2.811364454115128364e-01
2.072072072072072046e+01 3.230669173207880718e-01
2.087087087087087056e+01 3.738565114549325386e-01
2.102102102102102066e+01 3.591894262162488860e-01
2.117117117117117076e+01 2.194366064716725684e-01
2.132132132132132085e+01 1.302071567900341398e-01
2.147147147147147095e+01 2.555380854768926624e-01
2.162162162162162105e+01 2.820617605631541291e-01
2.177177177177177114e+01 3.244083603328457577e-01
2.192192192192192124e+01 3.756310804462249520e-01
2.207207207207207134e+01 3.571069797278143554e-01
2.222222222222222143e+01 2.168622069822198628e-01
2.237237237237237153e+01 1.309837777603457820e-01
2.252252252252252163e+01 2.554132025800420758e-01
2.267267267267267172e+01 2.833233970065532903e-01
2.282282282282282182e+01 3.267681542383659155e-01
2.297297297297297192e+01 3.787488168437020963e-01
2.312312312312312201e+01 3.542521576608421707e-01
2.327327327327327211e+01 2.106093370550578547e-01
2.342342342342342221e+01 1.335459308802898204e-01
2.357357357357357230e+01 2.581883374672101494e-01
2.372372372372372240e+01 2.865096027159615977e-01
2.387387387387387250e+01 3.302195597671408467e-01
2.402402402402402259e+01 3.824188534282339513e-01
2.417417417417417624e+01 3.547753664555814979e-01
2.432432432432432634e+01 2.085892964902082702e-01
2.447447447447447644e+01 1.335017612483651583e-01
2.462462462462462653e+01 2.591368919365003021e-01
2.477477477477477663e+01 2.877543277660946641e-01
2.492492492492492673e+01 3.318070666976096206e-01
2.507507507507507682e+01 3.842732147896037453e-01
2.522522522522522692e+01 3.517379156469144785e-01
2.537537537537537702e+01 2.050272797794162605e-01
2.552552552552552712e+01 1.372262797573356174e-01
2.567567567567567721e+01 2.589640980054567221e-01
2.582582582582582731e+01 2.885478972307976564e-01
2.597597597597597741e+01 3.333224947012277672e-01
2.612612612612612750e+01 3.863178882457289354e-01
2.627627627627627760e+01 3.489160218416428871e-01
2.642642642642642770e+01 1.995478585159651264e-01
2.657657657657657779e+01 1.398470879709681203e-01
2.672672672672672789e+01 2.608883379710322803e-01
2.687687687687687799e+01 2.911610398168178460e-01
2.702702702702702808e+01 3.363557613104929400e-01
2.717717717717717818e+01 3.895515471361536974e-01
2.732732732732732828e+01 3.476351582711166288e-01
2.747747747747747837e+01 1.963720385902622267e-01
2.762762762762762847e+01 1.427945516025552197e-01
2.777777777777777857e+01 2.626815229332762902e-01
2.792792792792792866e+01 2.930227567940554279e-01
2.807807807807807876e+01 3.383123164303756814e-01
2.822822822822822886e+01 3.916446170752462264e-01
2.837837837837837895e+01 3.456548028345240442e-01
2.852852852852852905e+01 1.936764445580028138e-01
2.867867867867867915e+01 1.456296021376062566e-01
2.882882882882882924e+01 2.619530133834834795e-01
2.897897897897897934e+01 2.932447168843410612e-01
2.912912912912912944e+01 3.392347051807590441e-01
2.927927927927927954e+01 3.929905545042623460e-01
2.942942942942942963e+01 3.408600134704831697e-01
2.957957957957957973e+01 1.880277357818967432e-01
2.972972972972972983e+01 1.502536313976830240e-01
2.987987987987987992e+01 2.640273906122132530e-01
3.003003003003003002e+01 2.958829477888492709e-01
3.018018018018018012e+01 3.421705756802289056e-01
3.033033033033033021e+01 3.961027310063961471e-01
3.048048048048048031e+01 3.402097859831618720e-01
3.063063063063063041e+01 1.847463290547829429e-01
3.078078078078078050e+01 1.531117582090800733e-01
3.093093093093093060e+01 2.656411741423302386e-01
3.108108108108108070e+01 2.976569753026109266e-01
3.123123123123123079e+01 3.440249589870271185e-01
3.138138138138138089e+01 3.979865530635462445e-01
3.153153153153153099e+01 3.371296430398851851e-01
3.168168168168168108e+01 1.817780197354276761e-01
3.183183183183183118e+01 1.569618744799003152e-01
3.198198198198198128e+01 2.649410422830470457e-01
3.213213213213213493e+01 2.977122769903554622e-01
3.228228228228228147e+01 3.446731154169999090e-01
3.243243243243243512e+01 3.990394657729072203e-01
3.258258258258258167e+01 3.326659563259407593e-01
3.273273273273273531e+01 1.765520884898434950e-01
3.288288288288288186e+01 1.609482896788519968e-01
3.303303303303303551e+01 2.666428273779326563e-01
3.318318318318318205e+01 3.000868449511495673e-01
3.333333333333333570e+01 3.473588358416005439e-01
3.348348348348348225e+01 4.018387385579191284e-01
3.363363363363363590e+01 3.308687503733014346e-01
3.378378378378378244e+01 1.728143110978685448e-01
3.393393393393393609e+01 1.650730118292417226e-01
3.408408408408408263e+01 2.683118313843249059e-01
3.423423423423423628e+01 3.017832619947888873e-01
3.438438438438438283e+01 3.490978752727409984e-01
3.453453453453453648e+01 4.036188536741577293e-01
3.468468468468468302e+01 3.279424603407649630e-01
3.483483483483483667e+01 1.703984297352990618e-01
3.498498498498498321e+01 1.679243258360970381e-01
3.513513513513513686e+01 2.674429971092820990e-01
3.528528528528528341e+01 3.017178545557985259e-01
3.543543543543543706e+01 3.495590651813277328e-01
3.558558558558558360e+01 4.044199991453378273e-01
3.573573573573573725e+01 3.227241882935706352e-01
3.588588588588588379e+01 1.644480852689774175e-01
3.603603603603603744e+01 1.728192750971948577e-01
3.618618618618618399e+01 2.690408703537836566e-01
3.633633633633633764e+01 3.038968166935606119e-01
3.648648648648648418e+01 3.520598491544637554e-01
3.663663663663663783e+01 4.070348175690235992e-01
3.678678678678678438e+01 3.207910346225367748e-01
3.693693693693693803e+01 1.613560927224002017e-01
3.708708708708708457e+01 1.762922668381435853e-01
3.723723723723723822e+01 2.705734156223535969e-01
3.738738738738738476e+01 3.055122156474894823e-01
3.753753753753753841e+01 3.536692933180169973e-01
3.768768768768768496e+01 4.086543765059328370e-01
3.783783783783783861e+01 3.176812649922098331e-01
3.798798798798798515e+01 1.582488554853527241e-01
3.813813813813813880e+01 1.797742961859688515e-01
3.828828828828828534e+01 2.696738317798058615e-01
3.843843843843843899e+01 3.053597215770074147e-01
3.858858858858859264e+01 3.540602125581849835e-01
3.873873873873873919e+01 4.093615986091297954e-01
3.888888888888889284e+01 3.121373479329628831e-01
3.903903903903903938e+01 1.534992467238515124e-01
3.918918918918919303e+01 1.842157271018697862e-01
3.933933933933933957e+01 2.712618386392007253e-01
3.948948948948949322e+01 3.074986842927720510e-01
3.963963963963963977e+01 3.564533570028180498e-01
3.978978978978979342e+01 4.118755588008369273e-01
3.993993993993993996e+01 3.098555738568636309e-01
4.009009009009009361e+01 1.496077549070436996e-01
4.024024024024024015e+01 1.881538129604857223e-01
4.039039039039039380e+01 2.728649200311024092e-01
4.054054054054054035e+01 3.091833650461517369e-01
4.069069069069069400e+01 3.581494531438043083e-01
4.084084084084084054e+01 4.134433985477315443e-01
4.099099099099099419e+01 3.067227610643827318e-01
4.114114114114114074e+01 1.475711791987231458e-01
4.129129129129129439e+01 1.915360542130770671e-01
4.144144144144144093e+01 2.720156158067211782e-01
4.159159159159159458e+01 3.090176932225927597e-01
4.174174174174174112e+01 3.584561336526937980e-01
4.189189189189189477e+01 4.107378605701158536e-01
4.204204204204204132e+01 3.010583889417157710e-01
4.219219219219219497e+01 1.426527282399856211e-01
4.234234234234234151e+01 1.958405484101170546e-01
4.249249249249249516e+01 2.736713944206750071e-01
4.264264264264264170e+01 3.112385836724670951e-01
4.279279279279279535e+01 3.609235765468636337e-01
4.294294294294294190e+01 4.107613171437486943e-01
4.309309309309309555e+01 2.986287013042417948e-01
4.324324324324324209e+01 1.392744941596037456e-01
4.339339339339339574e+01 2.002965157506739480e-01
4.354354354354354228e+01 2.752622252472899378e-01
4.369369369369369593e+01 3.128401379422802719e-01
4.384384384384384248e+01 3.625286400532891085e-01
4.399399399399399613e+01 4.095495235130741096e-01
4.414414414414414267e+01 2.953534973954720089e-01
4.429429429429429632e+01 1.377323016043768278e-01
4.444444444444444287e+01 2.030662350926520365e-01
4.459459459459459651e+01 2.744666766595302843e-01
4.474474474474474306e+01 3.127612992001579384e-01
4.489489489489489671e+01 3.628831962253057375e-01
4.504504504504504325e+01 4.054936161414297580e-01
4.519519519519519690e+01 2.895703753576365225e-01
4.534534534534534345e+01 1.328984080113468080e-01
4.549549549549549710e+01 2.079559229754177063e-01
4.564564564564564364e+01 2.761358896284342723e-01
4.579579579579579729e+01 3.149114459015329159e-01
4.594594594594594383e+01 3.652842583639138718e-01
4.609609609609609748e+01 4.066444519194492013e-01
4.624624624624624403e+01 2.868260865906475110e-01
4.639639639639639768e+01 1.304708013433589220e-01
4.654654654654654422e+01 2.116831636896307489e-01
4.669669669669669787e+01 2.777356678857847427e-01
4.684684684684684441e+01 3.165531900900075968e-01
4.699699699699699806e+01 3.668769298833433612e-01
4.714714714714714461e+01 4.035454297984305549e-01
4.729729729729729826e+01 2.836054509245689026e-01
4.744744744744744480e+01 1.282566682008420278e-01
4.759759759759759845e+01 2.149968871154086525e-01
4.774774774774774500e+01 2.768852576432153656e-01
4.789789789789789864e+01 3.163761664080166902e-01
4.804804804804804519e+01 3.671772992788892020e-01
4.819819819819819884e+01 4.009502117279042932e-01
4.834834834834835249e+01 2.776737746835436504e-01
4.849849849849849903e+01 1.253234899214415721e-01
4.864864864864865268e+01 2.191305428948046585e-01
4.879879879879879923e+01 2.786127486710788248e-01
4.894894894894895288e+01 3.185778785973489291e-01
4.909909909909909942e+01 3.695539027988578029e-01
4.924924924924925307e+01 4.000425840017442503e-01
4.939939939939939961e+01 2.746606626926588746e-01
4.954954954954955326e+01 1.218042392766175985e-01
4.969969969969969981e+01 2.233406753303003589e-01
4.984984984984985346e+01 2.801356150521615573e-01
5.000000000000000000e+01 3.201345331259823901e-01
5.015015015015015365e+01 3.711239248110745903e-01
5.030030030030030019e+01 3.983745112854156778e-01
5.045045045045045384e+01 2.714027498659498105e-01
5.060060060060060039e+01 1.215025363088061694e-01
5.075075075075075404e+01 2.262990675440476052e-01
5.090090090090090058e+01 2.794100301871947911e-01
5.105105105105105423e+01 3.200440870867682364e-01
5.120120120120120077e+01 3.714288591095331604e-01
5.135135135135135442e+01 3.942044294065319976e-01
5.150150150150150097e+01 2.652421111673164411e-01
5.165165165165165462e+01 1.180273185556197646e-01
5.180180180180180116e+01 2.301467936800031810e-01
5.195195195195195481e+01 2.811110936371503666e-01
5.210210210210210136e+01 3.222246601879125150e-01
5.225225225225225500e+01 3.738176157825028323e-01
5.240240240240240155e+01 3.939994602296009174e-01
5.255255255255255520e+01 2.623804954827928526e-01
5.270270270270270174e+01 1.162250391089000578e-01
5.285285285285285539e+01 2.347366639318163029e-01
5.300300300300300194e+01 2.826624864508102686e-01
5.315315315315315559e+01 3.237597531557354080e-01
5.330330330330330213e+01 3.753223140757766529e-01
5.345345345345345578e+01 3.915847440688395853e-01
5.360360360360360232e+01 2.587426395170500659e-01
5.375375375375375597e+01 1.157395625460722888e-01
5.390390390390390252e+01 2.368594476617154887e-01
5.405405405405405617e+01 2.819668988579275837e-01
5.420420420420420271e+01 3.237413290343392203e-01
5.435435435435435636e+01 3.757170044837568335e-01
5.450450450450450290e+01 3.873347611968052107e-01
5.465465465465465655e+01 2.529380560564628011e-01
5.480480480480480310e+01 1.142871509660548512e-01
5.495495495495495675e+01 2.416679920852411456e-01
5.510510510510510329e+01 2.838009575987786581e-01
5.525525525525525694e+01 3.259543254386468303e-01
5.540540540540540349e+01 3.781004367884513440e-01
5.555555555555555713e+01 3.871629461990078180e-01
5.570570570570570368e+01 2.494777239971566196e-01
5.585585585585585733e+01 1.132863682879138717e-01
5.600600600600600387e+01 2.448498675091496102e-01
5.615615615615615752e+01 2.853051065544442988e-01
5.630630630630630407e+01 3.275003146865542725e-01
5.645645645645645772e+01 3.796079836726253820e-01
5.660660660660660426e+01 3.840209198636696519e-01
5.675675675675675791e+01 2.463450898731890104e-01
5.690690690690690445e+01 1.140816883037933382e-01
5.705705705705705810e+01 2.483489498853571065e-01
5.720720720720720465e+01 2.846925168357701263e-01
5.735735735735735830e+01 3.274871202812156268e-01
5.750750750750750484e+01 3.800131729791066393e-01
5.765765765765765849e+01 3.803846777045387650e-01
5.780780780780781214e+01 2.400328474135983159e-01
5.795795795795795868e+01 1.153800673499064539e-01
5.810810810810811233e+01 2.514215473783941723e-01
5.825825825825825888e+01 2.866157389896525354e-01
5.840840840840841253e+01 3.298107600234482795e-01
5.855855855855855907e+01 3.824528190345457546e-01
5.870870870870871272e+01 3.789595966457136034e-01
5.885885885885885926e+01 2.368982592265767295e-01
5.900900900900901291e+01 1.155173504299101817e-01
5.915915915915915946e+01 2.560425647442994834e-01
5.930930930930931311e+01 2.880455763309397454e-01
5.945945945945945965e+01 3.312387913212321844e-01
5.960960960960961330e+01 3.838908996463178958e-01
5.975975975975975985e+01 3.767750345493136033e-01
5.990990990990991349e+01 2.334661231265775239e-01
6.006006006006006004e+01 1.185916621542635052e-01
6.021021021021021369e+01 2.580732329516651213e-01
6.036036036036036023e+01 2.875241753510648368e-01
6.051051051051051388e+01 3.313246820387627523e-01
6.066066066066066043e+01 3.843263044839243525e-01
6.081081081081081408e+01 3.718091308080307411e-01
6.096096096096096062e+01 2.272368554039100319e-01
6.111111111111111427e+01 1.206691566166364776e-01
6.126126126126126081e+01 2.617674781387639982e-01
6.141141141141141446e+01 2.894067518625438873e-01
6.156156156156156101e+01 3.335797591699828368e-01
6.171171171171171466e+01 3.867462152638427297e-01
6.186186186186186120e+01 3.711333420471066846e-01
6.201201201201201485e+01 2.239975909836142698e-01
6.216216216216216139e+01 1.231343227630843917e-01
6.231231231231231504e+01 2.631906019425316323e-01
6.246246246246246159e+01 2.909366504335430537e-01
6.261261261261261524e+01 3.350899707205236000e-01
6.276276276276276178e+01 3.882012525469925590e-01
6.291291291291291543e+01 3.680112410258808975e-01
6.306306306306306197e+01 2.204335329219664352e-01
6.321321321321321562e+01 1.256832934275711744e-01
6.336336336336336217e+01 2.618531094666340930e-01
6.351351351351351582e+01 2.903898406685887501e-01
6.366366366366366236e+01 3.351565338447113351e-01
6.381381381381381601e+01 3.886542218717535802e-01
6.396396396396396256e+01 3.634415186476991355e-01
6.411411411411411621e+01 2.146503060519881767e-01
6.426426426426426985e+01 1.294485360628200854e-01
6.441441441441440929e+01 2.631150002766625695e-01
6.456456456456456294e+01 2.923497089283215167e-01
6.471471471471471659e+01 3.374232391517378860e-01
6.486486486486487024e+01 3.910322399509991165e-01
6.501501501501500968e+01 3.621206669066164840e-01
6.516516516516516333e+01 2.107007754511956432e-01
6.531531531531531698e+01 1.319836588561232871e-01
6.546546546546547063e+01 2.644931175848834193e-01
6.561561561561561007e+01 2.937991413161953336e-01
6.576576576576576372e+01 3.389108628366998555e-01
6.591591591591591737e+01 3.925004954795608958e-01
6.606606606606607102e+01 3.590518481468546463e-01
6.621621621621621046e+01 2.079075561129116734e-01
6.636636636636636410e+01 1.352112562212927083e-01
6.651651651651651775e+01 2.632921034113347436e-01
6.666666666666667140e+01 2.933928529120998219e-01
6.681681681681681084e+01 3.390335640802609740e-01
6.696696696696696449e+01 3.929744218948875156e-01
6.711711711711711814e+01 3.543642190374152179e-01
6.726726726726727179e+01 2.014015919651813147e-01
6.741741741741742544e+01 1.392619689708394226e-01
6.756756756756756488e+01 2.645194612224569530e-01
6.771771771771771853e+01 2.952933653116775470e-01
6.786786786786787218e+01 3.412889397016270476e-01
6.801801801801802583e+01 3.953340206602596885e-01
6.816816816816816527e+01 3.525163933783335146e-01
6.831831831831831892e+01 1.981695389872714097e-01
6.846846846846847257e+01 1.423148626184714827e-01
6.861861861861862621e+01 2.660379023956995770e-01
6.876876876876876565e+01 2.968617691717204687e-01
6.891891891891891930e+01 3.428302028236295818e-01
6.906906906906907295e+01 3.968680908970413368e-01
6.921921921921922660e+01 3.498184539894377276e-01
6.936936936936936604e+01 1.947582165048704350e-01
6.951951951951951969e+01 1.457557308969491539e-01
6.966966966966967334e+01 2.648461993881546239e-01
6.981981981981982699e+01 2.964688409189497609e-01
6.996996996996996643e+01 3.429906066533181530e-01
7.012012012012012008e+01 3.973302483217184822e-01
7.027027027027027373e+01 3.444447121559897074e-01
7.042042042042042738e+01 1.890372938565211824e-01
7.057057057057056682e+01 1.498934228527907808e-01
7.072072072072072046e+01 2.662338867083021143e-01
7.087087087087087411e+01 2.984529821274710670e-01
7.102102102102102776e+01 3.452650593541357615e-01
7.117117117117116720e+01 3.997375992177916171e-01
7.132132132132132085e+01 3.430184994579859592e-01
7.147147147147147450e+01 1.853652293995078915e-01
7.162162162162162815e+01 1.534028336521666702e-01
7.177177177177176759e+01 2.676260079645272905e-01
7.192192192192192124e+01 2.999304313403158284e-01
7.207207207207207489e+01 3.467330654239287879e-01
7.222222222222222854e+01 4.011463336210956410e-01
7.237237237237236798e+01 3.395788594919104120e-01
7.252252252252252163e+01 1.822845544265484785e-01
7.267267267267267528e+01 1.567872858841706796e-01
7.282282282282282893e+01 2.665420453230268882e-01
7.297297297297296836e+01 2.996022314709068657e-01
7.312312312312312201e+01 3.469551825906676545e-01
7.327327327327327566e+01 4.017265060342426475e-01
7.342342342342342931e+01 3.344890510116879101e-01
7.357357357357356875e+01 1.766583800557715578e-01
7.372372372372372240e+01 1.612554494124671112e-01
7.387387387387387605e+01 2.680072401992694697e-01
7.402402402402402970e+01 3.016844989368568375e-01
7.417417417417416914e+01 3.492864310418070106e-01
7.432432432432432279e+01 4.041143625348211921e-01
7.447447447447447644e+01 3.324322105105397274e-01
7.462462462462463009e+01 1.726922775825379119e-01
7.477477477477476953e+01 1.649938621428433394e-01
7.492492492492492318e+01 2.694436727289176714e-01
7.507507507507507682e+01 3.031481183509341926e-01
7.522522522522523047e+01 3.507674386924535259e-01
7.537537537537536991e+01 4.055898411140190785e-01
7.552552552552552356e+01 3.292673631660976707e-01
7.567567567567567721e+01 1.703470785657009712e-01
7.582582582582583086e+01 1.682392123473910872e-01
7.597597597597597030e+01 2.683795370724565421e-01
7.612612612612612395e+01 3.028538922208801609e-01
7.627627627627627760e+01 3.509540334131485695e-01
7.642642642642643125e+01 4.060736865969910570e-01
7.657657657657657069e+01 3.238003984990111550e-01
7.672672672672672434e+01 1.642020496194456225e-01
7.687687687687687799e+01 1.729206472133764660e-01
7.702702702702703164e+01 2.698885921284653877e-01
7.717717717717718529e+01 3.049327720476985859e-01
7.732732732732732472e+01 3.533276152565647532e-01
7.747747747747747837e+01 4.085327291614100353e-01
7.762762762762763202e+01 3.216431776026931200e-01
7.777777777777778567e+01 1.612010090259559103e-01
7.792792792792792511e+01 1.766623450178832766e-01
7.807807807807807876e+01 2.713803888889396165e-01
7.822822822822823241e+01 3.064531269373260702e-01
7.837837837837838606e+01 3.547931687143230373e-01
7.852852852852852550e+01 4.099663048857749570e-01
7.867867867867867915e+01 3.184280288012875104e-01
7.882882882882883280e+01 1.580659664455585367e-01
7.897897897897898645e+01 1.799883314378208365e-01
7.912912912912912589e+01 2.703290880155994058e-01
7.927927927927927954e+01 3.061558270508369928e-01
7.942942942942943318e+01 3.550248829565849640e-01
7.957957957957958683e+01 4.104892138737701313e-01
7.972972972972972627e+01 3.127515776238424250e-01
7.987987987987987992e+01 1.533196131431142362e-01
8.003003003003003357e+01 1.846170939630449870e-01
8.018018018018018722e+01 2.719422085177388149e-01
8.033033033033032666e+01 3.082922986847116964e-01
8.048048048048048031e+01 3.573760869379899452e-01
8.063063063063063396e+01 4.129276691198282556e-01
8.078078078078078761e+01 3.104470363918125919e-01
8.093093093093092705e+01 1.493619566405125498e-01
8.108108108108108070e+01 1.884481773933185111e-01
8.123123123123123435e+01 2.733898091536204333e-01
8.138138138138138800e+01 3.097999659339826239e-01
8.153153153153152743e+01 3.588835170955965159e-01
8.168168168168168108e+01 4.142140469522310187e-01
8.183183183183183473e+01 3.071461734805113197e-01
8.198198198198198838e+01 1.474467292918904548e-01
8.213213213213212782e+01 1.918891275800855001e-01
8.228228228228228147e+01 2.724430264439254845e-01
8.243243243243243512e+01 3.095367060839857576e-01
8.258258258258258877e+01 3.590862016309761540e-01
8.273273273273272821e+01 4.113461291814212162e-01
8.288288288288288186e+01 3.013458951752485682e-01
8.303303303303303551e+01 1.423925630979685497e-01
8.318318318318318916e+01 1.961181315229049704e-01
8.333333333333332860e+01 2.740460698488805802e-01
8.348348348348348225e+01 3.117025437117543207e-01
8.363363363363363590e+01 3.614843418177997592e-01
8.378378378378378954e+01 4.113049205325075564e-01
8.393393393393392898e+01 2.988484452879740516e-01
8.408408408408408263e+01 1.390433084478140957e-01
8.423423423423423628e+01 2.006144598209274044e-01
8.438438438438438993e+01 2.755791252220324283e-01
8.453453453453452937e+01 3.132230866003350989e-01
8.468468468468468302e+01 3.629879178323308642e-01
8.483483483483483667e+01 4.099384951094361962e-01
8.498498498498499032e+01 2.954600300227857024e-01
8.513513513513512976e+01 1.373467898450883018e-01
8.528528528528528341e+01 2.032522859371573842e-01
8.543543543543543706e+01 2.747119804825748912e-01
8.558558558558559071e+01 3.130797503005826599e-01
8.573573573573573015e+01 3.632803110812660718e-01
8.588588588588588379e+01 4.058336536331018651e-01
8.603603603603603744e+01 2.896833004491090602e-01
8.618618618618619109e+01 1.326176093146577140e-01
8.633633633633633053e+01 2.081749735854570293e-01
8.648648648648648418e+01 2.763537405647333856e-01
8.663663663663663783e+01 3.151870905585629212e-01
8.678678678678679148e+01 3.656226278223820847e-01
8.693693693693694513e+01 4.068979811748616449e-01
8.708708708708708457e+01 2.868794806668657493e-01
8.723723723723723822e+01 1.300860131912845441e-01
8.738738738738739187e+01 2.117947548235500910e-01
8.753753753753754552e+01 2.778812814699832545e-01
8.768768768768768496e+01 3.167555261476665551e-01
8.783783783783783861e+01 3.671385477552312482e-01
8.798798798798799226e+01 4.036843207821102508e-01
8.813813813813814591e+01 2.835282193950977581e-01
8.828828828828828534e+01 1.279484233375346725e-01
8.843843843843843899e+01 2.152262925034300056e-01
8.858858858858859264e+01 2.770491871937491024e-01
8.873873873873874629e+01 3.165969167194417344e-01
8.888888888888888573e+01 3.674544637504221778e-01
8.903903903903903938e+01 4.011342273354465138e-01
8.918918918918919303e+01 2.775952263614820392e-01
8.933933933933934668e+01 1.249352614351064289e-01
8.948948948948948612e+01 2.192670556202491738e-01
8.963963963963963977e+01 2.787849504001048695e-01
8.978978978978979342e+01 3.187849202513308722e-01
8.993993993993994707e+01 3.697965246314968146e-01
9.009009009009008651e+01 4.001744925071510917e-01
9.024024024024024015e+01 2.746661819346284394e-01
9.039039039039039380e+01 1.215553619564164883e-01
9.054054054054054745e+01 2.234433338219147247e-01
9.069069069069068689e+01 2.802111514908145473e-01
9.084084084084084054e+01 3.202500395433773850e-01
9.099099099099099419e+01 3.712782204577834144e-01
9.114114114114114784e+01 3.984366285144783637e-01
9.129129129129128728e+01 2.713259699071730036e-01
9.144144144144144093e+01 1.212555756861126849e-01
9.159159159159159458e+01 2.264487909752371242e-01
9.174174174174174823e+01 2.794918910613893859e-01
9.189189189189188767e+01 3.201746239541772843e-01
9.204204204204204132e+01 3.716022158759115235e-01
9.219219219219219497e+01 3.942190629042314209e-01
9.234234234234234862e+01 2.651009992363940193e-01
9.249249249249248805e+01 1.178031298445254421e-01
9.264264264264264170e+01 2.303982877153730180e-01
9.279279279279279535e+01 2.812666901674728548e-01
9.294294294294294900e+01 3.224161826220153793e-01
9.309309309309308844e+01 3.740410222745957913e-01
9.324324324324324209e+01 3.940977618159442475e-01
9.339339339339339574e+01 2.623033285141895821e-01
9.354354354354354939e+01 1.160465381415801689e-01
9.369369369369368883e+01 2.349228250698912057e-01
9.384384384384384248e+01 2.827891472343869728e-01
9.399399399399399613e+01 3.239056243142389713e-01
9.414414414414414978e+01 3.754857923625918303e-01
9.429429429429428922e+01 3.916177384921625260e-01
9.444444444444444287e+01 2.586836136790989782e-01
9.459459459459459651e+01 1.156343115217889628e-01
9.474474474474475016e+01 2.370008987248035381e-01
9.489489489489488960e+01 2.820340549087335669e-01
9.504504504504504325e+01 3.238358109418799646e-01
9.519519519519519690e+01 3.758346310555066849e-01
9.534534534534535055e+01 3.873409180805531538e-01
9.549549549549548999e+01 2.528152039024892384e-01
9.564564564564564364e+01 1.141716276813685427e-01
9.579579579579579729e+01 2.418326982481970588e-01
9.594594594594595094e+01 2.838918864131410036e-01
9.609609609609609038e+01 3.260725999080962278e-01
9.624624624624624403e+01 3.782406539393315947e-01
9.639639639639639768e+01 3.871439605246957960e-01
9.654654654654655133e+01 2.493542032800588060e-01
9.669669669669670498e+01 1.131943704652903365e-01
9.684684684684684441e+01 2.450238022067032229e-01
9.699699699699699806e+01 2.854005148517639867e-01
9.714714714714715171e+01 3.276166064715504422e-01
9.729729729729730536e+01 3.797409422566683235e-01
9.744744744744744480e+01 3.840099723453369585e-01
9.759759759759759845e+01 2.462390174108877727e-01
9.774774774774775210e+01 1.139702796541664787e-01
9.789789789789790575e+01 2.484785730361721012e-01
9.804804804804804519e+01 2.847308799448783900e-01
9.819819819819819884e+01 3.275449338739019334e-01
9.834834834834835249e+01 3.800872570655594584e-01
9.849849849849850614e+01 3.803033010467520292e-01
9.864864864864864558e+01 2.398690018582212147e-01
9.879879879879879923e+01 1.153698439196481768e-01
9.894894894894895288e+01 2.515486962282187378e-01
9.909909909909910652e+01 2.865892509006784383e-01
9.924924924924924596e+01 3.298188123760726342e-01
9.939939939939939961e+01 3.824886100255358579e-01
9.954954954954955326e+01 3.788412863563426769e-01
9.969969969969970691e+01 2.366565265915767657e-01
9.984984984984984635e+01 1.155000367556088120e-01
1.000000000000000000e+02 2.562148902226921154e-01
1.001501501501501536e+02 2.881552933034851049e-01
1.003003003003003073e+02 3.313700322816596766e-01
1.004504504504504467e+02 3.840356448000861733e-01
1.006006006006006004e+02 3.767683228000667794e-01
1.007507507507507540e+02 2.333334659579741066e-01
1.009009009009009077e+02 1.185213489352789362e-01
1.010510510510510471e+02 2.581641517407234909e-01
1.012012012012012008e+02 2.875419016646795223e-01
1.013513513513513544e+02 3.313504498898856010e-01
1.015015015015015081e+02 3.843584529897450253e-01
1.016516516516516475e+02 3.716949915576921448e-01
1.018018018018018012e+02 2.270966791829524545e-01
1.019519519519519548e+02 1.206651592287320968e-01
1.021021021021021085e+02 2.617351262181517590e-01
1.022522522522522479e+02 2.894066256841956730e-01
1.024024024024024015e+02 3.336058767666848501e-01
1.025525525525525552e+02 3.867916967404541051e-01
1.027027027027027088e+02 3.710257956013755520e-01
1.028528528528528483e+02 2.237987629200171025e-01
1.030030030030030019e+02 1.231842462035485364e-01
1.031531531531531556e+02 2.632048697072008059e-01
1.033033033033033092e+02 2.909772098032872290e-01
1.034534534534534487e+02 3.351499108624130252e-01
1.036036036036036023e+02 3.882746449402669775e-01
1.037537537537537560e+02 3.679222606984445809e-01
1.039039039039039096e+02 2.202704720551776629e-01
1.040540540540540491e+02 1.257282086238882823e-01
1.042042042042042027e+02 2.618639092013681502e-01
1.043543543543543564e+02 2.904190470563747795e-01
1.045045045045045100e+02 3.352003770880614963e-01
1.046546546546546494e+02 3.887089538383535769e-01
1.048048048048048031e+02 3.633540324726015069e-01
1.049549549549549567e+02 2.144964089935484097e-01
1.051051051051051104e+02 1.295406770939593888e-01
1.052552552552552498e+02 2.630962045759567269e-01
1.054054054054054035e+02 2.923584191438640123e-01
1.055555555555555571e+02 3.374527779246824233e-01
1.057057057057057108e+02 3.910749754855812887e-01
1.058558558558558644e+02 3.619907833831021993e-01
1.060060060060060039e+02 2.105162719701608454e-01
1.061561561561561575e+02 1.321238583350320406e-01
1.063063063063063112e+02 2.645568652970485268e-01
1.064564564564564648e+02 2.938897401071886017e-01
1.066066066066066043e+02 3.390168502559246511e-01
1.067567567567567579e+02 3.926147107041073614e-01
1.069069069069069116e+02 3.589904695554964609e-01
1.070570570570570652e+02 2.077631420938140794e-01
1.072072072072072046e+02 1.353150372617967501e-01
1.073573573573573583e+02 2.633000500296126534e-01
1.075075075075075119e+02 2.934132119256196436e-01
1.076576576576576656e+02 3.390638728966631765e-01
1.078078078078078050e+02 3.930119289869163368e-01
1.079579579579579587e+02 3.542413077407532418e-01
1.081081081081081123e+02 2.012601534972506268e-01
1.082582582582582660e+02 1.393882359999653042e-01
1.084084084084084054e+02 2.645703962859252689e-01
1.085585585585585591e+02 2.953676808143629873e-01
1.087087087087087127e+02 3.413779198741651033e-01
1.088588588588588664e+02 3.954310254506781530e-01
1.090090090090090058e+02 3.524480273124984686e-01
1.091591591591591595e+02 1.980405202331348424e-01
1.093093093093093131e+02 1.424409102740477606e-01
1.094594594594594668e+02 2.660623279415200715e-01
1.096096096096096062e+02 2.968988303526542416e-01
1.097597597597597598e+02 3.428742532422860423e-01
1.099099099099099135e+02 3.969163669086469004e-01
1.100600600600600671e+02 3.497138557621288224e-01
1.102102102102102066e+02 1.946127004499839941e-01
1.103603603603603602e+02 1.458690909339794284e-01
1.105105105105105139e+02 2.648533448167539883e-01
1.106606606606606675e+02 2.964978739999019619e-01
1.108108108108108070e+02 3.430351030991248829e-01
1.109609609609609606e+02 3.973844888042012968e-01
1.111111111111111143e+02 3.443248099237089521e-01
1.112612612612612679e+02 1.888826569815278134e-01
1.114114114114114074e+02 1.500394647015195759e-01
1.115615615615615610e+02 2.662340832379292421e-01
1.117117117117117147e+02 2.984767587715102533e-01
1.118618618618618683e+02 3.453050987844100694e-01
1.120120120120120077e+02 3.997876780713003342e-01
1.121621621621621614e+02 3.428154978508944906e-01
1.123123123123123150e+02 1.851274210228064376e-01
1.124624624624624687e+02 1.536013312817448295e-01
1.126126126126126081e+02 2.676974586273355161e-01
1.127627627627627618e+02 3.000332706884665246e-01
1.129129129129129154e+02 3.468527793558667804e-01
1.130630630630630691e+02 4.012729101990246683e-01
1.132132132132132085e+02 3.394805307397782967e-01
1.133633633633633622e+02 1.821113816561030219e-01
1.135135135135135158e+02 1.569139320873865207e-01
1.136636636636636695e+02 2.665794288295685321e-01
1.138138138138138089e+02 2.996446533180920913e-01
1.139639639639639626e+02 3.469987046028966127e-01
1.141141141141141162e+02 4.017706209224529701e-01
1.142642642642642699e+02 3.343681748983619029e-01
1.144144144144144093e+02 1.765166961805721690e-01
1.145645645645645629e+02 1.613505876769287251e-01
1.147147147147147166e+02 2.680156819087627929e-01
1.148648648648648702e+02 3.017119854108826771e-01
1.150150150150150097e+02 3.493261320980970419e-01
1.151651651651651633e+02 4.041607862825499220e-01
1.153153153153153170e+02 3.323048507464029244e-01
1.154654654654654706e+02 1.725405040947535495e-01
1.156156156156156243e+02 1.651157660410853822e-01
1.157657657657657637e+02 2.694782519507662455e-01
1.159159159159159174e+02 3.031983785787453201e-01
1.160660660660660710e+02 3.508258615032463501e-01
1.162162162162162247e+02 4.056519366790973802e-01
1.163663663663663641e+02 3.291626470258056658e-01
1.165165165165165178e+02 1.702056981959609305e-01
1.166666666666666714e+02 1.683486308765593242e-01
1.168168168168168251e+02 2.684010889050919557e-01
1.169669669669669645e+02 3.028885445258504561e-01
1.171171171171171181e+02 3.509955098239334048e-01
1.172672672672672718e+02 4.061177751638624933e-01
1.174174174174174254e+02 3.236870899981044714e-01
1.175675675675675649e+02 1.640784547414159134e-01
1.177177177177177185e+02 1.730284064556066870e-01
1.178678678678678722e+02 2.698341184712299001e-01
1.180180180180180258e+02 3.048984820088541103e-01
1.181681681681681653e+02 3.533096286717038459e-01
1.183183183183183189e+02 4.085268169318010401e-01
1.184684684684684726e+02 3.214497053346316857e-01
1.186186186186186262e+02 1.610345142520906159e-01
1.187687687687687657e+02 1.768417083051825878e-01
1.189189189189189193e+02 2.714158908469685993e-01
1.190690690690690730e+02 3.065188464919311739e-01
1.192192192192192266e+02 3.548761149543393500e-01
1.193693693693693660e+02 4.100577434119265785e-01
1.195195195195195197e+02 3.183044873669018116e-01
1.196696696696696733e+02 1.579019331533453308e-01
1.198198198198198270e+02 1.801568800179502716e-01
1.199699699699699664e+02 2.703947467928801141e-01
1.201201201201201201e+02 3.062281199931987108e-01
1.202702702702702737e+02 3.550983745804593972e-01
1.204204204204204274e+02 4.105614171827669523e-01
1.205705705705705668e+02 3.126677319440448466e-01
1.207207207207207205e+02 1.532277622997269551e-01
1.208708708708708741e+02 1.847107426525766982e-01
1.210210210210210278e+02 2.719236975056599226e-01
1.211711711711711672e+02 3.082866388787128820e-01
1.213213213213213209e+02 3.573788776352150309e-01
1.214714714714714745e+02 4.129360642579704699e-01
1.216216216216216282e+02 3.102845323673769085e-01
1.217717717717717676e+02 1.492318554591939850e-01
1.219219219219219212e+02 1.886068054212408918e-01
1.220720720720720749e+02 2.733911189891693461e-01
1.222222222222222285e+02 3.098283947112014935e-01
1.223723723723723680e+02 3.589302069784456872e-01
1.225225225225225216e+02 4.141782522969277291e-01
1.226726726726726753e+02 3.069777851432468063e-01
1.228228228228228289e+02 1.472966341758262798e-01
1.229729729729729684e+02 1.920795542493435593e-01
1.231231231231231220e+02 2.725236977977045782e-01
1.232732732732732757e+02 3.096327077674922990e-01
1.234234234234234293e+02 3.591875978234757016e-01
1.235735735735735688e+02 4.113278308547622109e-01
1.237237237237237224e+02 3.012527561509306118e-01
1.238738738738738761e+02 1.422726412436854104e-01
1.240240240240240297e+02 1.962416338419702422e-01
1.241741741741741691e+02 2.740806691978984189e-01
1.243243243243243228e+02 3.117408320766457130e-01
1.244744744744744764e+02 3.615238314572248868e-01
1.246246246246246301e+02 4.112490308251238735e-01
1.247747747747747695e+02 2.987230583939043393e-01
1.249249249249249232e+02 1.389604024726867615e-01
1.250750750750750768e+02 2.007212186936621623e-01
1.252252252252252305e+02 2.755999492516431060e-01
1.253753753753753841e+02 3.132600774885421213e-01
1.255255255255255236e+02 3.630335688086870904e-01
1.256756756756756772e+02 4.098454852982302832e-01
1.258258258258258309e+02 2.952832417425730327e-01
1.259759759759759845e+02 1.371977510370172848e-01
1.261261261261261239e+02 2.034130282349346508e-01
1.262762762762762776e+02 2.747589820073023659e-01
1.264264264264264312e+02 3.131447836005416541e-01
1.265765765765765849e+02 3.633544262229611022e-01
1.267267267267267243e+02 4.058056263905264194e-01
1.268768768768768780e+02 2.895614538365091084e-01
1.270270270270270316e+02 1.325047892788051296e-01
1.271771771771771853e+02 2.083065798514584788e-01
1.273273273273273247e+02 2.763955190749041169e-01
1.274774774774774784e+02 3.152346896705058299e-01
1.276276276276276320e+02 3.656718648372051517e-01
1.277777777777777857e+02 4.068218119796290777e-01
1.279279279279279251e+02 2.867425912132979260e-01
1.280780780780780788e+02 1.299865621125258497e-01
1.282282282282282324e+02 2.119003596603889483e-01
1.283783783783783861e+02 2.778562114038555242e-01
1.285285285285285397e+02 3.167503748482727310e-01
1.286786786786786934e+02 3.671469896948620359e-01
1.288288288288288186e+02 4.036126141637824127e-01
1.289789789789789722e+02 2.833916534572500923e-01
1.291291291291291259e+02 1.278659310803877958e-01
1.292792792792792795e+02 2.153581450368283745e-01
1.294294294294294332e+02 2.770687882908682287e-01
1.295795795795795868e+02 3.166321153717468473e-01
1.297297297297297405e+02 3.674990277295989705e-01
1.298798798798798941e+02 4.010682407485074430e-01
1.300300300300300194e+02 2.774456164474095043e-01
1.301801801801801730e+02 1.248446259432322708e-01
1.303303303303303267e+02 2.193974986588710929e-01
1.304804804804804803e+02 2.787849510871083236e-01
1.306306306306306340e+02 3.188032596595745671e-01
1.307807807807807876e+02 3.698260320078960994e-01
1.309309309309309413e+02 4.000760129148342448e-01
1.310810810810810949e+02 2.745011914161550881e-01
1.312312312312312201e+02 1.214691954825570797e-01
1.313813813813813738e+02 2.236058525066894065e-01
1.315315315315315274e+02 2.802575268620320914e-01
1.316816816816816811e+02 3.203132873588423468e-01
1.318318318318318347e+02 3.713504216646631995e-01
1.319819819819819884e+02 3.983945826009013258e-01
1.321321321321321420e+02 2.711892451165501816e-01
1.322822822822822957e+02 1.211752867010158913e-01
1.324324324324324209e+02 2.265817809487993828e-01
1.325825825825825746e+02 2.795359453610638534e-01
1.327327327327327282e+02 3.202270525347839514e-01
1.328828828828828819e+02 3.716575712355773553e-01
1.330330330330330355e+02 3.941562850114913585e-01
1.331831831831831892e+02 2.649943786618353392e-01
1.333333333333333428e+02 1.177462254283786758e-01
1.334834834834834965e+02 2.305102841318705520e-01
1.336336336336336217e+02 2.812862194308646813e-01
1.337837837837837753e+02 3.224450012458773829e-01
1.339339339339339290e+02 3.740756037138893708e-01
1.340840840840840826e+02 3.940202482296963904e-01
1.342342342342342363e+02 2.621589068814654810e-01
1.343843843843843899e+02 1.160236580931917200e-01
1.345345345345345436e+02 2.350404139316881746e-01
1.346846846846846972e+02 2.828137190265136436e-01
1.348348348348348509e+02 3.239471758253192890e-01
1.349849849849849761e+02 3.755365660304774145e-01
1.351351351351351298e+02 3.915107856218945637e-01
1.352852852852852834e+02 2.585095651556040264e-01
1.354354354354354371e+02 1.155819121217644962e-01
1.355855855855855907e+02 2.371642724528612023e-01
1.357357357357357444e+02 2.820910352754655293e-01
1.358858858858858980e+02 3.239073062231985212e-01
1.360360360360360517e+02 3.759132422752718972e-01
1.361861861861861769e+02 3.872920047761589935e-01
1.363363363363363305e+02 2.526814364794591761e-01
1.364864864864864842e+02 1.141485394944850990e-01
1.366366366366366378e+02 2.419652459576513981e-01
1.367867867867867915e+02 2.839289178348111675e-01
1.369369369369369451e+02 3.261171902161122960e-01
1.370870870870870988e+02 3.782883474423480719e-01
1.372372372372372524e+02 3.870603518453522018e-01
1.373873873873873777e+02 2.492267076042858909e-01
1.375375375375375313e+02 1.131876568042142067e-01
1.376876876876876850e+02 2.451290521701693093e-01
1.378378378378378386e+02 2.854136487716657511e-01
1.379879879879879923e+02 3.276432726141782492e-01
1.381381381381381459e+02 3.797758921905100005e-01
1.382882882882882996e+02 3.839039450486795291e-01
1.384384384384384532e+02 2.460730176536792269e-01
1.385885885885885784e+02 1.140155071798158448e-01
1.387387387387387321e+02 2.486211971331695192e-01
1.388888888888888857e+02 2.847934710371141653e-01
1.390390390390390394e+02 3.276215581503657548e-01
1.391891891891891930e+02 3.801700072094199578e-01
1.393393393393393467e+02 3.802601989617345746e-01
1.394894894894895003e+02 2.397503191051241211e-01
1.396396396396396540e+02 1.153727576720962184e-01
1.397897897897897792e+02 2.516567200720902231e-01
1.399399399399399329e+02 2.866494254270826048e-01
1.400900900900900865e+02 3.298785207488686422e-01
1.402402402402402402e+02 3.825456955714479079e-01
1.403903903903903938e+02 3.787618421973596439e-01
1.405405405405405475e+02 2.365470416902904216e-01
1.406906906906907011e+02 1.155558149473846774e-01
1.408408408408408548e+02 2.563061185834617506e-01
1.409909909909909800e+02 2.881382582643775558e-01
1.411411411411411336e+02 3.313680232980436013e-01
1.412912912912912873e+02 3.840440807342837548e-01
1.414414414414414409e+02 3.766285360672076976e-01
1.415915915915915946e+02 2.331423806894079021e-01
1.417417417417417482e+02 1.186382890157159642e-01
1.418918918918919019e+02 2.582870312968293391e-01
1.420420420420420555e+02 2.876010360317865500e-01
1.421921921921921808e+02 3.314290176119351061e-01
1.423423423423423344e+02 3.844463696825886068e-01
1.424924924924924881e+02 3.716199227715217268e-01
1.426426426426426417e+02 2.269479983492721231e-01
1.427927927927927954e+02 1.207436428079023405e-01
1.429429429429429490e+02 2.617777531995226226e-01
1.430930930930931027e+02 2.894596404208117923e-01
1.432432432432432563e+02 3.336627459606490431e-01
1.433933933933933815e+02 3.868495260493244881e-01
1.435435435435435352e+02 3.709388079921660530e-01
1.436936936936936888e+02 2.236628014957763311e-01
1.438438438438438425e+02 1.232761995394965476e-01
1.439939939939939961e+02 2.632134709393072480e-01
1.441441441441441498e+02 2.910042933448878655e-01
1.442942942942943034e+02 3.351885818330847533e-01
1.444444444444444571e+02 3.883190359647966106e-01
1.445945945945946107e+02 3.678022078563312203e-01
1.447447447447447360e+02 2.201127484864640049e-01
1.448948948948948896e+02 1.258395701406727074e-01
1.450450450450450433e+02 2.618765915828582536e-01
1.451951951951951969e+02 2.904534047877297409e-01
1.453453453453453506e+02 3.352479691467663003e-01
1.454954954954955042e+02 3.887639797233776173e-01
1.456456456456456579e+02 3.632522532985485997e-01
1.457957957957958115e+02 2.143338964767046995e-01
1.459459459459459367e+02 1.296645652227277346e-01
1.460960960960960904e+02 2.631268712281727429e-01
1.462462462462462440e+02 2.924077996082645736e-01
1.463963963963963977e+02 3.375120408613004885e-01
1.465465465465465513e+02 3.911379661925263318e-01
1.466966966966967050e+02 3.618868117539898455e-01
1.468468468468468586e+02 2.103707182911806473e-01
1.469969969969970123e+02 1.322320073391602679e-01
1.471471471471471375e+02 2.646030174448350536e-01
1.472972972972972912e+02 2.939496367849926406e-01
1.474474474474474448e+02 3.390827672935363690e-01
1.475975975975975985e+02 3.926824076979211764e-01
1.477477477477477521e+02 3.589108344042655219e-01
1.478978978978979058e+02 2.076352679793902478e-01
1.480480480480480594e+02 1.354070479822757078e-01
1.481981981981982130e+02 2.633040365870344957e-01
1.483483483483483383e+02 2.934299452314064194e-01
1.484984984984984919e+02 3.390877864918958040e-01
1.486486486486486456e+02 3.930391518431541331e-01
1.487987987987987992e+02 3.541072871180775961e-01
1.489489489489489529e+02 2.011056101537309626e-01
1.490990990990991065e+02 1.395084135612636445e-01
1.492492492492492602e+02 2.645826757214751468e-01
1.493993993993994138e+02 2.954019252511979055e-01
1.495495495495495391e+02 3.414255218828621263e-01
1.496996996996996927e+02 3.954857021958460006e-01
1.498498498498498464e+02 3.523301114349076668e-01
1.500000000000000000e+02 1.978769574716185975e-01
