0.000000000000000000e+00 1.400575702313205939e-01
1.501501501501501523e-01 3.111296195929325048e-01
3.003003003003003046e-01 3.740045755597704580e-01
4.504504504504504570e-01 5.814392491369956284e-01
6.006006006006006093e-01 8.006833586665695890e-01
7.507507507507507061e-01 9.517153416321459947e-01
9.009009009009009139e-01 9.752524310553735143e-01
1.051051051051051122e+00 8.839850287652349925e-01
1.201201201201201219e+00 7.555687392920255041e-01
1.351351351351351315e+00 6.904634515412216844e-01
1.501501501501501412e+00 7.104482032975166783e-01
1.651651651651651731e+00 7.734982579067352093e-01
1.801801801801801828e+00 8.699119870313311020e-01
1.951951951951951925e+00 9.912816642467228156e-01
2.102102102102102243e+00 1.098935843322443429e+00
2.252252252252252340e+00 1.147674671178503303e+00
2.402402402402402437e+00 1.117467070281814800e+00
2.552552552552552534e+00 1.031276016209660806e+00
2.702702702702702631e+00 9.478984529057780106e-01
2.852852852852852727e+00 9.150126338799583481e-01
3.003003003003002824e+00 9.302682198534159008e-01
3.153153153153153365e+00 9.646773194266304863e-01
3.303303303303303462e+00 9.216448551137573775e-01
3.453453453453453559e+00 8.732453529869985687e-01
3.603603603603603656e+00 8.223099092256457299e-01
3.753753753753753752e+00 7.713643902841709199e-01
3.903903903903903849e+00 7.223305370562762562e-01
4.054054054054054390e+00 6.762054348411044025e-01
4.204204204204204487e+00 6.327819825088403238e-01
4.354354354354354584e+00 5.905321818257032174e-01
4.504504504504504681e+00 5.467454292740615562e-01
4.654654654654654777e+00 4.978489791497306416e-01
4.804804804804804874e+00 4.393912161010690154e-01
4.954954954954954971e+00 3.632896310754523128e-01
5.105105105105105068e+00 2.295180364216414526e-01
5.255255255255255165e+00 2.572129448608968527e-01
5.405405405405405261e+00 2.675188148846424641e-01
5.555555555555555358e+00 2.775108397072222344e-01
5.705705705705705455e+00 2.897407541919707619e-01
5.855855855855855552e+00 3.054235353510869055e-01
6.006006006006005649e+00 3.260409551047545595e-01
6.156156156156156634e+00 3.561165944668104877e-01
6.306306306306306730e+00 4.168600226748057080e-01
6.456456456456456827e+00 4.528830524468712149e-01
6.606606606606606924e+00 5.350651447469892963e-01
6.756756756756757021e+00 6.520832294179268462e-01
6.906906906906907118e+00 7.336343726319748404e-01
7.057057057057057214e+00 7.475331207988391569e-01
7.207207207207207311e+00 7.697857885979311199e-01
7.357357357357357408e+00 8.485759857821685292e-01
7.507507507507507505e+00 9.312754673874824585e-01
7.657657657657657602e+00 9.803908346897276527e-01
7.807807807807807698e+00 9.939306436276192924e-01
7.957957957957957795e+00 9.922175838539094572e-01
8.108108108108108780e+00 9.905115648692297547e-01
8.258258258258258877e+00 9.773098070849314256e-01
8.408408408408408974e+00 9.551463783626396031e-01
8.558558558558559071e+00 9.363353600683542721e-01
8.708708708708709167e+00 9.545879581168473793e-01
8.858858858858859264e+00 1.002838417668927340e+00
9.009009009009009361e+00 1.053059472425273979e+00
9.159159159159159458e+00 1.082683899207047107e+00
9.309309309309309555e+00 1.090885719860462455e+00
9.459459459459459651e+00 1.084230000601924981e+00
9.609609609609609748e+00 1.061870218054247861e+00
9.759759759759759845e+00 1.029344773959306902e+00
9.909909909909909942e+00 9.874152368804398616e-01
1.006006006006006004e+01 9.431044730936238851e-01
1.021021021021021014e+01 8.953966859562682012e-01
1.036036036036036023e+01 8.465270149799948296e-01
1.051051051051051033e+01 7.982552003147519448e-01
1.066066066066066043e+01 7.515875793249282566e-01
1.081081081081081052e+01 7.066551161013350235e-01
1.096096096096096062e+01 6.627650262754765098e-01
1.111111111111111072e+01 6.185704115246504209e-01
1.126126126126126081e+01 5.723048560176163813e-01
1.141141141141141091e+01 5.220917344607055588e-01
1.156156156156156101e+01 4.664344961434441217e-01
1.171171171171171110e+01 4.061211910288994309e-01
1.186186186186186120e+01 3.567674373008798416e-01
1.201201201201201130e+01 3.420948689438775281e-01
1.216216216216216317e+01 3.451721326093745157e-01
1.231231231231231327e+01 3.561729028996756807e-01
1.246246246246246336e+01 3.740753439948141246e-01
1.261261261261261346e+01 4.381831226397599477e-01
1.276276276276276356e+01 5.635013967753202957e-01
1.291291291291291365e+01 6.438176670978739136e-01
1.306306306306306375e+01 6.687640421068818952e-01
1.321321321321321385e+01 6.562268870608911620e-01
1.336336336336336394e+01 6.545105394134328458e-01
1.351351351351351404e+01 7.086416856943087428e-01
1.366366366366366414e+01 8.093849644255781683e-01
1.381381381381381424e+01 9.148848673718923408e-01
1.396396396396396433e+01 9.943848952687559528e-01
1.411411411411411443e+01 1.034166679975369263e+00
1.426426426426426453e+01 1.031973312257541187e+00
1.441441441441441462e+01 9.937792361054168522e-01
1.456456456456456472e+01 9.354217798557405983e-01
1.471471471471471482e+01 8.860935731812766836e-01
1.486486486486486491e+01 8.800406943123352255e-01
1.501501501501501501e+01 9.254329886975347641e-01
1.516516516516516511e+01 9.969821362747768312e-01
1.531531531531531520e+01 1.064178627346396899e+00
1.546546546546546530e+01 1.106764101494209784e+00
1.561561561561561540e+01 1.116841297403904809e+00
1.576576576576576549e+01 1.104329052178865567e+00
1.591591591591591559e+01 1.087457828824401451e+00
1.606606606606606746e+01 1.060423486601418830e+00
1.621621621621621756e+01 1.025137591125656611e+00
1.636636636636636766e+01 9.839555986264273413e-01
1.651651651651651775e+01 9.393599676774667673e-01
1.666666666666666785e+01 8.936328421462857996e-01
1.681681681681681795e+01 8.485629791241907638e-01
1.696696696696696804e+01 8.052128786821958206e-01
1.711711711711711814e+01 7.637508085320942053e-01
1.726726726726726824e+01 7.233797452275259054e-01
1.741741741741741833e+01 6.824523725052227263e-01
1.756756756756756843e+01 6.388416727004971873e-01
1.771771771771771853e+01 5.904737213394307682e-01
1.786786786786786863e+01 5.357753293015000695e-01
1.801801801801801872e+01 4.738893016088431831e-01
1.816816816816816882e+01 4.057880195983917249e-01
1.831831831831831892e+01 3.499806959627477232e-01
1.846846846846846901e+01 3.390418337223761180e-01
1.861861861861861911e+01 3.466981007509686852e-01
1.876876876876876921e+01 3.622348685345953556e-01
1.891891891891891930e+01 4.607674200185002400e-01
1.906906906906906940e+01 6.193877163190569801e-01
1.921921921921921950e+01 6.937197228275764349e-01
1.936936936936936959e+01 6.928505295659609375e-01
1.951951951951951969e+01 6.589997172783672585e-01
1.966966966966966979e+01 6.529315812849284528e-01
1.981981981981981988e+01 7.100925923452837685e-01
1.996996996996996998e+01 8.092456214822548732e-01
2.012012012012012008e+01 9.136126997500328972e-01
2.027027027027027017e+01 9.982376300828192939e-01
2.042042042042042027e+01 1.045677032817835528e+00
2.057057057057057037e+01 1.045665429781207800e+00
2.072072072072072046e+01 1.001091456866702645e+00
2.087087087087087056e+01 9.332478541045948761e-01
2.102102102102102066e+01 8.814183335549530263e-01
2.117117117117117076e+01 8.808926396085937638e-01
2.132132132132132085e+01 9.303257907778212932e-01
2.147147147147147095e+01 1.001658094123100140e+00
2.162162162162162105e+01 1.067731299579904425e+00
2.177177177177177114e+01 1.110751755911238092e+00
2.192192192192192124e+01 1.122012709956385690e+00
2.207207207207207134e+01 1.110688275739230901e+00
2.222222222222222143e+01 1.091819686818232382e+00
2.237237237237237153e+01 1.063187831930237692e+00
2.252252252252252163e+01 1.026805897303550541e+00
2.267267267267267172e+01 9.850260854702386215e-01
2.282282282282282182e+01 9.402755875108205208e-01
2.297297297297297192e+01 8.947876573322158800e-01
2.312312312312312201e+01 8.503164175164305005e-01
2.327327327327327211e+01 8.078323281586404780e-01
2.342342342342342221e+01 7.672683450224490054e-01
2.357357357357357230e+01 7.274774254540836704e-01
2.372372372372372240e+01 6.865287507932301692e-01
2.387387387387387250e+01 6.422620011609425639e-01
2.402402402402402259e+01 5.928207447529176832e-01
2.417417417417417624e+01 5.369151876025107795e-01
2.432432432432432634e+01 4.738330608369129004e-01
2.447447447447447644e+01 4.043192690646615350e-01
2.462462462462462653e+01 3.463303638160682985e-01
2.477477477477477663e+01 3.363492721633535854e-01
2.492492492492492673e+01 3.457400799841868211e-01
2.507507507507507682e+01 3.631491792976070943e-01
2.522522522522522692e+01 4.992804678105915439e-01
2.537537537537537702e+01 6.411809232878207254e-01
2.552552552552552712e+01 6.960884217100206106e-01
2.567567567567567721e+01 6.840112356055533249e-01
2.582582582582582731e+01 6.493387253435318751e-01
2.597597597597597741e+01 6.513035888205521706e-01
2.612612612612612750e+01 7.168251837459945763e-01
2.627627627627627760e+01 8.208200001296785953e-01
2.642642642642642770e+01 9.276869023267465542e-01
2.657657657657657779e+01 1.010899045824265263e+00
2.672672672672672789e+01 1.052106683156176059e+00
2.687687687687687799e+01 1.043472886342059702e+00
2.702702702702702808e+01 9.917345709781416607e-01
2.717717717717717818e+01 9.225187733320707739e-01
2.732732732732732828e+01 8.764086355602848100e-01
2.747747747747747837e+01 8.836939851288473369e-01
2.762762762762762847e+01 9.384100492591294085e-01
2.777777777777777857e+01 1.011560102452354171e+00
2.792792792792792866e+01 1.076287513388278327e+00
2.807807807807807876e+01 1.115873445687429744e+00
2.822822822822822886e+01 1.122463340134681964e+00
2.837837837837837895e+01 1.110216275625867777e+00
2.852852852852852905e+01 1.090009517437775965e+00
2.867867867867867915e+01 1.060307323305186067e+00
2.882882882882882924e+01 1.023109076389152383e+00
2.897897897897897934e+01 9.807728121424235113e-01
2.912912912912912944e+01 9.357724222965501104e-01
2.927927927927927954e+01 8.903855265501116056e-01
2.942942942942942963e+01 8.463137697124439862e-01
2.957957957957957973e+01 8.043170230985235980e-01
2.972972972972972983e+01 7.640294721024734059e-01
2.987987987987987992e+01 7.240986462411885816e-01
3.003003003003003002e+01 6.826082969567172087e-01
3.018018018018018012e+01 6.375687333588978545e-01
3.033033033033033021e+01 5.872663910801358966e-01
3.048048048048048031e+01 5.304206050584159282e-01
3.063063063063063041e+01 4.662735910417929452e-01
3.078078078078078050e+01 3.959790667263797248e-01
3.093093093093093060e+01 3.422461825255472267e-01
3.108108108108108070e+01 3.364161962248066184e-01
3.123123123123123079e+01 3.471322441827071614e-01
3.138138138138138089e+01 3.655315480346432722e-01
3.153153153153153099e+01 5.271994759981776246e-01
3.168168168168168108e+01 6.536372295706722735e-01
3.183183183183183118e+01 6.987365787626205194e-01
3.198198198198198128e+01 6.796602961742995719e-01
3.213213213213213493e+01 6.448228408276994728e-01
3.228228228228228147e+01 6.544430408409319666e-01
3.243243243243243512e+01 7.285304074377439987e-01
3.258258258258258167e+01 8.367562557208898522e-01
3.273273273273273531e+01 9.424252179577503608e-01
3.288288288288288186e+01 1.020122241201358637e+00
3.303303303303303551e+01 1.054207682978962390e+00
3.318318318318318205e+01 1.038705072426829634e+00
3.333333333333333570e+01 9.822966139966237131e-01
3.348348348348348225e+01 9.132279255502626647e-01
3.363363363363363590e+01 8.727445253655541357e-01
3.378378378378378244e+01 8.882060072409504459e-01
3.393393393393393609e+01 9.483906260905091701e-01
3.408408408408408263e+01 1.021997580402296935e+00
3.423423423423423628e+01 1.083909622197579248e+00
3.438438438438438283e+01 1.119331300835078480e+00
3.453453453453453648e+01 1.121064937396651473e+00
3.468468468468468302e+01 1.108377446524742016e+00
3.483483483483483667e+01 1.086669428412153859e+00
3.498498498498498321e+01 1.055648958173506236e+00
3.513513513513513686e+01 1.017423492654413453e+00
3.528528528528528341e+01 9.744742578376606179e-01
3.543543543543543706e+01 9.293368954180273311e-01
3.558558558558558360e+01 8.842095893017442032e-01
3.573573573573573725e+01 8.405642906671985104e-01
3.588588588588588379e+01 7.988878733936762844e-01
3.603603603603603744e+01 7.586538861035531101e-01
3.618618618618618399e+01 7.185188978174019692e-01
3.633633633633633764e+01 6.766435944808949499e-01
3.648648648648648418e+01 6.310460877267067836e-01
3.663663663663663783e+01 5.799426080058437405e-01
3.678678678678678438e+01 5.220259249213692332e-01
3.693693693693693803e+01 4.566908284525849071e-01
3.708708708708708457e+01 3.861704352588328226e-01
3.723723723723723822e+01 3.395279935875551436e-01
3.738738738738738476e+01 3.377689323898288021e-01
3.753753753753753841e+01 3.496570287773107522e-01
3.768768768768768496e+01 3.691017299148099950e-01
3.783783783783783861e+01 5.477010300038284152e-01
3.798798798798798515e+01 6.662270491744978207e-01
3.813813813813813880e+01 7.003576720894748586e-01
3.828828828828828534e+01 6.730283362544091652e-01
3.843843843843843899e+01 6.404310107281894204e-01
3.858858858858859264e+01 6.609591389762550229e-01
3.873873873873873919e+01 7.443791551828337072e-01
3.888888888888889284e+01 8.544286867591477375e-01
3.903903903903903938e+01 9.563377255361282803e-01
3.918918918918919303e+01 1.028161956204293181e+00
3.933933933933933957e+01 1.055438345834958769e+00
3.948948948948949322e+01 1.032825068932498702e+00
3.963963963963963977e+01 9.716757640944915231e-01
3.978978978978979342e+01 9.033750995452153321e-01
3.993993993993993996e+01 8.704757288556902450e-01
4.009009009009009361e+01 8.952764135388971978e-01
4.024024024024024015e+01 9.596909615639004354e-01
4.039039039039039380e+01 1.032632687214930511e+00
4.054054054054054035e+01 1.091482438442496816e+00
4.069069069069069400e+01 1.122215307360128866e+00
4.084084084084084054e+01 1.118567599150059877e+00
4.099099099099099419e+01 1.105940194812847999e+00
4.114114114114114074e+01 1.082605897841756759e+00
4.129129129129129439e+01 1.050252652396462816e+00
4.144144144144144093e+01 1.011138845742031611e+00
4.159159159159159458e+01 9.677921131071451910e-01
4.174174174174174112e+01 9.226541128624892174e-01
4.189189189189189477e+01 8.777291915230981401e-01
4.204204204204204132e+01 8.343038012813850379e-01
4.219219219219219497e+01 7.927783630328719688e-01
4.234234234234234151e+01 7.526178993330199241e-01
4.249249249249249516e+01 7.124359017498844704e-01
4.264264264264264170e+01 6.702589087892388831e-01
4.279279279279279535e+01 6.239719995990757884e-01
4.294294294294294190e+01 5.718058001169005200e-01
4.309309309309309555e+01 5.126427127027193276e-01
4.324324324324324209e+01 4.461754528662236763e-01
4.339339339339339574e+01 3.761508025540056255e-01
4.354354354354354228e+01 3.375707246413801044e-01
4.369369369369369593e+01 3.389980739260420317e-01
4.384384384384384248e+01 3.519845190653570488e-01
4.399399399399399613e+01 3.816133966659006060e-01
4.414414414414414267e+01 5.724924102231370160e-01
4.429429429429429632e+01 6.792287599528911146e-01
4.444444444444444287e+01 6.988595325609524567e-01
4.459459459459459651e+01 6.657771641643979166e-01
4.474474474474474306e+01 6.392442572910942422e-01
4.489489489489489671e+01 6.715286114058223177e-01
4.504504504504504325e+01 7.612683157153639080e-01
4.519519519519519690e+01 8.707284370904020410e-01
4.534534534534534345e+01 9.692594062198076621e-01
4.549549549549549710e+01 1.035897538107741322e+00
4.564564564564564364e+01 1.055683807196597712e+00
4.579579579579579729e+01 1.025402166017692629e+00
4.594594594594594383e+01 9.600931149376539242e-01
4.609609609609609748e+01 8.946050669605259964e-01
4.624624624624624403e+01 8.710221956991636150e-01
4.639639639639639768e+01 9.038464280035719556e-01
4.654654654654654422e+01 9.709764832045307825e-01
4.669669669669669787e+01 1.043077971158033135e+00
4.684684684684684441e+01 1.098492542079381407e+00
4.699699699699699806e+01 1.123952047648856922e+00
4.714714714714714461e+01 1.117434939843834352e+00
4.729729729729729826e+01 1.102972928807050668e+00
4.744744744744744480e+01 1.078081552028575585e+00
4.759759759759759845e+01 1.044585774928916688e+00
4.774774774774774500e+01 1.004764470446314784e+00
4.789789789789789864e+01 9.610640828500017774e-01
4.804804804804804519e+01 9.158104150239300134e-01
4.819819819819819884e+01 8.709337441958492354e-01
4.834834834834835249e+01 8.277023248302750602e-01
4.849849849849849903e+01 7.864739576036819946e-01
4.864864864864865268e+01 7.465540557801629840e-01
4.879879879879879923e+01 7.063107954290769319e-01
4.894894894894895288e+01 6.636069945057169184e-01
4.909909909909909942e+01 6.163835792486056508e-01
4.924924924924925307e+01 5.630979704795017193e-01
4.939939939939939961e+01 5.028432665708804095e-01
4.954954954954955326e+01 4.354701064299286162e-01
4.969969969969969981e+01 3.667332484619864608e-01
4.984984984984985346e+01 3.362650052376687237e-01
5.000000000000000000e+01 3.403411963518276906e-01
5.015015015015015365e+01 3.545983557992062329e-01
5.030030030030030019e+01 4.185499835203561059e-01
5.045045045045045384e+01 5.987449880384194678e-01
5.060060060060060039e+01 6.869503561470843289e-01
5.075075075075075404e+01 6.949483323438246929e-01
5.090090090090090058e+01 6.601275174160593506e-01
5.105105105105105423e+01 6.408767406353378382e-01
5.120120120120120077e+01 6.827733039668957282e-01
5.135135135135135442e+01 7.768972063561262464e-01
5.150150150150150097e+01 8.866477136864089337e-01
5.165165165165165462e+01 9.825118328777715515e-01
5.180180180180180116e+01 1.042694371572465251e+00
5.195195195195195481e+01 1.053933201269736664e+00
5.210210210210210136e+01 1.016504243544892105e+00
5.225225225225225500e+01 9.487896635350703267e-01
5.240240240240240155e+01 8.880017991587640935e-01
5.255255255255255520e+01 8.731427698514715452e-01
5.270270270270270174e+01 9.125090521513167241e-01
5.285285285285285539e+01 9.822593375175878716e-01
5.300300300300300194e+01 1.053207072001011602e+00
5.315315315315315559e+01 1.104470099615123546e+00
5.330330330330330213e+01 1.124592413069151364e+00
5.345345345345345578e+01 1.115836941897677903e+00
5.360360360360360232e+01 1.099703792197323615e+00
5.375375375375375597e+01 1.073453113744060383e+00
5.390390390390390252e+01 1.038917771236082421e+00
5.405405405405405617e+01 9.983449210112538275e-01
5.420420420420420271e+01 9.541690080246144623e-01
5.435435435435435636e+01 9.087462798647706341e-01
5.450450450450450290e+01 8.640299451993483926e-01
5.465465465465465655e+01 8.212028406940541370e-01
5.480480480480480310e+01 7.803822156322388626e-01
5.495495495495495675e+01 7.405785203607729850e-01
5.510510510510510329e+01 7.000025068456439126e-01
5.525525525525525694e+01 6.565908937050578542e-01
5.540540540540540349e+01 6.084829575118785305e-01
5.555555555555555713e+01 5.542662910507415441e-01
5.570570570570570368e+01 4.930231097431178600e-01
5.585585585585585733e+01 4.246954330704636460e-01
5.600600600600600387e+01 3.580992043161697058e-01
5.615615615615615752e+01 3.356162412580366849e-01
5.630630630630630407e+01 3.420569923464774065e-01
5.645645645645645772e+01 3.575774428244030134e-01
5.660660660660660426e+01 4.574961851233682042e-01
5.675675675675675791e+01 6.168208764243298114e-01
5.690690690690690445e+01 6.910801849709202749e-01
5.705705705705705810e+01 6.916587484086901272e-01
5.720720720720720465e+01 6.553927181000431812e-01
5.735735735735735830e+01 6.425313061791534386e-01
5.750750750750750484e+01 6.934528301303334308e-01
5.765765765765765849e+01 7.930640336206009611e-01
5.780780780780781214e+01 9.035025855835333575e-01
5.795795795795795868e+01 9.949255785738938540e-01
5.810810810810811233e+01 1.047391126161810737e+00
5.825825825825825888e+01 1.050689181667119776e+00
5.840840840840841253e+01 1.007396688754046865e+00
5.855855855855855907e+01 9.384540927944324817e-01
5.870870870870871272e+01 8.823153871629625389e-01
5.885885885885885926e+01 8.754924247094159062e-01
5.900900900900901291e+01 9.216939235141345943e-01
5.915915915915915946e+01 9.937839339754591661e-01
5.930930930930931311e+01 1.062645326577320581e+00
5.945945945945945965e+01 1.109576779957606174e+00
5.960960960960961330e+01 1.124617513867332885e+00
5.975975975975975985e+01 1.114048384104132206e+00
5.990990990990991349e+01 1.096363970591295756e+00
6.006006006006006004e+01 1.068743020004016886e+00
6.021021021021021369e+01 1.033064997398503548e+00
6.036036036036036023e+01 9.916665010762253374e-01
6.051051051051051388e+01 9.470824923376520710e-01
6.066066066066066043e+01 9.016985505109967880e-01
6.081081081081081408e+01 8.573458327696720227e-01
6.096096096096096062e+01 8.149425119009895413e-01
6.111111111111111427e+01 7.743320575998322575e-01
6.126126126126126081e+01 7.344033836090804179e-01
6.141141141141141446e+01 6.934256746082307910e-01
6.156156156156156101e+01 6.494420687616858645e-01
6.171171171171171466e+01 6.006079255545361262e-01
6.186186186186186120e+01 5.454461155619043655e-01
6.201201201201201485e+01 4.830286674038414829e-01
6.216216216216216139e+01 4.136759481492973678e-01
6.231231231231231504e+01 3.507922322196385667e-01
6.246246246246246159e+01 3.357808005941501639e-01
6.261261261261261524e+01 3.440998940486633129e-01
6.276276276276276178e+01 3.606725117390152113e-01
6.291291291291291543e+01 4.838344709496304463e-01
6.306306306306306197e+01 6.309159465246442222e-01
6.321321321321321562e+01 6.961805026681615605e-01
6.336336336336336217e+01 6.878290947480302231e-01
6.351351351351351582e+01 6.495989926805166848e-01
6.366366366366366236e+01 6.446651891283429192e-01
6.381381381381381601e+01 7.063281588966299207e-01
6.396396396396396256e+01 8.110924612331688044e-01
6.411411411411411621e+01 9.197938097027714699e-01
6.426426426426426985e+01 1.005397976287295547e+00
6.441441441441440929e+01 1.050868551400916395e+00
6.456456456456456294e+01 1.047039497800623220e+00
6.471471471471471659e+01 9.981291375064691440e-01
6.486486486486487024e+01 9.279180392975702185e-01
6.501501501501500968e+01 8.767521737870289655e-01
6.516516516516516333e+01 8.792234693513324428e-01
6.531531531531531698e+01 9.321459867235615260e-01
6.546546546546547063e+01 1.005225234607055373e+00
6.561561561561561007e+01 1.071545897235065326e+00
6.576576576576576372e+01 1.114261969175112332e+00
6.591591591591591737e+01 1.124038774623613346e+00
6.606606606606607102e+01 1.112145055189096121e+00
6.621621621621621046e+01 1.092807008230968213e+00
6.636636636636636410e+01 1.063713899819280106e+00
6.651651651651651775e+01 1.026909800268546169e+00
6.666666666666667140e+01 9.848572368374786112e-01
6.681681681681681084e+01 9.401017746725391921e-01
6.696696696696696449e+01 8.948918381586270510e-01
6.711711711711711814e+01 8.508295604306145288e-01
6.726726726726727179e+01 8.086386037988751996e-01
6.741741741741742544e+01 7.680927855278760763e-01
6.756756756756756488e+01 7.280948289535762452e-01
6.771771771771771853e+01 6.868884511209273347e-01
6.786786786786787218e+01 6.424059424339887414e-01
6.801801801801802583e+01 5.927084433740641423e-01
6.816816816816816527e+01 5.363709386710803217e-01
6.831831831831831892e+01 4.726819896034695212e-01
6.846846846846847257e+01 4.026246225912740728e-01
6.861861861861862621e+01 3.452931104685728059e-01
6.876876876876876565e+01 3.363909036820086906e-01
6.891891891891891930e+01 3.461298223108257854e-01
6.906906906906907295e+01 3.637481532727254163e-01
6.921921921921922660e+01 5.073140806914372414e-01
6.936936936936936604e+01 6.482551739778799060e-01
6.951951951951951969e+01 7.001858930944860893e-01
6.966966966966967334e+01 6.816372181951229070e-01
6.981981981981982699e+01 6.444201979954847781e-01
6.996996996996996643e+01 6.503044885910735928e-01
7.012012012012012008e+01 7.219657218730070047e-01
7.027027027027027373e+01 8.287653162328993961e-01
7.042042042042042738e+01 9.343665372125826707e-01
7.057057057057056682e+01 1.015088493233578415e+00
7.072072072072072046e+01 1.054019254168018449e+00
7.087087087087087411e+01 1.042475177119512209e+00
7.102102102102102776e+01 9.876956298044243798e-01
7.117117117117116720e+01 9.170425131324291268e-01
7.132132132132132085e+01 8.729948450835463003e-01
7.147147147147147450e+01 8.852581647572294044e-01
7.162162162162162815e+01 9.431303078170867327e-01
7.177177177177176759e+01 1.016361882891873458e+00
7.192192192192192124e+01 1.080144868001769787e+00
7.207207207207207489e+01 1.118223295236942860e+00
7.222222222222222854e+01 1.122443345782617063e+00
7.237237237237236798e+01 1.109884662453557214e+00
7.252252252252252163e+01 1.088829711889785168e+00
7.267267267267267528e+01 1.058365195185187124e+00
7.282282282282282893e+01 1.020647510808084579e+00
7.297297297297296836e+01 9.781270382607524239e-01
7.312312312312312201e+01 9.332319362326895185e-01
7.327327327327327566e+01 8.880651873888721903e-01
7.342342342342342931e+01 8.441395091862325950e-01
7.357357357357356875e+01 8.021532845460787042e-01
7.372372372372372240e+01 7.618295866896146462e-01
7.387387387387387605e+01 7.219114025476421892e-01
7.402402402402402970e+01 6.804275328397468847e-01
7.417417417417416914e+01 6.352081517847654180e-01
7.432432432432432279e+01 5.844274112792158249e-01
7.447447447447447644e+01 5.269031382087253634e-01
7.462462462462463009e+01 4.621399740555228730e-01
7.477477477477476953e+01 3.918529987385185320e-01
7.492492492492492318e+01 3.412890197988645569e-01
7.507507507507507682e+01 3.371386841100045273e-01
7.522522522522523047e+01 3.482480834650819590e-01
7.537537537537536991e+01 3.671440058036095633e-01
7.552552552552552356e+01 5.382655307553584345e-01
7.567567567567567721e+01 6.639760982644015153e-01
7.582582582582583086e+01 7.000085838211224099e-01
7.597597597597597030e+01 6.749922192410493516e-01
7.612612612612612395e+01 6.421112136114589530e-01
7.627627627627627760e+01 6.586678461362096559e-01
7.642642642642643125e+01 7.372744475728815194e-01
7.657657657657657069e+01 8.449927977919996502e-01
7.672672672672672434e+01 9.487096679744431160e-01
7.687687687687687799e+01 1.024718467817743450e+00
7.702702702702703164e+01 1.055831811899113015e+00
7.717717717717718529e+01 1.036094061904758945e+00
7.732732732732732472e+01 9.763983019582191947e-01
7.747747747747747837e+01 9.074721877728630925e-01
7.762762762762763202e+01 8.717430162717316744e-01
7.777777777777778567e+01 8.922032687389627181e-01
7.792792792792792511e+01 9.539580857666851710e-01
7.807807807807807876e+01 1.027348227938901903e+00
7.822822822822823241e+01 1.088071922273773362e+00
7.837837837837838606e+01 1.121015496616097007e+00
7.852852852852852550e+01 1.119853704660566107e+00
7.867867867867867915e+01 1.107211469064798504e+00
7.882882882882883280e+01 1.084622760339157832e+00
7.897897897897898645e+01 1.052991941735013759e+00
7.912912912912912589e+01 1.014458402904796275e+00
7.927927927927927954e+01 9.714139044819560809e-01
7.942942942942943318e+01 9.262503891398030653e-01
7.957957957957958683e+01 8.810804672122246606e-01
7.972972972972972627e+01 8.374145332517025642e-01
7.987987987987987992e+01 7.958345195738946165e-01
8.003003003003003357e+01 7.558072330672900296e-01
8.018018018018018722e+01 7.158084349658785372e-01
8.033033033033032666e+01 6.737759480584895044e-01
8.048048048048048031e+01 6.276763804259551938e-01
8.063063063063063396e+01 5.759028641217616151e-01
8.078078078078078761e+01 5.173878723904078436e-01
8.093093093093092705e+01 4.516483774636536608e-01
8.108108108108108070e+01 3.813949108582981307e-01
8.123123123123123435e+01 3.383623401130726460e-01
8.138138138138138800e+01 3.381544238175167028e-01
8.153153153153152743e+01 3.506949135455461053e-01
8.168168168168168108e+01 3.709482494567469812e-01
8.183183183183183473e+01 5.663669920422300663e-01
8.198198198198198838e+01 6.731970688622780363e-01
8.213213213213212782e+01 6.983597117717696978e-01
8.228228228228228147e+01 6.697507005699158134e-01
8.243243243243243512e+01 6.411371675063309850e-01
8.258258258258258877e+01 6.667253752505570841e-01
8.273273273273272821e+01 7.517810449760097269e-01
8.288288288288288186e+01 8.617226921003513507e-01
8.303303303303303551e+01 9.633645660042791103e-01
8.318318318318318916e+01 1.032874740379920997e+00
8.333333333333332860e+01 1.055589361579306606e+00
8.348348348348348225e+01 1.028629495703709873e+00
8.363363363363363590e+01 9.655904946945448319e-01
8.378378378378378954e+01 8.994961680939789206e-01
8.393393393393392898e+01 8.713059696525524700e-01
8.408408408408408263e+01 8.992572372970241146e-01
8.423423423423423628e+01 9.650745346243794209e-01
8.438438438438438993e+01 1.038022040451440420e+00
8.453453453453452937e+01 1.095004033489294759e+00
8.468468468468468302e+01 1.122933243528114300e+00
8.483483483483483667e+01 1.117917187702644810e+00
8.498498498498499032e+01 1.104384024643644713e+00
8.513513513513512976e+01 1.080381757043565427e+00
8.528528528528528341e+01 1.047569893857724477e+00
8.543543543543543706e+01 1.008115490179852136e+00
8.558558558558559071e+01 9.644789950082602870e-01
8.573573573573573015e+01 9.191275422377184201e-01
8.588588588588588379e+01 8.741669601772822373e-01
8.603603603603603744e+01 8.309423819206671613e-01
8.618618618618619109e+01 7.897452301933356456e-01
8.633633633633633053e+01 7.497862888164060768e-01
8.648648648648648418e+01 7.094743043522500070e-01
8.663663663663663783e+01 6.668589215066542675e-01
8.678678678678679148e+01 6.200364943775598103e-01
8.693693693693694513e+01 5.674176045777707955e-01
8.708708708708708457e+01 5.078734900375345696e-01
8.723723723723723822e+01 4.409885582014474448e-01
8.738738738738739187e+01 3.712830772472988650e-01
8.753753753753754552e+01 3.366275593135142907e-01
8.768768768768768496e+01 3.396468732277431735e-01
8.783783783783783861e+01 3.534188135490640703e-01
8.798798798798799226e+01 4.096831015095510065e-01
8.813813813813814591e+01 5.849881700127870232e-01
8.828828828828828534e+01 6.807519718379411167e-01
8.843843843843843899e+01 6.973841101951122612e-01
8.858858858858859264e+01 6.640161147810683673e-01
8.873873873873874629e+01 6.396435380392426762e-01
8.888888888888888573e+01 6.753953373187978615e-01
8.903903903903903938e+01 7.681055282883693103e-01
8.918918918918919303e+01 8.793917094557859304e-01
8.933933933933934668e+01 9.766772392897901112e-01
8.948948948948948612e+01 1.039082916598339290e+00
8.963963963963963977e+01 1.054361887846951173e+00
8.978978978978979342e+01 1.021018692053656363e+00
8.993993993993994707e+01 9.550509253593271186e-01
9.009009009009008651e+01 8.916281231749487723e-01
9.024024024024024015e+01 8.713217316448008676e-01
9.039039039039039380e+01 9.075282783060768521e-01
9.054054054054054745e+01 9.766821173431368130e-01
9.069069069069068689e+01 1.048150752757342152e+00
9.084084084084084054e+01 1.101347474878389354e+00
9.099099099099099419e+01 1.124362457743831145e+00
9.114114114114114784e+01 1.116621622294892813e+00
9.129129129129128728e+01 1.101451186996249554e+00
9.144144144144144093e+01 1.075931150949200665e+00
9.159159159159159458e+01 1.041841841795365431e+00
9.174174174174174823e+01 1.001494985336200738e+00
9.189189189189188767e+01 9.574486773482568935e-01
9.204204204204204132e+01 9.121412112651137161e-01
9.219219219219219497e+01 8.674965365948125173e-01
9.234234234234234862e+01 8.246017369053184609e-01
9.249249249249248805e+01 7.835579312226296222e-01
9.264264264264264170e+01 7.435359379446453421e-01
9.279279279279279535e+01 7.029889772430771844e-01
9.294294294294294900e+01 6.599618562566944568e-01
9.309309309309308844e+01 6.124633951455227265e-01
9.324324324324324209e+01 5.588422278207126892e-01
9.339339339339339574e+01 4.980516622406488403e-01
9.354354354354354939e+01 4.300127333855285339e-01
9.369369369369368883e+01 3.620983213737551387e-01
9.384384384384384248e+01 3.359636120917771640e-01
9.399399399399399613e+01 3.413542701364116194e-01
9.414414414414414978e+01 3.561466869840630989e-01
9.429429429429428922e+01 4.349075576528790288e-01
9.444444444444444287e+01 6.035689398921670890e-01
9.459459459459459651e+01 6.898195336195528382e-01
9.474474474474475016e+01 6.945904461296128485e-01
9.489489489489488960e+01 6.569933107028361752e-01
9.504504504504504325e+01 6.398527907637936440e-01
9.519519519519519690e+01 6.874486979189321501e-01
9.534534534534535055e+01 7.860489670640486981e-01
9.549549549549548999e+01 8.959044709618165792e-01
9.564564564564564364e+01 9.883433557886001086e-01
9.579579579579579729e+01 1.044669428965157909e+00
9.594594594594595094e+01 1.052697660615848685e+00
9.609609609609609038e+01 1.012604565160597048e+00
9.624624624624624403e+01 9.437160017923033051e-01
9.639639639639639768e+01 8.841637345217708832e-01
9.654654654654655133e+01 8.735014197532080527e-01
9.669669669669670498e+01 9.172990607103577165e-01
9.684684684684684441e+01 9.882291756248009484e-01
9.699699699699699806e+01 1.057926852953964936e+00
9.714714714714715171e+01 1.107288471621548531e+00
9.729729729729730536e+01 1.124978829568237026e+00
9.744744744744744480e+01 1.115111959120097529e+00
9.759759759759759845e+01 1.098163728268784611e+00
9.774774774774775210e+01 1.071090965780575610e+00
9.789789789789790575e+01 1.035850355700804526e+00
9.804804804804804519e+01 9.948373042205109762e-01
9.819819819819819884e+01 9.505610086320444019e-01
9.834834834834835249e+01 9.053038602615518515e-01
9.849849849849850614e+01 8.608178550267788776e-01
9.864864864864864558e+01 8.180931864463625303e-01
9.879879879879879923e+01 7.772081681533683506e-01
9.894894894894895288e+01 7.372852476638032115e-01
9.909909909909910652e+01 6.966299320702399323e-01
9.924924924924924596e+01 6.531114419405927851e-01
9.939939939939939961e+01 6.046951539327787284e-01
9.954954954954955326e+01 5.498847584902286645e-01
9.969969969969970691e+01 4.878843277186470373e-01
9.984984984984984635e+01 4.189971968499056065e-01
1.000000000000000000e+02 3.543408847984594878e-01
1.001501501501501536e+02 3.358065568694048597e-01
1.003003003003003073e+02 3.430507287969196129e-01
1.004504504504504467e+02 3.589727933749199962e-01
1.006006006006006004e+02 4.640587080874807313e-01
1.007507507507507540e+02 6.259039422571543998e-01
1.009009009009009077e+02 6.958947983879366639e-01
1.010510510510510471e+02 6.891471475331381047e-01
1.012012012012012008e+02 6.512613304651939661e-01
1.013513513513513544e+02 6.437517704857796952e-01
1.015015015015015081e+02 7.014304348127055055e-01
1.016516516516516475e+02 8.029070623900187442e-01
1.018018018018018012e+02 9.111136621607454078e-01
1.019519519519519548e+02 9.998694841305163505e-01
1.021021021021021085e+02 1.049786908318994572e+00
1.022522522522522479e+02 1.049534811343727059e+00
1.024024024024024015e+02 1.002702241991240584e+00
1.025525525525525552e+02 9.323121178455778812e-01
1.027027027027027088e+02 8.789283165436488909e-01
1.028528528528528483e+02 8.778515359234623228e-01
1.030030030030030019e+02 9.273560562912199767e-01
1.031531531531531556e+02 9.995527048098410416e-01
1.033033033033033092e+02 1.067387354493541718e+00
1.034534534534534487e+02 1.112303188997609160e+00
1.036036036036036023e+02 1.124447027253789644e+00
1.037537537537537560e+02 1.113158278171670901e+00
1.039039039039039096e+02 1.094497067106436239e+00
1.040540540540540491e+02 1.066068177672614414e+00
1.042042042042042027e+02 1.029881817121258036e+00
1.043543543543543564e+02 9.882871353018318761e-01
1.045045045045045100e+02 9.437050189842545178e-01
1.046546546546546494e+02 8.983583323323748315e-01
1.048048048048048031e+02 8.539908175313275507e-01
1.049549549549549567e+02 8.115689021948537807e-01
1.051051051051051104e+02 7.710315975771864228e-01
1.052552552552552498e+02 7.312448404967658577e-01
1.054054054054054035e+02 6.902908777674930940e-01
1.055555555555555571e+02 6.460188340605030888e-01
1.057057057057057108e+02 5.965817432772823059e-01
1.058558558558558644e+02 5.407062139643900034e-01
1.060060060060060039e+02 4.776977025345776617e-01
1.061561561561561575e+02 4.081449745592201084e-01
1.063063063063063112e+02 3.479228100278937696e-01
1.064564564564564648e+02 3.359225382152343786e-01
1.066066066066066043e+02 3.449361680877601199e-01
1.067567567567567579e+02 3.621437447628156336e-01
1.069069069069069116e+02 5.002311801657767232e-01
1.070570570570570652e+02 6.433955246706525299e-01
1.072072072072072046e+02 6.975534428402823117e-01
1.073573573573573583e+02 6.838876393436592593e-01
1.075075075075075119e+02 6.477760162947032718e-01
1.076576576576576656e+02 6.489970615646909469e-01
1.078078078078078050e+02 7.145097281357911667e-01
1.079579579579579587e+02 8.190042246866175990e-01
1.081081081081081123e+02 9.267713135183085482e-01
1.082582582582582660e+02 1.011070016099750335e+00
1.084084084084084054e+02 1.053066667102123377e+00
1.085585585585585591e+02 1.044549227345790143e+00
1.087087087087087127e+02 9.922823639597638801e-01
1.088588588588588664e+02 9.222698725878909487e-01
1.090090090090090058e+02 8.755675928282096177e-01
1.091591591591591595e+02 8.826503411284358780e-01
1.093093093093093131e+02 9.374271759384724678e-01
1.094594594594594668e+02 1.010866734215314588e+00
1.096096096096096062e+02 1.076095882373754753e+00
1.097597597597597598e+02 1.116204756544355581e+00
1.099099099099099135e+02 1.123083704474316047e+00
1.100600600600600671e+02 1.110889910063544317e+00
1.102102102102102066e+02 1.090708117594131554e+00
1.103603603603603602e+02 1.061039121472241220e+00
1.105105105105105139e+02 1.023882884203066279e+00
1.106606606606606675e+02 9.815944426447180682e-01
1.108108108108108070e+02 9.366418637203480779e-01
1.109609609609609606e+02 8.912975345390835580e-01
1.111111111111111143e+02 8.472619330263089221e-01
1.112612612612612679e+02 8.052973788970162472e-01
1.114114114114114074e+02 7.650407390905930027e-01
1.115615615615615610e+02 7.251380665224553823e-01
1.117117117117117147e+02 6.836697619068907716e-01
1.118618618618618683e+02 6.386462579592945277e-01
1.120120120120120077e+02 5.883624884348009898e-01
1.121621621621621614e+02 5.315533643584041679e-01
1.123123123123123150e+02 4.674786360445440936e-01
1.124624624624624687e+02 3.972561823073755827e-01
1.126126126126126081e+02 3.429082651784389202e-01
1.127627627627627618e+02 3.365839753564584536e-01
1.129129129129129154e+02 3.472135315699604874e-01
1.130630630630630691e+02 3.655971698160674355e-01
1.132132132132132085e+02 5.282444059318811558e-01
1.133633633633633622e+02 6.544919093375920482e-01
1.135135135135135158e+02 6.988929060309448937e-01
1.136636636636636695e+02 6.792493446722770445e-01
1.138138138138138089e+02 6.441691498382902115e-01
1.139639639639639626e+02 6.538381756531366218e-01
1.141141141141141162e+02 7.280729338263050021e-01
1.142642642642642699e+02 8.365014121149035864e-01
1.144144144144144093e+02 9.424671391580146107e-01
1.145645645645645629e+02 1.020421592982381220e+00
1.147147147147147166e+02 1.054554351743234752e+00
1.148648648648648702e+02 1.038873228580045716e+00
1.150150150150150097e+02 9.821900215752825680e-01
1.151651651651651633e+02 9.129425373776356434e-01
1.153153153153153170e+02 8.724664599936156062e-01
1.154654654654654706e+02 8.880074258750881855e-01
1.156156156156156243e+02 9.482743112004708985e-01
1.157657657657657637e+02 1.021990699803753122e+00
1.159159159159159174e+02 1.084013240091496799e+00
1.160660660660660710e+02 1.119497428772925129e+00
1.162162162162162247e+02 1.121205210039112554e+00
1.163663663663663641e+02 1.108531771886454242e+00
1.165165165165165178e+02 1.086827050949952245e+00
1.166666666666666714e+02 1.055815527845319401e+00
1.168168168168168251e+02 1.017601600899492365e+00
1.169669669669669645e+02 9.746630401717673031e-01
1.171171171171171181e+02 9.295344747592255708e-01
1.172672672672672718e+02 8.844164373669242130e-01
1.174174174174174254e+02 8.407842262007126921e-01
1.175675675675675649e+02 7.991244837861197770e-01
1.177177177177177185e+02 7.589053214081511456e-01
1.178678678678678722e+02 7.187765381927525565e-01
1.180180180180180258e+02 6.768973850003118242e-01
1.181681681681681653e+02 6.312915502135598711e-01
1.183183183183183189e+02 5.801830198691512175e-01
1.184684684684684726e+02 5.222681493331209346e-01
1.186186186186186262e+02 4.569393699000188769e-01
1.187687687687687657e+02 3.864031272170428410e-01
1.189189189189189193e+02 3.395807776935484967e-01
1.190690690690690730e+02 3.377545370216637477e-01
1.192192192192192266e+02 3.496388689742490063e-01
1.193693693693693660e+02 3.690857265306881074e-01
1.195195195195195197e+02 5.482648518711885632e-01
1.196696696696696733e+02 6.664709664985888349e-01
1.198198198198198270e+02 7.004114518753788987e-01
1.199699699699699664e+02 6.729626450426569040e-01
1.201201201201201201e+02 6.403132808119006425e-01
1.202702702702702737e+02 6.608650413267168622e-01
1.204204204204204274e+02 7.443454650366008174e-01
1.205705705705705668e+02 8.544906686089817072e-01
1.207207207207207205e+02 9.564749925469488989e-01
1.208708708708708741e+02 1.028294168546012965e+00
1.210210210210210278e+02 1.055506225219307037e+00
1.211711711711711672e+02 1.032808255915361073e+00
1.213213213213213209e+02 9.715885509268394893e-01
1.214714714714714745e+02 9.032760962649679648e-01
1.216216216216216282e+02 8.704109985847638953e-01
1.217717717717717676e+02 8.952691294984893577e-01
1.219219219219219212e+02 9.597462714407459794e-01
1.220720720720720749e+02 1.032711743233086565e+00
1.222222222222222285e+02 1.091550442325637693e+00
1.223723723723723680e+02 1.122264095467501832e+00
1.225225225225225216e+02 1.118604589083830314e+00
1.226726726726726753e+02 1.105956870931150471e+00
1.228228228228228289e+02 1.082606877334199691e+00
1.229729729729729684e+02 1.050240000413065644e+00
1.231231231231231220e+02 1.011114020194365581e+00
1.232732732732732757e+02 9.677585860793022077e-01
1.234234234234234293e+02 9.226189629736613051e-01
1.235735735735735688e+02 8.777011210571178390e-01
1.237237237237237224e+02 8.342881226619631718e-01
1.238738738738738761e+02 7.927728882422795387e-01
1.240240240240240297e+02 7.526141337198271053e-01
1.241741741741741691e+02 7.124255656887703569e-01
1.243243243243243228e+02 6.702393117827155633e-01
1.244744744744744764e+02 6.239451864136033032e-01
1.246246246246246301e+02 5.717734059976408156e-01
1.247747747747747695e+02 5.126027303538698288e-01
1.249249249249249232e+02 4.461257341059061687e-01
1.250750750750750768e+02 3.761065350859454370e-01
1.252252252252252305e+02 3.375843788169020088e-01
1.253753753753753841e+02 3.390372593517269606e-01
1.255255255255255236e+02 3.520374477637289723e-01
1.256756756756756772e+02 3.822193774616943762e-01
1.258258258258258309e+02 5.726582537426121444e-01
1.259759759759759845e+02 6.792851405264176412e-01
1.261261261261261239e+02 6.988434112840931078e-01
1.262762762762762776e+02 6.656639059913397327e-01
1.264264264264264312e+02 6.391304937462097824e-01
1.265765765765765849e+02 6.715294892566486817e-01
1.267267267267267243e+02 7.614122138781757032e-01
1.268768768768768780e+02 8.709385617694701542e-01
1.270270270270270316e+02 9.694269874614193094e-01
1.271771771771771853e+02 1.035978225081871207e+00
1.273273273273273247e+02 1.055684531380126190e+00
1.274774774774774784e+02 1.025329850879536098e+00
1.276276276276276320e+02 9.599753063723703850e-01
1.277777777777777857e+02 8.944906346016422427e-01
1.279279279279279251e+02 8.709783423868018293e-01
1.280780780780780788e+02 9.039139390508383887e-01
1.282282282282282324e+02 9.711001243003306582e-01
1.283783783783783861e+02 1.043189786816880904e+00
1.285285285285285397e+02 1.098572403747620330e+00
1.286786786786786934e+02 1.123986272749428750e+00
1.288288288288288186e+02 1.117432260165493130e+00
1.289789789789789722e+02 1.102955399740162212e+00
1.291291291291291259e+02 1.078047772612766630e+00
1.292792792792792795e+02 1.044536208756756457e+00
1.294294294294294332e+02 1.004703390120557316e+00
1.295795795795795868e+02 9.609992689840314295e-01
1.297297297297297405e+02 9.157497514062622468e-01
1.298798798798798941e+02 8.708807716019578704e-01
1.300300300300300194e+02 8.276544033100469155e-01
1.301801801801801730e+02 7.864251499634051790e-01
1.303303303303303267e+02 7.465006540996844686e-01
1.304804804804804803e+02 7.062536345051418918e-01
1.306306306306306340e+02 6.635480223634321328e-01
1.307807807807807876e+02 6.163208882232475982e-01
1.309309309309309413e+02 5.630250282915224558e-01
1.310810810810810949e+02 5.027538325936069530e-01
1.312312312312312201e+02 4.353647899958688616e-01
1.313813813813813738e+02 3.666458664934517664e-01
1.315315315315315274e+02 3.362644923051833490e-01
1.316816816816816811e+02 3.403615895872443287e-01
1.318318318318318347e+02 3.546245934995730376e-01
1.319819819819819884e+02 4.186615982655796375e-01
1.321321321321321420e+02 5.989161001699525588e-01
1.322822822822822957e+02 6.871148035323479952e-01
1.324324324324324209e+02 6.949369715629371003e-01
1.325825825825825746e+02 6.600150284874796158e-01
1.327327327327327282e+02 6.408471584270529764e-01
1.328828828828828819e+02 6.829181674586356499e-01
1.330330330330330355e+02 7.771273430514641367e-01
1.331831831831831892e+02 8.868365501159437558e-01
1.333333333333333428e+02 9.826291389591300662e-01
1.334834834834834965e+02 1.042760601116702990e+00
1.336336336336336217e+02 1.053932652764690614e+00
1.337837837837837753e+02 1.016419864129159523e+00
1.339339339339339290e+02 9.486491629312805429e-01
1.340840840840840826e+02 8.878899973897622644e-01
1.342342342342342363e+02 8.731604711124552054e-01
1.343843843843843899e+02 9.126301745868400372e-01
1.345345345345345436e+02 9.823932182430553661e-01
1.346846846846846972e+02 1.053319816153886812e+00
1.348348348348348509e+02 1.104546506929757976e+00
1.349849849849849761e+02 1.124607361447588438e+00
1.351351351351351298e+02 1.115825712709882733e+00
1.352852852852852834e+02 1.099670875750006660e+00
1.354354354354354371e+02 1.073400616604277324e+00
1.355855855855855907e+02 1.038852300164099018e+00
1.357357357357357444e+02 9.982748788435618081e-01
1.358858858858858980e+02 9.541005314597096332e-01
1.360360360360360517e+02 9.086806188160432285e-01
1.361861861861861769e+02 8.639644807612570920e-01
1.363363363363363305e+02 8.211354205278283969e-01
1.364864864864864842e+02 7.803144648464407362e-01
1.366366366366366378e+02 7.405141391763816472e-01
1.367867867867867915e+02 6.999416733995891260e-01
1.369369369369369451e+02 6.565273115046841301e-01
1.370870870870870988e+02 6.084073286808270309e-01
1.372372372372372524e+02 5.541732794377418614e-01
1.373873873873873777e+02 4.929144752234756455e-01
1.375375375375375313e+02 4.245792258623046767e-01
1.376876876876876850e+02 3.580189140383561730e-01
1.378378378378378386e+02 3.356110348231043372e-01
1.379879879879879923e+02 3.420675542263806324e-01
1.381381381381381459e+02 3.575999824690734297e-01
1.382882882882882996e+02 4.577772827291429758e-01
1.384384384384384532e+02 6.171867187236242946e-01
1.385885885885885784e+02 6.911916407377314275e-01
1.387387387387387321e+02 6.915742041586075972e-01
1.388888888888888857e+02 6.553195666293397670e-01
1.390390390390390394e+02 6.426112033064392826e-01
1.391891891891891930e+02 6.936587606677561135e-01
1.393393393393393467e+02 7.932666166620200299e-01
1.394894894894895003e+02 9.036654502518226550e-01
1.396396396396396540e+02 9.950650668153306899e-01
1.397897897897897792e+02 1.047469406249194046e+00
1.399399399399399329e+02 1.050657455200672219e+00
1.400900900900900865e+02 1.007265618817020147e+00
1.402402402402402402e+02 9.382984218171991353e-01
1.403903903903903938e+02 8.822542399287356396e-01
1.405405405405405475e+02 8.755643053396943154e-01
1.406906906906907011e+02 9.218225759076050796e-01
1.408408408408408548e+02 9.939215692655035683e-01
1.409909909909909800e+02 1.062765610166480190e+00
1.411411411411411336e+02 1.109640468383552792e+00
1.412912912912912873e+02 1.124608269137344241e+00
1.414414414414414409e+02 1.114023556162391904e+00
1.415915915915915946e+02 1.096318008450165360e+00
1.417417417417417482e+02 1.068682832404824756e+00
1.418918918918919019e+02 1.032997358742337779e+00
1.420420420420420555e+02 9.915952932939631204e-01
1.421921921921921808e+02 9.470080036635663001e-01
1.423423423423423344e+02 9.016202345246850935e-01
1.424924924924924881e+02 8.572656988657761934e-01
1.426426426426426417e+02 8.148657240322466633e-01
1.427927927927927954e+02 7.742630120028172191e-01
1.429429429429429490e+02 7.343401835767197072e-01
1.430930930930931027e+02 6.933598446516126002e-01
1.432432432432432563e+02 6.493641708705463200e-01
1.433933933933933815e+02 6.005142136097048056e-01
1.435435435435435352e+02 5.453392834519499299e-01
1.436936936936936888e+02 4.829125461626724847e-01
1.438438438438438425e+02 4.135533130643609390e-01
1.439939939939939961e+02 3.507113112900241969e-01
1.441441441441441498e+02 3.357697150814912823e-01
1.442942942942943034e+02 3.441118201292520107e-01
1.444444444444444571e+02 3.607033409990712536e-01
1.445945945945946107e+02 4.844195645648690096e-01
1.447447447447447360e+02 6.311603664933367330e-01
1.448948948948948896e+02 6.961676326007556481e-01
1.450450450450450433e+02 6.877718520634124033e-01
1.451951951951951969e+02 6.495955463744501612e-01
1.453453453453453506e+02 6.447539218581964660e-01
1.454954954954955042e+02 7.064683194443598380e-01
1.456456456456456579e+02 8.112556940332630306e-01
1.457957957957958115e+02 9.199788693346335755e-01
1.459459459459459367e+02 1.005544250703376497e+00
1.460960960960960904e+02 1.050906346794376667e+00
1.462462462462462440e+02 1.046968810408176909e+00
1.463963963963963977e+02 9.980004887124075408e-01
1.465465465465465513e+02 9.278125997125126201e-01
1.466966966966967050e+02 8.767345163131091690e-01
1.468468468468468586e+02 8.792815082172412700e-01
1.469969969969970123e+02 9.322561280229820779e-01
1.471471471471471375e+02 1.005358166428164557e+00
1.472972972972972912e+02 1.071646495303399504e+00
1.474474474474474448e+02 1.114300351402025546e+00
1.475975975975975985e+02 1.124017950686502898e+00
1.477477477477477521e+02 1.112115792971276829e+00
1.478978978978979058e+02 1.092754382017505854e+00
1.480480480480480594e+02 1.063642926206321615e+00
1.481981981981982130e+02 1.026823261210284333e+00
1.483483483483483383e+02 9.847572530305839233e-01
1.484984984984984919e+02 9.399925266796927970e-01
1.486486486486486456e+02 8.947807713243246530e-01
1.487987987987987992e+02 8.507248788973644782e-01
1.489489489489489529e+02 8.085439738129908127e-01
1.490990990990991065e+02 7.680039559884216382e-01
1.492492492492492602e+02 7.280023015743859460e-01
1.493993993993994138e+02 6.867844125216123752e-01
1.495495495495495391e+02 6.422888190509243866e-01
1.496996996996996927e+02 5.925808290679051016e-01
1.498498498498498464e+02 5.362339901640277295e-01
1.500000000000000000e+02 4.725334101275971976e-01
