0.000000000000000000e+00 6.331739024543412420e-01
1.501501501501501523e-01 7.598554398104238050e-01
3.003003003003003046e-01 7.973338937145999505e-01
4.504504504504504570e-01 8.307934636894790392e-01
6.006006006006006093e-01 8.713545676611376134e-01
7.507507507507507061e-01 9.111343227431122349e-01
9.009009009009009139e-01 9.188819448689098390e-01
1.051051051051051122e+00 9.204763388717287498e-01
1.201201201201201219e+00 9.221356788643676472e-01
1.351351351351351315e+00 9.238076681437963344e-01
1.501501501501501412e+00 9.254392282133447889e-01
1.651651651651651731e+00 9.360628574824926273e-01
1.801801801801801828e+00 9.343371046623758502e-01
1.951951951951951925e+00 9.147766161277252062e-01
2.102102102102102243e+00 8.949393128789038254e-01
2.252252252252252340e+00 8.865823295566426232e-01
2.402402402402402437e+00 8.858287635596351350e-01
2.552552552552552534e+00 8.822378919330490232e-01
2.702702702702702631e+00 8.780835698175352144e-01
2.852852852852852727e+00 8.735123612113511182e-01
3.003003003003002824e+00 8.686729730863647081e-01
3.153153153153153365e+00 8.646393663002691632e-01
3.303303303303303462e+00 8.823912706065558664e-01
3.453453453453453559e+00 9.042994988004670054e-01
3.603603603603603656e+00 9.310472543983465687e-01
3.753753753753753752e+00 9.550646993960041353e-01
3.903903903903903849e+00 9.649953674101022782e-01
4.054054054054054390e+00 9.683558533156657600e-01
4.204204204204204487e+00 9.719103349654123480e-01
4.354354354354354584e+00 9.745840670549825724e-01
4.504504504504504681e+00 9.763167434307036263e-01
4.654654654654654777e+00 9.770662001679615294e-01
4.804804804804804874e+00 9.753403182737117039e-01
4.954954954954954971e+00 9.645078299478653250e-01
5.105105105105105068e+00 9.488185012949585939e-01
5.255255255255255165e+00 9.349375490850878601e-01
5.405405405405405261e+00 9.270214885166287999e-01
5.555555555555555358e+00 9.229626656449654298e-01
5.705705705705705455e+00 9.163994451599233315e-01
5.855855855855855552e+00 9.089590540132542751e-01
6.006006006006005649e+00 9.008340195676949325e-01
6.156156156156156634e+00 8.922419211622605317e-01
6.306306306306306730e+00 8.863786018100798803e-01
6.456456456456456827e+00 9.032533737153185527e-01
6.606606606606606924e+00 9.269036721581966898e-01
6.756756756756757021e+00 9.494383115736156897e-01
6.906906906906907118e+00 9.588895123633094375e-01
7.057057057057057214e+00 9.504125189368012316e-01
7.207207207207207311e+00 9.530122074085508599e-01
7.357357357357357408e+00 9.562988474829446917e-01
7.507507507507507505e+00 9.581493085043150115e-01
7.657657657657657602e+00 9.585279610722685639e-01
7.807807807807807698e+00 9.574381336470532133e-01
7.957957957957957795e+00 9.524664567844778329e-01
8.108108108108108780e+00 9.447366576019251561e-01
8.258258258258258877e+00 9.372828631629287477e-01
8.408408408408408974e+00 9.317312364879585251e-01
8.558558558558559071e+00 9.287026903427564317e-01
8.708708708708709167e+00 9.252548917542973150e-01
8.858858858858859264e+00 9.184297517734594241e-01
9.009009009009009361e+00 9.104841854783858324e-01
9.159159159159159458e+00 9.015894649874615085e-01
9.309309309309309555e+00 8.919418248873236532e-01
9.459459459459459651e+00 8.874644475090814888e-01
9.609609609609609748e+00 9.062047399644889145e-01
9.759759759759759845e+00 9.282319205726293765e-01
9.909909909909909942e+00 9.416485485468661931e-01
1.006006006006006004e+01 9.376664869665587432e-01
1.021021021021021014e+01 9.184835625770139123e-01
1.036036036036036023e+01 9.218993161850828066e-01
1.051051051051051033e+01 9.235875395730737125e-01
1.066066066066066043e+01 9.235546470534354846e-01
1.081081081081081052e+01 9.218334068902882539e-01
1.096096096096096062e+01 9.184749558004239312e-01
1.111111111111111072e+01 9.145917806856831422e-01
1.126126126126126081e+01 9.132806102882414789e-01
1.141141141141141091e+01 9.139448352064998282e-01
1.156156156156156101e+01 9.153227497775004995e-01
1.171171171171171110e+01 9.159451611094857615e-01
1.186186186186186120e+01 9.131989851457282814e-01
1.201201201201201130e+01 9.074634477769010221e-01
1.216216216216216317e+01 9.003557918144272643e-01
1.231231231231231327e+01 8.920407531526068912e-01
1.246246246246246336e+01 8.826903712642610866e-01
1.261261261261261346e+01 8.793883605240851997e-01
1.276276276276276356e+01 8.978751303906078451e-01
1.291291291291291365e+01 9.153883107236794325e-01
1.306306306306306375e+01 9.199518117914494697e-01
1.321321321321321385e+01 9.077274622669768700e-01
1.336336336336336394e+01 8.875287846422620364e-01
1.351351351351351404e+01 8.891735119506795071e-01
1.366366366366366414e+01 8.889053407742543156e-01
1.381381381381381424e+01 8.867471560546407172e-01
1.396396396396396433e+01 8.827813781634973322e-01
1.411411411411411443e+01 8.771516059649966390e-01
1.426426426426426453e+01 8.766514835785423898e-01
1.441441441441441462e+01 8.802773110073439655e-01
1.456456456456456472e+01 8.871430032376020902e-01
1.471471471471471482e+01 8.940853615792436759e-01
1.486486486486486491e+01 8.958544349013920494e-01
1.501501501501501501e+01 8.925203386808111539e-01
1.516516516516516511e+01 8.882589040250181700e-01
1.531531531531531520e+01 8.823444040987779013e-01
1.546546546546546530e+01 8.749152059290384864e-01
1.561561561561561540e+01 8.661542129431937243e-01
1.576576576576576549e+01 8.645334305213625559e-01
1.591591591591591559e+01 8.801009054439946633e-01
1.606606606606606746e+01 8.925810701375750389e-01
1.621621621621621756e+01 8.915568165222479413e-01
1.636636636636636766e+01 8.753533597132452382e-01
1.651651651651651775e+01 8.572729017831616227e-01
1.666666666666666785e+01 8.573920547874803733e-01
1.681681681681681795e+01 8.554697402967449404e-01
1.696696696696696804e+01 8.516444007444952113e-01
1.711711711711711814e+01 8.460339915168237912e-01
1.726726726726726824e+01 8.387608403082974506e-01
1.741741741741741833e+01 8.394947982127514141e-01
1.756756756756756843e+01 8.455080758520713280e-01
1.771771771771771853e+01 8.580908969077684079e-01
1.786786786786786863e+01 8.691956475570851159e-01
1.801801801801801872e+01 8.673363915053108331e-01
1.816816816816816882e+01 8.618474683791728097e-01
1.831831831831831892e+01 8.587170366040933756e-01
1.846846846846846901e+01 8.537400423107397440e-01
1.861861861861861911e+01 8.469395089800710874e-01
1.876876876876876921e+01 8.384237837007739724e-01
1.891891891891891930e+01 8.356912640027401862e-01
1.906906906906906940e+01 8.473933727163973639e-01
1.921921921921921950e+01 8.580432175117659321e-01
1.936936936936936959e+01 8.541043833433673571e-01
1.951951951951951969e+01 8.216842932194520222e-01
1.966966966966966979e+01 8.125231854545900134e-01
1.981981981981981988e+01 8.091700964787333916e-01
1.996996996996996998e+01 8.037035260763638611e-01
2.012012012012012008e+01 7.962355088218729948e-01
2.027027027027027017e+01 7.969685146111710194e-01
2.042042042042042027e+01 7.922884448382139233e-01
2.057057057057057037e+01 7.919030798739058463e-01
2.072072072072072046e+01 8.106610383015957488e-01
2.087087087087087056e+01 8.256815954351549580e-01
2.102102102102102066e+01 8.324471556992605326e-01
2.117117117117117076e+01 8.295216545408647946e-01
2.132132132132132085e+01 8.272483079666944628e-01
2.147147147147147095e+01 8.249613963188933141e-01
2.162162162162162105e+01 8.206291099066720385e-01
2.177177177177177114e+01 8.143441081672774251e-01
2.192192192192192124e+01 8.062449712118365808e-01
2.207207207207207134e+01 8.088150053899381131e-01
2.222222222222222143e+01 8.208963229376784465e-01
2.237237237237237153e+01 8.288204734010881092e-01
2.252252252252252163e+01 8.303106223484867376e-01
2.267267267267267172e+01 8.253885617224523408e-01
2.282282282282282182e+01 8.184809592356347974e-01
2.297297297297297192e+01 8.145111363828677620e-01
2.312312312312312201e+01 8.084579247018279791e-01
2.327327327327327211e+01 8.004545063942799521e-01
2.342342342342342221e+01 7.906747976048555948e-01
2.357357357357357230e+01 7.814116627061878928e-01
2.372372372372372240e+01 7.995207435341887825e-01
2.387387387387387250e+01 8.180634145735216078e-01
2.402402402402402259e+01 8.308192127498470470e-01
2.417417417417417624e+01 8.342783978608048212e-01
2.432432432432432634e+01 8.280385957299277733e-01
2.447447447447447644e+01 8.260845466426685046e-01
2.462462462462462653e+01 8.237004331946788938e-01
2.477477477477477663e+01 8.192322378267451466e-01
2.492492492492492673e+01 8.127719993407007681e-01
2.507507507507507682e+01 8.044472626321063080e-01
2.522522522522522692e+01 8.078352853675159206e-01
2.537537537537537702e+01 8.197160603562331227e-01
2.552552552552552712e+01 8.285880076290160767e-01
2.567567567567567721e+01 8.317303723907529811e-01
2.582582582582582731e+01 8.285131002622613261e-01
2.597597597597597741e+01 8.229841939305467813e-01
2.612612612612612750e+01 8.189880456857724367e-01
2.627627627627627760e+01 8.129451231820985502e-01
2.642642642642642770e+01 8.049742089548260759e-01
2.657657657657657779e+01 7.952397580845588232e-01
2.672672672672672789e+01 7.883531015583621349e-01
2.687687687687687799e+01 8.066547959907169885e-01
2.702702702702702808e+01 8.236526283106997415e-01
2.717717717717717818e+01 8.338147030609750487e-01
2.732732732732732828e+01 8.344660082961194991e-01
2.747747747747747837e+01 8.261127551385331058e-01
2.762762762762762847e+01 8.244684437362310714e-01
2.777777777777777857e+01 8.215828752647446054e-01
2.792792792792792866e+01 8.165874614977272072e-01
2.807807807807807876e+01 8.095975176414215158e-01
2.822822822822822886e+01 8.007641785479916452e-01
2.837837837837837895e+01 8.057720583961547334e-01
2.852852852852852905e+01 8.186516774031011856e-01
2.867867867867867915e+01 8.288457772667576773e-01
2.882882882882882924e+01 8.331953572566695998e-01
2.897897897897897934e+01 8.306894616831554945e-01
2.912912912912912944e+01 8.258959834418585499e-01
2.927927927927927954e+01 8.221497255637461032e-01
2.942942942942942963e+01 8.163618324942260029e-01
2.957957957957957973e+01 8.086596012240405695e-01
2.972972972972972983e+01 7.992000433404473636e-01
2.987987987987987992e+01 7.945522801052238293e-01
3.003003003003003002e+01 8.120518171298560794e-01
3.018018018018018012e+01 8.271195693930224468e-01
3.033033033033033021e+01 8.350747343678666113e-01
3.048048048048048031e+01 8.338824956052944826e-01
3.063063063063063041e+01 8.246034706256449853e-01
3.078078078078078050e+01 8.232448416209908748e-01
3.093093093093093060e+01 8.197237793894008862e-01
3.108108108108108070e+01 8.141119606472708714e-01
3.123123123123123079e+01 8.065210361443979625e-01
3.138138138138138089e+01 7.971112522552832313e-01
3.153153153153153099e+01 8.044599695088328062e-01
3.168168168168168108e+01 8.185934496002587046e-01
3.183183183183183118e+01 8.298047698568868924e-01
3.198198198198198128e+01 8.345535934628681707e-01
3.213213213213213493e+01 8.317831775972187591e-01
3.228228228228228147e+01 8.273142525214992604e-01
3.243243243243243512e+01 8.238834581295256809e-01
3.258258258258258167e+01 8.183919641738165440e-01
3.273273273273273531e+01 8.109595939375878748e-01
3.288288288288288186e+01 8.017510351235522803e-01
3.303303303303303551e+01 7.991789342149066000e-01
3.318318318318318205e+01 8.155262601097920117e-01
3.333333333333333570e+01 8.290215504414040204e-01
3.348348348348348225e+01 8.354377057184274591e-01
3.363363363363363590e+01 8.332701165835060264e-01
3.378378378378378244e+01 8.246916908795004497e-01
3.393393393393393609e+01 8.227286154757766923e-01
3.408408408408408263e+01 8.186072778589477128e-01
3.423423423423423628e+01 8.124264742484991197e-01
3.438438438438438283e+01 8.043185403612863604e-01
3.453453453453453648e+01 7.944467352219362066e-01
3.468468468468468302e+01 8.044808648296446485e-01
3.483483483483483667e+01 8.195892826540543963e-01
3.498498498498498321e+01 8.310712861677270746e-01
3.513513513513513686e+01 8.354548445852987282e-01
3.528528528528528341e+01 8.317905079275701441e-01
3.543543543543543706e+01 8.276209622464155702e-01
3.558558558558558360e+01 8.243769239992759790e-01
3.573573573573573725e+01 8.190739134167178692e-01
3.588588588588588379e+01 8.118178792347319206e-01
3.603603603603603744e+01 8.027554333850862589e-01
3.618618618618618399e+01 8.019465510510213058e-01
3.633633633633633764e+01 8.173300491968447101e-01
3.648648648648648418e+01 8.298068257420446736e-01
3.663663663663663783e+01 8.354505389602360221e-01
3.678678678678678438e+01 8.329228480868619000e-01
3.693693693693693803e+01 8.251851866301096461e-01
3.708708708708708457e+01 8.227806868109148741e-01
3.723723723723723822e+01 8.182368851297993073e-01
3.738738738738738476e+01 8.116474628027150473e-01
3.753753753753753841e+01 8.031556877358699831e-01
3.768768768768768496e+01 7.929484414522157687e-01
3.783783783783783861e+01 8.057533925942147457e-01
3.798798798798798515e+01 8.213176711041257905e-01
3.813813813813813880e+01 8.324544744622484060e-01
3.828828828828828534e+01 8.358882170331183303e-01
3.843843843843843899e+01 8.310656710270685199e-01
3.858858858858859264e+01 8.272627514588954956e-01
3.873873873873873919e+01 8.240433009884837734e-01
3.888888888888889284e+01 8.187472848408212656e-01
3.903903903903903938e+01 8.114959302419817444e-01
3.918918918918919303e+01 8.024418761871650041e-01
3.933933933933933957e+01 8.032882914058220303e-01
3.948948948948949322e+01 8.181714618703913589e-01
3.963963963963963977e+01 8.300838159286552109e-01
3.978978978978979342e+01 8.353606916056000031e-01
3.993993993993993996e+01 8.327353841096428733e-01
4.009009009009009361e+01 8.258421183725815906e-01
4.024024024024024015e+01 8.231357795720923853e-01
4.039039039039039380e+01 8.183177731576078973e-01
4.054054054054054035e+01 8.114903804833114576e-01
4.069069069069069400e+01 8.027889141346405966e-01
4.084084084084084054e+01 7.924108504908388140e-01
4.099099099099099419e+01 8.077061288464827404e-01
4.114114114114114074e+01 8.231607754156583523e-01
4.129129129129129439e+01 8.335857180363521746e-01
4.144144144144144093e+01 8.359254371350366419e-01
4.159159159159159458e+01 8.300156702135488285e-01
4.174174174174174112e+01 8.265979429804222178e-01
4.189189189189189477e+01 8.232741315622228440e-01
4.204204204204204132e+01 8.178670009750690362e-01
4.219219219219219497e+01 8.104894377516886905e-01
4.234234234234234151e+01 8.013029254474238749e-01
4.249249249249249516e+01 8.039012053504900335e-01
4.264264264264264170e+01 8.186430427667843457e-01
4.279279279279279535e+01 8.303944491300903064e-01
4.294294294294294190e+01 8.354539749777951663e-01
4.309309309309309555e+01 8.326890109149002184e-01
4.324324324324324209e+01 8.264188629162950717e-01
4.339339339339339574e+01 8.235575379758288683e-01
4.354354354354354228e+01 8.185824925696042476e-01
4.369369369369369593e+01 8.116080929908711106e-01
4.384384384384384248e+01 8.027882005606087334e-01
4.399399399399399613e+01 7.942352317973123688e-01
4.414414414414414267e+01 8.098481657936408284e-01
4.429429429429429632e+01 8.248866269351270430e-01
4.444444444444444287e+01 8.343452234797131828e-01
4.459459459459459651e+01 8.356103475045483231e-01
4.474474474474474306e+01 8.288034471300358419e-01
4.489489489489489671e+01 8.259231957636000709e-01
4.504504504504504325e+01 8.223756174608761738e-01
4.519519519519519690e+01 8.167611640253357175e-01
4.534534534534534345e+01 8.091955240460594334e-01
4.549549549549549710e+01 7.998293577210434657e-01
4.564564564564564364e+01 8.042563216106329849e-01
4.579579579579579729e+01 8.190898460366601297e-01
4.594594594594594383e+01 8.307507108006093599e-01
4.609609609609609748e+01 8.356202979360942695e-01
4.624624624624624403e+01 8.325710876694042417e-01
4.639639639639639768e+01 8.267747121939977850e-01
4.654654654654654422e+01 8.238252622736615960e-01
4.669669669669669787e+01 8.187798744151399966e-01
4.684684684684684441e+01 8.117388199524571135e-01
4.699699699699699806e+01 8.028491041105529913e-01
4.714714714714714461e+01 7.962189276868424370e-01
4.729729729729729826e+01 8.118268407204319859e-01
4.744744744744744480e+01 8.263299930643999147e-01
4.759759759759759845e+01 8.349104638889625063e-01
4.774774774774774500e+01 8.352328897563949806e-01
4.789789789789789864e+01 8.277734519696331450e-01
4.804804804804804519e+01 8.253799726612940368e-01
4.819819819819819884e+01 8.215847969823446562e-01
4.834834834834835249e+01 8.157175456423133575e-01
4.849849849849849903e+01 8.079109746654191682e-01
4.864864864864865268e+01 7.983347130657444390e-01
4.879879879879879923e+01 8.047815935096900297e-01
4.894894894894895288e+01 8.198233821224120144e-01
4.909909909909909942e+01 8.313128978662367441e-01
4.924924924924925307e+01 8.357746984207399255e-01
4.939939939939939961e+01 8.322490683476548856e-01
4.954954954954955326e+01 8.269117938895536035e-01
4.969969969969969981e+01 8.238772967679027781e-01
4.984984984984985346e+01 8.187530375912561720e-01
5.000000000000000000e+01 8.116532441510970752e-01
5.015015015015015365e+01 8.027221937245145877e-01
5.030030030030030019e+01 7.979249118129256857e-01
5.045045045045045384e+01 8.134591336437507758e-01
5.060060060060060039e+01 8.273628208574606013e-01
5.075075075075075404e+01 8.351802768774349017e-01
5.090090090090090058e+01 8.347846679111650126e-01
5.105105105105105423e+01 8.268863990854503632e-01
5.120120120120120077e+01 8.249857196024519279e-01
5.135135135135135442e+01 8.209492478980258134e-01
5.150150150150150097e+01 8.148590865248938053e-01
5.165165165165165462e+01 8.068366495682279815e-01
5.180180180180180116e+01 7.970513887079347937e-01
5.195195195195195481e+01 8.056219403033217930e-01
5.210210210210210136e+01 8.207694592754070095e-01
5.225225225225225500e+01 8.320291317774319850e-01
5.240240240240240155e+01 8.359475693975064736e-01
5.255255255255255520e+01 8.318048473981410895e-01
5.270270270270270174e+01 8.268334744608778486e-01
5.285285285285285539e+01 8.237230893154849909e-01
5.300300300300300194e+01 8.185150275634146544e-01
5.315315315315315559e+01 8.113237571484686050e-01
5.330330330330330213e+01 8.023092328902030612e-01
5.345345345345345578e+01 7.994205122303686961e-01
5.360360360360360232e+01 8.148320661902110906e-01
5.375375375375375597e+01 8.282623811384534074e-01
5.390390390390390252e+01 8.353731709863989607e-01
5.405405405405405617e+01 8.343570506192538039e-01
5.420420420420420271e+01 8.268764094906054796e-01
5.435435435435435636e+01 8.247424542627722621e-01
5.450450450450450290e+01 8.204697635470739048e-01
5.465465465465465655e+01 8.141605708134056485e-01
5.480480480480480310e+01 8.059505181931312379e-01
5.495495495495495675e+01 7.960056822319044878e-01
5.510510510510510329e+01 8.067049888292027182e-01
5.525525525525525694e+01 8.218504119522599405e-01
5.540540540540540349e+01 8.326639824054580252e-01
5.555555555555555713e+01 8.359519929283376616e-01
5.570570570570570368e+01 8.311418685649156757e-01
5.585585585585585733e+01 8.266197018240891703e-01
5.600600600600600387e+01 8.233865808044099621e-01
5.615615615615615752e+01 8.180741471806224352e-01
5.630630630630630407e+01 8.107883682274877879e-01
5.645645645645645772e+01 8.016763309932175563e-01
5.660660660660660426e+01 8.006181855016182292e-01
5.675675675675675791e+01 8.159312210105547081e-01
5.690690690690690445e+01 8.289749697274976237e-01
5.705705705705705810e+01 8.355617323319696199e-01
5.720720720720720465e+01 8.340091610432456282e-01
5.735735735735735830e+01 8.269016265293512857e-01
5.750750750750750484e+01 8.245809798527837797e-01
5.765765765765765849e+01 8.201302182942548091e-01
5.780780780780781214e+01 8.136415595090426001e-01
5.795795795795795868e+01 8.052565110471323617e-01
5.810810810810811233e+01 7.951599791953970486e-01
5.825825825825825888e+01 8.080270444894123161e-01
5.840840840840841253e+01 8.230746196714112672e-01
5.855855855855855907e+01 8.333475625104000972e-01
5.870870870870871272e+01 8.358754208201067959e-01
5.885885885885885926e+01 8.303836480162216649e-01
5.900900900900901291e+01 8.263476125847601939e-01
5.915915915915915946e+01 8.229603438683860128e-01
5.930930930930931311e+01 8.174906896098583786e-01
5.945945945945945965e+01 8.100633248339823567e-01
5.960960960960961330e+01 8.008347717407539035e-01
5.975975975975975985e+01 8.016267514989414700e-01
5.990990990990991349e+01 8.169461196623721833e-01
6.006006006006006004e+01 8.296016500042412423e-01
6.021021021021021369e+01 8.356572386667483476e-01
6.036036036036036023e+01 8.335981840038181323e-01
6.051051051051051388e+01 8.269345956883281668e-01
6.066066066066066043e+01 8.244311738441825188e-01
6.081081081081081408e+01 8.198156321343129660e-01
6.096096096096096062e+01 8.131864800450632202e-01
6.111111111111111427e+01 8.046752343793438511e-01
6.126126126126126081e+01 7.944860846607771920e-01
6.141141141141141446e+01 8.093963243912205563e-01
6.156156156156156101e+01 8.241861122247479132e-01
6.171171171171171466e+01 8.339084332424896440e-01
6.186186186186186120e+01 8.357256932628590596e-01
6.201201201201201485e+01 8.296187769075218377e-01
6.216216216216216139e+01 8.260400479970525511e-01
6.231231231231231504e+01 8.224952106215587255e-01
6.246246246246246159e+01 8.168715827968575649e-01
6.261261261261261524e+01 8.092858465459961126e-01
6.276276276276276178e+01 7.999034485270942740e-01
6.291291291291291543e+01 8.026470934755152165e-01
6.306306306306306197e+01 8.179633852986829545e-01
6.321321321321321562e+01 8.303202777330227491e-01
6.336336336336336217e+01 8.358186965225001819e-01
6.351351351351351582e+01 8.332057201501004151e-01
6.366366366366366236e+01 8.269237540752609750e-01
6.381381381381381601e+01 8.242741027034456991e-01
6.396396396396396256e+01 8.195045191825736097e-01
6.411411411411411621e+01 8.127253713398694401e-01
6.426426426426426985e+01 8.040865616989359976e-01
6.441441441441440929e+01 7.956632725014566310e-01
6.456456456456456294e+01 8.107631175137693935e-01
6.471471471471471659e+01 8.252626677383460008e-01
6.486486486486487024e+01 8.343287653516487934e-01
6.501501501501500968e+01 8.354477629603676014e-01
6.516516516516516333e+01 8.287645731995657572e-01
6.531531531531531698e+01 8.257620502828324494e-01
6.546546546546547063e+01 8.220252904436829988e-01
6.561561561561561007e+01 8.162300438698347760e-01
6.576576576576576372e+01 8.084958626028128092e-01
6.591591591591591737e+01 7.989769710073625353e-01
6.606606606606607102e+01 8.036575571521759054e-01
6.621621621621621046e+01 8.189596511769455800e-01
6.636636636636636410e+01 8.309506829419128771e-01
6.651651651651651775e+01 8.359263877185024727e-01
6.666666666666667140e+01 8.327464439708890387e-01
6.681681681681681084e+01 8.268397320421358998e-01
6.696696696696696449e+01 8.240459645841993197e-01
6.711711711711711814e+01 8.191482194488434176e-01
6.726726726726727179e+01 8.122438886005416414e-01
6.741741741741742544e+01 8.034771540096289355e-01
6.756756756756756488e+01 7.968754389709202801e-01
6.771771771771771853e+01 8.120644347308131339e-01
6.786786786786787218e+01 8.262735929734462692e-01
6.801801801801802583e+01 8.347609003279096163e-01
6.816816816816816527e+01 8.351944091263208136e-01
6.831831831831831892e+01 8.279981856994015343e-01
6.846846846846847257e+01 8.255189916087654067e-01
6.861861861861862621e+01 8.216072236095238734e-01
6.876876876876876565e+01 8.156315727724321452e-01
6.891891891891891930e+01 8.077269223482401728e-01
6.906906906906907295e+01 7.980651747772571358e-01
6.921921921921922660e+01 8.047548575906386947e-01
6.936936936936936604e+01 8.200537339024691619e-01
6.951951951951951969e+01 8.316123072367167524e-01
6.966966966966967334e+01 8.359570100141968663e-01
6.981981981981982699e+01 8.321814192372127827e-01
6.996996996996996643e+01 8.267310539955269322e-01
7.012012012012012008e+01 8.237756678363835627e-01
7.027027027027027373e+01 8.187236926028724771e-01
7.042042042042042738e+01 8.116879778138349488e-01
7.057057057057056682e+01 8.028114640030292737e-01
7.072072072072072046e+01 7.979870598847401686e-01
7.087087087087087411e+01 8.132897486939653087e-01
7.102102102102102776e+01 8.271282396120896996e-01
7.117117117117116720e+01 8.350444319011294247e-01
7.132132132132132085e+01 8.348630057854842246e-01
7.147147147147147450e+01 8.272161253558582006e-01
7.162162162162162815e+01 8.252671217416691629e-01
7.177177177177176759e+01 8.211871155913582632e-01
7.192192192192192124e+01 8.150592327747357979e-01
7.207207207207207489e+01 8.070056048102522972e-01
7.222222222222222854e+01 7.971962934485838925e-01
7.237237237237236798e+01 8.059240489305586896e-01
7.252252252252252163e+01 8.211263857259629706e-01
7.267267267267267528e+01 8.322880635890687051e-01
7.282282282282282893e+01 8.360044380489709548e-01
7.297297297297296836e+01 8.316285382436409135e-01
7.312312312312312201e+01 8.265733524736186277e-01
7.327327327327327566e+01 8.234764398637072214e-01
7.342342342342342931e+01 8.182779467254794881e-01
7.357357357357356875e+01 8.110919205806531584e-01
7.372372372372372240e+01 8.020780057583561939e-01
7.387387387387387605e+01 7.991398667564237890e-01
7.402402402402402970e+01 8.145004737919241400e-01
7.417417417417416914e+01 8.280183625027220939e-01
7.432432432432432279e+01 8.353074751903876161e-01
7.447447447447447644e+01 8.344960647170488466e-01
7.462462462462463009e+01 8.271742906300405540e-01
7.477477477477476953e+01 8.250483048129889641e-01
7.492492492492492318e+01 8.207861117729718936e-01
7.507507507507507682e+01 8.144897875721150982e-01
7.522522522522523047e+01 8.062948705238278668e-01
7.537537537537536991e+01 7.963672615275876332e-01
7.552552552552552356e+01 8.071171992128346462e-01
7.567567567567567721e+01 8.221819177545524049e-01
7.582582582582583086e+01 8.328277257964129543e-01
7.597597597597597030e+01 8.359222424231625981e-01
7.612612612612612395e+01 8.309560008008766152e-01
7.627627627627627760e+01 8.263833744682189675e-01
7.642642642642643125e+01 8.231212393034932351e-01
7.657657657657657069e+01 8.177786530021197153e-01
7.672672672672672434e+01 8.104621259537169164e-01
7.687687687687687799e+01 8.013191355485071998e-01
7.702702702702703164e+01 8.002481358375972409e-01
7.717717717717718529e+01 8.156290709720173115e-01
7.732732732732732472e+01 8.288156225091133367e-01
7.747747747747747837e+01 8.355667691764101512e-01
7.762762762762763202e+01 8.341453967666092595e-01
7.777777777777778567e+01 8.271051862848022296e-01
7.792792792792792511e+01 8.248213720797771265e-01
7.807807807807807876e+01 8.204080561281055228e-01
7.822822822822823241e+01 8.139566903778865381e-01
7.837837837837838606e+01 8.056079464169396687e-01
7.852852852852852550e+01 7.955460256463330326e-01
7.867867867867867915e+01 8.083718276472464659e-01
7.882882882882883280e+01 8.232901229049878200e-01
7.897897897897898645e+01 8.334115587439598904e-01
7.912912912912912589e+01 8.358143177409792512e-01
7.927927927927927954e+01 8.302606250969443158e-01
7.942942942942943318e+01 8.261929392765171576e-01
7.957957957957958683e+01 8.227619351684225535e-01
7.972972972972972627e+01 8.172489536283863432e-01
7.987987987987987992e+01 8.097796614498505852e-01
8.003003003003003357e+01 8.005116134039267362e-01
8.018018018018018722e+01 8.013269354285387225e-01
8.033033033033032666e+01 8.167582829699270297e-01
8.048048048048048031e+01 8.295419111830881764e-01
8.063063063063063396e+01 8.357002686336562070e-01
8.078078078078078761e+01 8.336899149467776882e-01
8.093093093093092705e+01 8.270330672508118264e-01
8.108108108108108070e+01 8.245719906676697297e-01
8.123123123123123435e+01 8.199979204421117274e-01
8.138138138138138800e+01 8.134085774982635630e-01
8.153153153153152743e+01 8.049347506932567065e-01
8.168168168168168108e+01 7.947916976477984452e-01
8.183183183183183473e+01 8.096048675450444598e-01
8.198198198198198838e+01 8.242777347751567563e-01
8.213213213213212782e+01 8.339028806494849233e-01
8.228228228228228147e+01 8.356704876698334283e-01
8.243243243243243512e+01 8.295723145866741310e-01
8.258258258258258877e+01 8.259759525816741110e-01
8.273273273273272821e+01 8.223905850351621583e-01
8.288288288288288186e+01 8.167279995765812650e-01
8.303303303303303551e+01 8.091054393778149834e-01
8.318318318318318916e+01 7.996893662829347438e-01
8.333333333333332860e+01 8.024809468392213319e-01
8.348348348348348225e+01 8.178988134050902969e-01
8.363363363363363590e+01 8.303358069024375787e-01
8.378378378378378954e+01 8.358698125154054859e-01
8.393393393393392898e+01 8.332416091854213391e-01
8.408408408408408263e+01 8.269370696786123576e-01
8.423423423423423628e+01 8.243212916487262509e-01
8.438438438438438993e+01 8.195839967513017799e-01
8.453453453453452937e+01 8.128350143511028358e-01
8.468468468468468302e+01 8.042237556179024915e-01
8.483483483483483667e+01 7.958277138934385375e-01
8.498498498498499032e+01 8.108366201699687137e-01
8.513513513513512976e+01 8.252627942988488563e-01
8.528528528528528341e+01 8.342927872087489982e-01
8.543543543543543706e+01 8.354200501145890856e-01
8.558558558558559071e+01 8.287831170232036193e-01
8.573573573573573015e+01 8.257690796754558749e-01
8.588588588588588379e+01 8.220044253133391710e-01
8.603603603603603744e+01 8.161831035079333274e-01
8.618618618618619109e+01 8.084253508500429675e-01
8.633633633633633053e+01 7.988857769950178378e-01
8.648648648648648418e+01 8.036222560132448844e-01
8.663663663663663783e+01 8.189872858938211930e-01
8.678678678678679148e+01 8.310026150660605460e-01
8.693693693693694513e+01 8.359618209930684829e-01
8.708708708708708457e+01 8.327335166693331514e-01
8.723723723723723822e+01 8.268010773270507707e-01
8.738738738738739187e+01 8.240257901086663894e-01
8.753753753753754552e+01 8.191452073653178179e-01
8.768768768768768496e+01 8.122563849824850912e-01
8.783783783783783861e+01 8.035031266609973244e-01
8.798798798798799226e+01 7.969164949930218622e-01
8.813813813813814591e+01 8.120486716993056131e-01
8.828828828828828534e+01 8.262303448247134696e-01
8.843843843843843899e+01 8.347248398529896196e-01
8.858858858858859264e+01 8.351932586697434768e-01
8.873873873873874629e+01 8.280468344009199733e-01
8.888888888888888573e+01 8.255666616027949045e-01
8.903903903903903938e+01 8.216413570578489090e-01
8.918918918918919303e+01 8.156534223345340839e-01
8.933933933933934668e+01 8.077379549958129124e-01
8.948948948948948612e+01 7.980673145494003862e-01
8.963963963963963977e+01 8.048044865934529390e-01
8.978978978978979342e+01 8.201265969259419197e-01
8.993993993993994707e+01 8.316708478754119005e-01
9.009009009009008651e+01 8.359725417705060613e-01
9.024024024024024015e+01 8.321418089636414273e-01
9.039039039039039380e+01 8.266701430275898987e-01
9.054054054054054745e+01 8.237201959940595453e-01
9.069069069069068689e+01 8.186725956234266466e-01
9.084084084084084054e+01 8.116401097859825553e-01
9.099099099099099419e+01 8.027656777593512594e-01
9.114114114114114784e+01 7.979501813689872103e-01
9.129129129129128728e+01 8.132305910126614856e-01
9.144144144144144093e+01 8.270752076107749096e-01
9.159159159159159458e+01 8.350204763211455106e-01
9.174174174174174823e+01 8.348799102209171208e-01
9.189189189189188767e+01 8.272780115242580612e-01
9.204204204204204132e+01 8.253260370478030516e-01
9.219219219219219497e+01 8.212438440571655507e-01
9.234234234234234862e+01 8.151147102450684301e-01
9.249249249249248805e+01 8.070607552587815148e-01
9.264264264264264170e+01 7.972519477535948695e-01
9.279279279279279535e+01 8.060031548251808120e-01
9.294294294294294900e+01 8.211991699571963288e-01
9.309309309309308844e+01 8.323298272135108977e-01
9.324324324324324209e+01 8.360029547729922461e-01
9.339339339339339574e+01 8.315861074721054846e-01
9.354354354354354939e+01 8.265174240615837942e-01
9.369369369369368883e+01 8.234172968646940038e-01
9.384384384384384248e+01 8.182148881118769257e-01
9.399399399399399613e+01 8.110244034810648595e-01
9.414414414414414978e+01 8.020058259214002394e-01
9.429429429429428922e+01 7.990677077991062971e-01
9.444444444444444287e+01 8.144328065935778627e-01
9.459459459459459651e+01 8.279760085605704090e-01
9.474474474474475016e+01 8.352997196310084638e-01
9.489489489489488960e+01 8.345207717620498622e-01
9.504504504504504325e+01 8.272225842908433879e-01
9.519519519519519690e+01 8.251017731108928333e-01
9.534534534534535055e+01 8.208449809660709473e-01
9.549549549549548999e+01 8.145542443480333628e-01
9.564564564564564364e+01 8.063650640344574017e-01
9.579579579579579729e+01 7.964432740843240266e-01
9.594594594594595094e+01 8.072017350772524580e-01
9.609609609609609038e+01 8.222418057974265615e-01
9.624624624624624403e+01 8.328507326304410707e-01
9.639639639639639768e+01 8.359092604899195367e-01
9.654654654654655133e+01 8.309190187652225612e-01
9.669669669669670498e+01 8.263418328487626141e-01
9.684684684684684441e+01 8.230702686364755882e-01
9.699699699699699806e+01 8.177183530960594471e-01
9.714714714714715171e+01 8.103928366892142465e-01
9.729729729729730536e+01 8.012412867952243278e-01
9.744744744744744480e+01 8.001837927125755590e-01
9.759759759759759845e+01 8.155852570477890584e-01
9.774774774774775210e+01 8.287975337472024417e-01
9.789789789789790575e+01 8.355717138063611937e-01
9.804804804804804519e+01 8.341632974805720524e-01
9.819819819819819884e+01 8.271267098846954990e-01
9.834834834834835249e+01 8.248509669234752595e-01
9.849849849849850614e+01 8.204457126178251736e-01
9.864864864864864558e+01 8.140021743729655146e-01
9.879879879879879923e+01 8.056607714464797398e-01
9.894894894894895288e+01 7.956055777354320568e-01
9.909909909909910652e+01 8.084264407422675491e-01
9.924924924924924596e+01 8.233186238766984077e-01
9.939939939939939961e+01 8.334150440430925233e-01
9.954954954954955326e+01 8.358010017144870130e-01
9.969969969969970691e+01 8.302436474764821606e-01
9.984984984984984635e+01 8.261766752211462395e-01
1.000000000000000000e+02 8.227359186040773542e-01
1.001501501501501536e+02 8.172134520556422199e-01
1.003003003003003073e+02 8.097351664731647913e-01
1.004504504504504467e+02 8.004589481674790896e-01
1.006006006006006004e+02 8.012910690897270261e-01
1.007507507507507540e+02 8.167453746572054252e-01
1.009009009009009077e+02 8.295461132978724228e-01
1.010510510510510471e+02 8.357109710095964594e-01
1.012012012012012008e+02 8.336960224162296429e-01
1.013513513513513544e+02 8.270351809318172709e-01
1.015015015015015081e+02 8.245810280544948467e-01
1.016516516516516475e+02 8.200135337797572754e-01
1.018018018018018012e+02 8.134304109432548557e-01
1.019519519519519548e+02 8.049623395391534153e-01
1.021021021021021085e+02 7.948344165725447219e-01
1.022522522522522479e+02 8.096285263706735069e-01
1.024024024024024015e+02 8.242829061314743688e-01
1.025525525525525552e+02 8.338963422718767005e-01
1.027027027027027088e+02 8.356619797987298037e-01
1.028528528528528483e+02 8.295709683697923831e-01
1.030030030030030019e+02 8.259767974234771826e-01
1.031531531531531556e+02 8.223841230898381038e-01
1.033033033033033092e+02 8.167148271781795588e-01
1.034534534534534487e+02 8.090862966021564739e-01
1.036036036036036023e+02 7.996648362006268940e-01
1.037537537537537560e+02 8.024769246625669261e-01
1.039039039039039096e+02 8.179094987792482341e-01
1.040540540540540491e+02 8.303512042053404762e-01
1.042042042042042027e+02 8.358793255275440703e-01
1.043543543543543564e+02 8.332374805730381473e-01
1.045045045045045100e+02 8.269282619794573463e-01
1.046546546546546494e+02 8.243158513497998996e-01
1.048048048048048031e+02 8.195816806033532353e-01
1.049549549549549567e+02 8.128354730019847763e-01
1.051051051051051104e+02 8.042265588823357403e-01
1.052552552552552498e+02 7.958418213054111456e-01
1.054054054054054035e+02 8.108389293883713211e-01
1.055555555555555571e+02 8.252579649219174973e-01
1.057057057057057108e+02 8.342865038843844117e-01
1.058558558558558644e+02 8.354181173602824861e-01
1.060060060060060039e+02 8.287894721972532963e-01
1.061561561561561575e+02 8.257778146516058237e-01
1.063063063063063112e+02 8.220096182763851900e-01
1.064564564564564648e+02 8.161850481365174881e-01
1.066066066066066043e+02 8.084245182099212279e-01
1.067567567567567579e+02 7.988827039367438765e-01
1.069069069069069116e+02 8.036334572110126473e-01
1.070570570570570652e+02 8.190043303791402218e-01
1.072072072072072046e+02 8.310165027297811147e-01
1.073573573573573583e+02 8.359663095299260105e-01
1.075075075075075119e+02 8.327255576545048443e-01
1.076576576576576656e+02 8.267948759574926809e-01
1.078078078078078050e+02 8.240195430267330812e-01
1.079579579579579587e+02 8.191389595237413834e-01
1.081081081081081123e+02 8.122501228141230101e-01
1.082582582582582660e+02 8.034967138728116298e-01
1.084084084084084054e+02 7.969248750259209091e-01
1.085585585585585591e+02 8.120536508112108365e-01
1.087087087087087127e+02 8.262320187140198557e-01
1.088588588588588664e+02 8.347247982565484392e-01
1.090090090090090058e+02 8.351927895639876809e-01
1.091591591591591595e+02 8.280476997137630191e-01
1.093093093093093131e+02 8.255637690585524435e-01
1.094594594594594668e+02 8.216376633582922473e-01
1.096096096096096062e+02 8.156489684679305574e-01
1.097597597597597598e+02 8.077327525601561975e-01
1.099099099099099135e+02 7.980613606348683220e-01
1.100600600600600671e+02 8.048086787907672290e-01
1.102102102102102066e+02 8.201304547979291204e-01
1.103603603603603602e+02 8.316734333517594724e-01
1.105105105105105139e+02 8.359730581151120221e-01
1.106606606606606675e+02 8.321405994112717197e-01
1.108108108108108070e+02 8.266723533457116524e-01
1.109609609609609606e+02 8.237215506639569140e-01
1.111111111111111143e+02 8.186730985407328909e-01
1.112612612612612679e+02 8.116398203225285712e-01
1.114114114114114074e+02 8.027647626441162254e-01
1.115615615615615610e+02 7.979543702414028106e-01
1.117117117117117147e+02 8.132365657454369012e-01
1.118618618618618683e+02 8.270801213462541934e-01
1.120120120120120077e+02 8.350224718048834260e-01
1.121621621621621614e+02 8.348785208187496920e-01
1.123123123123123150e+02 8.272784036203724156e-01
1.124624624624624687e+02 8.253258671415580894e-01
1.126126126126126081e+02 8.212429654116994993e-01
1.127627627627627618e+02 8.151131672644763571e-01
1.129129129129129154e+02 8.070586754973775312e-01
1.130630630630630691e+02 7.972494673264873821e-01
1.132132132132132085e+02 8.060168568815058165e-01
1.133633633633633622e+02 8.212094761810305732e-01
1.135135135135135158e+02 8.323345026160412496e-01
1.136636636636636695e+02 8.360017506101117268e-01
1.138138138138138089e+02 8.315803172984631564e-01
1.139639639639639626e+02 8.265129748659947317e-01
1.141141141141141162e+02 8.234110821818177994e-01
1.142642642642642699e+02 8.182071216756392484e-01
1.144144144144144093e+02 8.110151365243855048e-01
1.145645645645645629e+02 8.019949590468683498e-01
1.147147147147147166e+02 7.990711329341871894e-01
1.148648648648648702e+02 8.144376694347231771e-01
1.150150150150150097e+02 8.279805197473563139e-01
1.151651651651651633e+02 8.353018653988876219e-01
1.153153153153153170e+02 8.345195977958620448e-01
1.154654654654654706e+02 8.272226138067511059e-01
1.156156156156156243e+02 8.251014092308147641e-01
1.157657657657657637e+02 8.208442690135808739e-01
1.159159159159159174e+02 8.145530852207665262e-01
1.160660660660660710e+02 8.063633857589993514e-01
1.162162162162162247e+02 7.964411515091459615e-01
1.163663663663663641e+02 8.072112701145417457e-01
1.165165165165165178e+02 8.222491256577026952e-01
1.166666666666666714e+02 8.328537842597223406e-01
1.168168168168168251e+02 8.359080552541876541e-01
1.169669669669669645e+02 8.309147421175695492e-01
1.171171171171171181e+02 8.263410957257532052e-01
1.172672672672672718e+02 8.230679615891668410e-01
1.174174174174174254e+02 8.177145345730828518e-01
1.175675675675675649e+02 8.103877083177039031e-01
1.177177177177177185e+02 8.012350621990926847e-01
1.178678678678678722e+02 8.001885611910541929e-01
1.180180180180180258e+02 8.155916602818826799e-01
1.181681681681681653e+02 8.288024975874904721e-01
1.183183183183183189e+02 8.355737799367600749e-01
1.184684684684684726e+02 8.341614203451953591e-01
1.186186186186186262e+02 8.271263677882815246e-01
1.187687687687687657e+02 8.248499848619957886e-01
1.189189189189189193e+02 8.204442802164617632e-01
1.190690690690690730e+02 8.140002914185529015e-01
1.192192192192192266e+02 8.056583375383618018e-01
1.193693693693693660e+02 7.956025193768860859e-01
1.195195195195195197e+02 8.084305274921769202e-01
1.196696696696696733e+02 8.233222413463523459e-01
1.198198198198198270e+02 8.334174780961787210e-01
1.199699699699699664e+02 8.358013971647901830e-01
1.201201201201201201e+02 8.302423268337936202e-01
1.202702702702702737e+02 8.261762077336146648e-01
1.204204204204204274e+02 8.227350788129262904e-01
1.205705705705705668e+02 8.172122476542735825e-01
1.207207207207207205e+02 8.097335976552002546e-01
1.208708708708708741e+02 8.004570063298019900e-01
1.210210210210210278e+02 8.013016523056674112e-01
1.211711711711711672e+02 8.167543718073059233e-01
1.213213213213213209e+02 8.295511761674481122e-01
1.214714714714714745e+02 8.357111776480443677e-01
1.216216216216216282e+02 8.336925120578831949e-01
1.217717717717717676e+02 8.270351017644681502e-01
1.219219219219219212e+02 8.245791422606180143e-01
1.220720720720720749e+02 8.200098734068492767e-01
1.222222222222222285e+02 8.134251649400884299e-01
1.223723723723723680e+02 8.049557431553171494e-01
1.225225225225225216e+02 7.948366960052832830e-01
1.226726726726726753e+02 8.096344366105266976e-01
1.228228228228228289e+02 8.242888149045179969e-01
1.229729729729729684e+02 8.338997414117887974e-01
1.231231231231231220e+02 8.356614562491574416e-01
1.232732732732732757e+02 8.295661038361532569e-01
1.234234234234234293e+02 8.259746569171969588e-01
1.235735735735735688e+02 8.223816806389318002e-01
1.237237237237237224e+02 8.167121785024853420e-01
1.238738738738738761e+02 8.090834234282268111e-01
1.240240240240240297e+02 7.996616429435788875e-01
1.241741741741741691e+02 8.024828601888324142e-01
1.243243243243243228e+02 8.179136505328358231e-01
1.244744744744744764e+02 8.303535053263235710e-01
1.246246246246246301e+02 8.358795030562015116e-01
1.247747747747747695e+02 8.332360757628882730e-01
1.249249249249249232e+02 8.269293929815073607e-01
1.250750750750750768e+02 8.243158866868958157e-01
1.252252252252252305e+02 8.195806651220721717e-01
1.253753753753753841e+02 8.128334035416195924e-01
1.255255255255255236e+02 8.042235164356307253e-01
1.256756756756756772e+02 7.958489243815047853e-01
1.258258258258258309e+02 8.108475798757567299e-01
1.259759759759759845e+02 8.252654975125695014e-01
1.261261261261261239e+02 8.342900301975937349e-01
1.262762762762762776e+02 8.354166919468625219e-01
1.264264264264264312e+02 8.287837687072155957e-01
1.265765765765765849e+02 8.257752764587420469e-01
1.267267267267267243e+02 8.220062769607116016e-01
1.268768768768768780e+02 8.161808218998359843e-01
1.270270270270270316e+02 8.084194251867234948e-01
1.271771771771771853e+02 7.988768804726242845e-01
1.273273273273273247e+02 8.036394829895709968e-01
1.274774774774774784e+02 8.190096264443432750e-01
1.276276276276276320e+02 8.310190061032505238e-01
1.277777777777777857e+02 8.359658425366751633e-01
1.279279279279279251e+02 8.327225520746420750e-01
1.280780780780780788e+02 8.267866688938587671e-01
1.282282282282282324e+02 8.240113804314683765e-01
1.283783783783783861e+02 8.191308614845894676e-01
1.285285285285285397e+02 8.122420788464540520e-01
1.286786786786786934e+02 8.034885839867211832e-01
1.288288288288288186e+02 7.969198444090396238e-01
1.289789789789789722e+02 8.120467950286837100e-01
1.291291291291291259e+02 8.262260139559585159e-01
1.292792792792792795e+02 8.347222816162532810e-01
1.294294294294294332e+02 8.351942705918278254e-01
1.295795795795795868e+02 8.280527973698035282e-01
1.297297297297297405e+02 8.255741601733992407e-01
1.298798798798798941e+02 8.216474117995421489e-01
1.300300300300300194e+02 8.156581520089792869e-01
1.301801801801801730e+02 8.077414222948177125e-01
1.303303303303303267e+02 7.980697049757040640e-01
1.304804804804804803e+02 8.048336025338809208e-01
1.306306306306306340e+02 8.201522574266211230e-01
1.307807807807807876e+02 8.316856057258910084e-01
1.309309309309309413e+02 8.359723295519501107e-01
1.310810810810810949e+02 8.321285054925734448e-01
1.312312312312312201e+02 8.266599610485124705e-01
1.313813813813813738e+02 8.237068870964560086e-01
1.315315315315315274e+02 8.186559973897660214e-01
1.316816816816816811e+02 8.116204182056450112e-01
1.318318318318318347e+02 8.027433536257189139e-01
1.319819819819819884e+02 7.979399069595773941e-01
1.321321321321321420e+02 8.132257465226558901e-01
1.322822822822822957e+02 8.270745945854339753e-01
1.324324324324324209e+02 8.350221139300511020e-01
1.325825825825825746e+02 8.348819733812063992e-01
1.327327327327327282e+02 8.272882215703439845e-01
1.328828828828828819e+02 8.253365183477523459e-01
1.330330330330330355e+02 8.212545447456011116e-01
1.331831831831831892e+02 8.151258586493701497e-01
1.333333333333333428e+02 8.070725982943537380e-01
1.334834834834834965e+02 7.972645374656068817e-01
1.336336336336336217e+02 8.060415585587873410e-01
1.337837837837837753e+02 8.212270900650503469e-01
1.339339339339339290e+02 8.323418095835808383e-01
1.340840840840840826e+02 8.359987990155868243e-01
1.342342342342342363e+02 8.315701813588460833e-01
1.343843843843843899e+02 8.265053049274894148e-01
1.345345345345345436e+02 8.234001596040290138e-01
1.346846846846846972e+02 8.181929974186203935e-01
1.348348348348348509e+02 8.109978145617956491e-01
1.349849849849849761e+02 8.019745717956172637e-01
1.351351351351351298e+02 7.990638765804062293e-01
1.352852852852852834e+02 8.144363333377168113e-01
1.354354354354354371e+02 8.279835008514419004e-01
1.355855855855855907e+02 8.353056454578122736e-01
1.357357357357357444e+02 8.345210178344076857e-01
1.358858858858858980e+02 8.272245780699719608e-01
1.360360360360360517e+02 8.251045952723757848e-01
1.361861861861861769e+02 8.208484408463763149e-01
1.363363363363363305e+02 8.145581326952059387e-01
1.364864864864864842e+02 8.063694190822477958e-01
1.366366366366366378e+02 7.964482787741519187e-01
1.367867867867867915e+02 8.072233092020577594e-01
1.369369369369369451e+02 8.222562553329554325e-01
1.370870870870870988e+02 8.328551163915198785e-01
1.372372372372372524e+02 8.359053270921847911e-01
1.373873873873873777e+02 8.309105408247521307e-01
1.375375375375375313e+02 8.263402339847296663e-01
1.376876876876876850e+02 8.230645977595114626e-01
1.378378378378378386e+02 8.177088319997842802e-01
1.379879879879879923e+02 8.103799443262238444e-01
1.381381381381381459e+02 8.012254931376413536e-01
1.382882882882882996e+02 8.001921676398672245e-01
1.384384384384384532e+02 8.155990045127998744e-01
1.385885885885885784e+02 8.288092170105583190e-01
1.387387387387387321e+02 8.355768691818592497e-01
1.388888888888888857e+02 8.341588852857554359e-01
1.390390390390390394e+02 8.271213143165566661e-01
1.391891891891891930e+02 8.248452050642113287e-01
1.393393393393393467e+02 8.204397282715288897e-01
1.394894894894895003e+02 8.139959339201681132e-01
1.396396396396396540e+02 8.056541002505994697e-01
1.397897897897897792e+02 7.955982773593364143e-01
1.399399399399399329e+02 8.084374054077243521e-01
1.400900900900900865e+02 8.233251970254983343e-01
1.402402402402402402e+02 8.334174678519435941e-01
1.403903903903903938e+02 8.357996153209176216e-01
1.405405405405405475e+02 8.302408346550045337e-01
1.406906906906907011e+02 8.261795835937641996e-01
1.408408408408408548e+02 8.227362975063806649e-01
1.409909909909909800e+02 8.172113416604646075e-01
1.411411411411411336e+02 8.097306762471241370e-01
1.412912912912912873e+02 8.004524190659476623e-01
1.414414414414414409e+02 8.013112726374451711e-01
1.415915915915915946e+02 8.167671937561774564e-01
1.417417417417417482e+02 8.295613174583249538e-01
1.418918918918919019e+02 8.357141973332409268e-01
1.420420420420420555e+02 8.336870733921240006e-01
1.421921921921921808e+02 8.270281308332196879e-01
1.423423423423423344e+02 8.245718132814288115e-01
1.424924924924924881e+02 8.200020996857084743e-01
1.426426426426426417e+02 8.134169476321290171e-01
1.427927927927927954e+02 8.049471090790433214e-01
1.429429429429429490e+02 7.948390231136284179e-01
1.430930930930931027e+02 8.096352197093954484e-01
1.432432432432432563e+02 8.242881345428000328e-01
1.433933933933933815e+02 8.338984506692003196e-01
1.435435435435435352e+02 8.356608011151939186e-01
1.436936936936936888e+02 8.295665850888797044e-01
1.438438438438438425e+02 8.259768451721378746e-01
1.439939939939939961e+02 8.223830699227444585e-01
1.441441441441441498e+02 8.167129629045104533e-01
1.442942942942943034e+02 8.090836630480051639e-01
1.444444444444444571e+02 7.996613032755509609e-01
1.445945945945946107e+02 8.024965158409990140e-01
1.447447447447447360e+02 8.179261008624151286e-01
1.448948948948948896e+02 8.303609558398574730e-01
1.450450450450450433e+02 8.358802000952547662e-01
1.451951951951951969e+02 8.332302956827729590e-01
1.453453453453453506e+02 8.269252193403410223e-01
1.454954954954955042e+02 8.243101492109057293e-01
1.456456456456456579e+02 8.195733131550912987e-01
1.457957957957958115e+02 8.128243624104096732e-01
1.459459459459459367e+02 8.042128530057500724e-01
1.460960960960960904e+02 7.958485958840727514e-01
1.462462462462462440e+02 8.108495363526176947e-01
1.463963963963963977e+02 8.252685976319433792e-01
1.465465465465465513e+02 8.342921238841495279e-01
1.466966966966967050e+02 8.354165866179988909e-01
1.468468468468468586e+02 8.287810477230262984e-01
1.469969969969970123e+02 8.257766894233421473e-01
1.471471471471471375e+02 8.220074170344152664e-01
1.472972972972972912e+02 8.161817214119967412e-01
1.474474474474474448e+02 8.084201913096660252e-01
1.475975975975975985e+02 7.988776461032542908e-01
1.477477477477477521e+02 8.036497333569188051e-01
1.478978978978979058e+02 8.190179114492694978e-01
1.480480480480480594e+02 8.310228315832662860e-01
1.481981981981982130e+02 8.359650918958152488e-01
1.483483483483483383e+02 8.327181796709932637e-01
1.484984984984984919e+02 8.267935918848147159e-01
1.486486486486486456e+02 8.240154383050877218e-01
1.487987987987987992e+02 8.191322889289339715e-01
1.489489489489489529e+02 8.122411995219257497e-01
1.490990990990991065e+02 8.034857042273864103e-01
1.492492492492492602e+02 7.969288762640583945e-01
1.493993993993994138e+02 8.120622569394233548e-01
1.495495495495495391e+02 8.262404333137075563e-01
1.496996996996996927e+02 8.347298693175172479e-01
1.498498498498498464e+02 8.351916002158340513e-01
1.500000000000000000e+02 8.280402122461020253e-01
