0.000000000000000000e+00 9.670008259868584366e-01
1.501501501501501523e-01 8.417927586293848519e-01
3.003003003003003046e-01 6.462646873860224961e-01
4.504504504504504570e-01 4.646779116248965780e-01
6.006006006006006093e-01 3.651255775710977591e-01
7.507507507507507061e-01 3.193769003553825203e-01
9.009009009009009139e-01 2.984532494891897758e-01
1.051051051051051122e+00 2.775471373579143086e-01
1.201201201201201219e+00 2.520031656029967926e-01
1.351351351351351315e+00 2.233852855573267016e-01
1.501501501501501412e+00 1.935531349632285403e-01
1.651651651651651731e+00 2.196477930355909824e-01
1.801801801801801828e+00 3.243528904886373576e-01
1.951951951951951925e+00 4.278273494062467264e-01
2.102102102102102243e+00 4.860025535256595752e-01
2.252252252252252340e+00 4.755597725746874005e-01
2.402402402402402437e+00 4.361656405760508948e-01
2.552552552552552534e+00 4.653837115194789931e-01
2.702702702702702631e+00 5.037593623629947892e-01
2.852852852852852727e+00 5.455297150933187122e-01
3.003003003003002824e+00 5.862931986995604250e-01
3.153153153153153365e+00 6.036089284522938581e-01
3.303303303303303462e+00 4.419599069843135331e-01
3.453453453453453559e+00 3.798808532018375095e-01
3.603603603603603656e+00 3.361232251204830379e-01
3.753753753753753752e+00 2.837543121965345194e-01
3.903903903903903849e+00 3.528786489745169286e-01
4.054054054054054390e+00 3.235816496016530874e-01
4.204204204204204487e+00 2.678398865978078303e-01
4.354354354354354584e+00 2.195585993757732390e-01
4.504504504504504681e+00 1.934641483452691491e-01
4.654654654654654777e+00 2.088333105798071410e-01
4.804804804804804874e+00 1.505875459399508565e-01
4.954954954954954971e+00 2.204550614919518203e-01
5.105105105105105068e+00 3.012092567818121513e-01
5.255255255255255165e+00 3.028195878701457344e-01
5.405405405405405261e+00 2.331454432309754965e-01
5.555555555555555358e+00 1.883557642337038984e-01
5.705705705705705455e+00 2.051515643143690670e-01
5.855855855855855552e+00 2.293571864297934415e-01
6.006006006006005649e+00 2.567856496698486257e-01
6.156156156156156634e+00 2.848723764425009075e-01
6.306306306306306730e+00 2.854300011825515737e-01
6.456456456456456827e+00 2.436728055159804451e-01
6.606606606606606924e+00 2.575455347493552649e-01
6.756756756756757021e+00 1.947111271874227001e-01
6.906906906906907118e+00 1.038919106481647897e-01
7.057057057057057214e+00 2.557980930417322329e-01
7.207207207207207311e+00 2.103145295258547487e-01
7.357357357357357408e+00 1.634353934943726383e-01
7.507507507507507505e+00 1.784701991763624485e-01
7.657657657657657602e+00 2.320953813844878755e-01
7.807807807807807698e+00 2.900647307968148292e-01
7.957957957957957795e+00 1.538097079045593063e-01
8.108108108108108780e+00 1.288344522899678712e-01
8.258258258258258877e+00 2.154465317396523638e-01
8.408408408408408974e+00 1.907644597153961286e-01
8.558558558558559071e+00 9.855877822006475775e-02
8.708708708708709167e+00 1.301142215208187791e-01
8.858858858858859264e+00 7.541515208493421163e-02
9.009009009009009361e+00 8.489863350130628927e-02
9.159159159159159458e+00 1.326952986157555192e-01
9.309309309309309555e+00 1.763344055177832326e-01
9.459459459459459651e+00 1.641353342490863010e-01
9.609609609609609748e+00 1.332002844142518849e-01
9.759759759759759845e+00 2.202834520731912771e-01
9.909909909909909942e+00 2.090439281039956076e-01
1.006006006006006004e+01 1.009455230235036804e-01
1.021021021021021014e+01 1.116166906429020000e-01
1.036036036036036023e+01 7.154954677748503848e-03
1.051051051051051033e+01 0.000000000000000000e+00
1.066066066066066043e+01 1.454829652314996447e-01
1.081081081081081052e+01 2.001338877995250398e-01
1.096096096096096062e+01 2.515689817868392852e-01
1.111111111111111072e+01 9.746153708898025458e-02
1.126126126126126081e+01 1.926699468564903872e-01
1.141141141141141091e+01 2.278795752607358227e-01
1.156156156156156101e+01 1.433318186799110161e-01
1.171171171171171110e+01 2.888325544089694052e-03
1.186186186186186120e+01 1.304089706681301475e-01
1.201201201201201130e+01 3.111457327937077431e-03
1.216216216216216317e+01 2.101343250925379090e-04
1.231231231231231327e+01 1.244480035074744945e-01
1.246246246246246336e+01 1.842513300594711689e-01
1.261261261261261346e+01 1.522447455905058256e-01
1.276276276276276356e+01 6.924564107016023236e-04
1.291291291291291365e+01 2.108577590034315108e-01
1.306306306306306375e+01 2.050229063276243491e-01
1.321321321321321385e+01 9.028348345940241659e-02
1.336336336336336394e+01 1.164681175993743656e-01
1.351351351351351404e+01 3.965694374346301863e-03
1.366366366366366414e+01 3.275590729326815186e-03
1.381381381381381424e+01 1.643420580684150595e-04
1.396396396396396433e+01 1.557230437647784682e-01
1.411411411411411443e+01 2.050294286577157010e-01
1.426426426426426453e+01 4.265559706380052038e-03
1.441441441441441462e+01 1.913032325093187158e-01
1.456456456456456472e+01 2.170484552542605583e-01
1.471471471471471482e+01 1.266447943924403630e-01
1.486486486486486491e+01 1.882565407634078074e-03
1.501501501501501501e+01 1.427564677901548354e-03
1.516516516516516511e+01 1.934783866540598423e-03
1.531531531531531520e+01 4.128218741588446047e-04
1.546546546546546530e+01 1.397459758409164976e-01
1.561561561561561540e+01 1.972041320789626184e-01
1.576576576576576549e+01 1.412184180141523582e-01
1.591591591591591559e+01 1.139245731499346909e-01
1.606606606606606746e+01 2.129147229803767249e-01
1.621621621621621756e+01 1.873940880492351579e-01
1.636636636636636766e+01 3.382853461177026157e-03
1.651651651651651775e+01 1.259026175440080830e-01
1.666666666666666785e+01 2.649654387589516890e-03
1.681681681681681795e+01 2.213200090698495826e-03
1.696696696696696804e+01 3.886285380542308016e-04
1.711711711711711814e+01 1.573145111377793615e-01
1.726726726726726824e+01 2.103658108659264281e-01
1.741741741741741833e+01 0.000000000000000000e+00
1.756756756756756843e+01 1.868029077501043023e-01
1.771771771771771853e+01 2.167176192696788628e-01
1.786786786786786863e+01 1.290274241136756816e-01
1.801801801801801872e+01 2.204290841705322003e-03
1.816816816816816882e+01 1.870552258438061468e-03
1.831831831831831892e+01 1.885089905382361262e-03
1.846846846846846901e+01 3.907761046196512266e-04
1.861861861861861911e+01 1.371481073672391193e-01
1.876876876876876921e+01 1.910760169458468605e-01
1.891891891891891930e+01 1.370691491481057294e-03
1.906906906906906940e+01 1.380278645910555935e-01
1.921921921921921950e+01 2.201138689729556508e-01
1.936936936936936959e+01 1.788640167968882921e-01
1.951951951951951969e+01 2.464289584671451594e-03
1.966966966966966979e+01 1.564147682750319495e-03
1.981981981981981988e+01 2.083876751526935866e-03
1.996996996996996998e+01 4.304431533765568692e-04
2.012012012012012008e+01 4.451493084335307669e-04
2.027027027027027017e+01 1.658506460170309227e-01
2.042042042042042027e+01 2.198264899436139785e-01
2.057057057057057037e+01 1.897015655321311754e-10
2.072072072072072046e+01 1.928385978656729505e-01
2.087087087087087056e+01 2.134011522703773978e-01
2.102102102102102066e+01 1.157837095104192748e-01
2.117117117117117076e+01 2.063315929422401482e-03
2.132132132132132085e+01 2.024903860252689168e-03
2.147147147147147095e+01 2.065813268626304038e-03
2.162162162162162105e+01 4.054258909215546856e-04
2.177177177177177114e+01 1.363505206921255264e-01
2.192192192192192124e+01 1.906732158235270869e-01
2.207207207207207134e+01 1.274351958786860842e-03
2.222222222222222143e+01 1.453483352658195005e-01
2.237237237237237153e+01 2.200365470819446168e-01
2.252252252252252163e+01 1.723114968157480054e-01
2.267267267267267172e+01 2.682067264992735438e-03
2.282282282282282182e+01 1.559828713094346892e-03
2.297297297297297192e+01 1.939912327458574812e-03
2.312312312312312201e+01 4.161655798228918184e-04
2.327327327327327211e+01 4.306858260347188575e-04
2.342342342342342221e+01 1.697526881790271114e-01
2.357357357357357230e+01 2.000672933642793916e-01
2.372372372372372240e+01 0.000000000000000000e+00
2.387387387387387250e+01 2.002414476694245604e-01
2.402402402402402259e+01 2.088154086027166623e-01
2.417417417417417624e+01 1.005362542865950864e-01
2.432432432432432634e+01 1.717378629531445943e-03
2.447447447447447644e+01 1.946964816501830153e-03
2.462462462462462653e+01 4.191788630111397415e-04
2.477477477477477663e+01 4.227637467523582908e-04
2.492492492492492673e+01 1.421236414941755566e-01
2.507507507507507682e+01 1.968508211573641031e-01
2.522522522522522692e+01 1.426636276866844345e-03
2.537537537537537702e+01 1.539243517627792712e-01
2.552552552552552712e+01 2.203073612132165349e-01
2.567567567567567721e+01 1.646848045309870501e-01
2.582582582582582731e+01 2.659493081066799294e-03
2.597597597597597741e+01 1.687168144731835415e-03
2.612612612612612750e+01 2.053692888645745722e-03
2.627627627627627760e+01 4.114320614589991182e-04
2.642642642642642770e+01 4.297036137078678658e-04
2.657657657657657779e+01 1.719357909981029109e-01
2.672672672672672789e+01 1.811534896043412723e-01
2.687687687687687799e+01 3.197314357651936347e-10
2.702702702702702808e+01 2.059381498850799685e-01
2.717717717717717818e+01 2.047573961304698098e-01
2.732732732732732828e+01 1.622401208390580711e-03
2.747747747747747837e+01 1.635637470662553534e-03
2.762762762762762847e+01 1.899517681022001902e-03
2.777777777777777857e+01 4.223507135163890864e-04
2.792792792792792866e+01 4.250487096109098278e-04
2.807807807807807876e+01 1.474323968061415080e-01
2.822822822822822886e+01 2.017024317848751247e-01
2.837837837837837895e+01 1.486784338401807292e-10
2.852852852852852905e+01 1.631832979754757329e-01
2.867867867867867915e+01 2.203709288376708153e-01
2.882882882882882924e+01 1.553416246749436957e-01
2.897897897897897934e+01 2.620930979352555264e-03
2.912912912912912944e+01 1.723076040556663531e-03
2.927927927927927954e+01 2.049193141906878110e-03
2.942942942942942963e+01 4.153899286612097296e-04
2.957957957957957973e+01 4.344219335453027952e-04
2.972972972972972983e+01 1.759187811730281159e-01
2.987987987987987992e+01 1.636156377993079059e-01
3.003003003003003002e+01 9.452774327396565313e-02
3.018018018018018012e+01 2.096813655334802684e-01
3.033033033033033021e+01 1.995726804609072036e-01
3.048048048048048031e+01 1.709580593058156878e-03
3.063063063063063041e+01 1.474400711015340848e-03
3.078078078078078050e+01 1.977884669305434492e-03
3.093093093093093060e+01 4.140208203934109981e-04
3.108108108108108070e+01 4.213451619718923858e-04
3.123123123123123079e+01 1.511493100493032371e-01
3.138138138138138089e+01 2.051652756226906571e-01
3.153153153153153099e+01 0.000000000000000000e+00
3.168168168168168108e+01 1.730748583478506353e-01
3.183183183183183118e+01 2.197321742201599204e-01
3.198198198198198128e+01 1.454798369821568016e-01
3.213213213213213493e+01 2.496382694038597107e-03
3.228228228228228147e+01 1.729983213781496020e-03
3.243243243243243512e+01 1.932827826059425966e-03
3.258258258258258167e+01 4.194879830898194206e-04
3.273273273273273531e+01 4.414513300207056814e-04
3.288288288288288186e+01 1.807524420897898831e-01
3.303303303303303551e+01 1.462403531550130475e-01
3.318318318318318205e+01 1.075459048149877833e-01
3.333333333333333570e+01 2.131548716809714139e-01
3.348348348348348225e+01 1.939811372021424674e-01
3.363363363363363590e+01 2.206204192711126374e-03
3.378378378378378244e+01 1.505870854085738630e-03
3.393393393393393609e+01 2.007528042882376646e-03
3.408408408408408263e+01 4.161798292692963806e-04
3.423423423423423628e+01 4.237792532526271985e-04
3.438438438438438283e+01 1.551761166797823999e-01
3.453453453453453648e+01 2.087900102153535664e-01
3.468468468468468302e+01 1.035407117656802271e-10
3.483483483483483667e+01 1.808251332033408432e-01
3.498498498498498321e+01 2.180540763573638186e-01
3.513513513513513686e+01 1.351287607163144944e-01
3.528528528528528341e+01 2.142588427295478905e-03
3.543543543543543706e+01 1.794078148766219561e-03
3.558558558558558360e+01 1.912319174378763380e-03
3.573573573573573725e+01 4.159036668605074261e-04
3.588588588588588379e+01 4.409869865735393710e-04
3.603603603603603744e+01 1.847486033262372151e-01
3.618618618618618399e+01 1.293326510996024026e-01
3.633633633633633764e+01 1.213878897016772707e-01
3.648648648648648418e+01 2.162606112174190465e-01
3.663663663663663783e+01 1.873324961719435577e-01
3.678678678678678438e+01 2.401122832173939892e-03
3.693693693693693803e+01 1.541136802068474162e-03
3.708708708708708457e+01 2.006320269720328776e-03
3.723723723723723822e+01 4.177419103756986650e-04
3.738738738738738476e+01 4.283494954222866516e-04
3.753753753753753841e+01 1.596869804643453461e-01
3.768768768768768496e+01 2.131225760000724223e-01
3.783783783783783861e+01 0.000000000000000000e+00
3.798798798798798515e+01 1.878827441053048386e-01
3.813813813813813880e+01 2.159598144047659152e-01
3.828828828828828534e+01 1.250172059460019358e-01
3.843843843843843899e+01 2.118175310077722532e-03
3.858858858858859264e+01 1.819311563930650112e-03
3.873873873873873919e+01 1.833628635389956702e-03
3.888888888888889284e+01 4.187205170177156705e-04
3.903903903903903938e+01 1.337530990826543975e-01
3.918918918918919303e+01 1.887093223111582507e-01
3.933933933933933957e+01 1.381624306388877944e-03
3.948948948948949322e+01 1.330279015686776645e-01
3.963963963963963977e+01 2.182568073184269763e-01
3.978978978978979342e+01 1.801025050823840679e-01
3.993993993993993996e+01 2.447269357347322920e-03
4.009009009009009361e+01 1.590676316810795982e-03
4.024024024024024015e+01 2.047041568328719901e-03
4.039039039039039380e+01 4.141663480920102858e-04
4.054054054054054035e+01 4.272938260234543655e-04
4.069069069069069400e+01 1.637684724188120944e-01
4.084084084084084054e+01 2.168057867634637648e-01
4.099099099099099419e+01 0.000000000000000000e+00
4.114114114114114074e+01 1.946373898462603613e-01
4.129129129129129439e+01 2.128445596803255069e-01
4.144144144144144093e+01 1.131668518953484887e-01
4.159159159159159458e+01 1.887594875218487345e-03
4.174174174174174112e+01 1.864749303821601088e-03
4.189189189189189477e+01 4.191232094268675362e-04
4.204204204204204132e+01 4.198229958998338793e-04
4.219219219219219497e+01 1.381095060719021717e-01
4.234234234234234151e+01 1.929571360840227345e-01
4.249249249249249516e+01 1.431768492618650879e-03
4.264264264264264170e+01 1.438938752998118187e-01
4.279279279279279535e+01 2.198159532466785471e-01
4.294294294294294190e+01 1.726732446576810243e-01
4.309309309309309555e+01 2.792680626422458685e-03
4.324324324324324209e+01 1.611020524881157318e-03
4.339339339339339574e+01 2.014334402443312185e-03
4.354354354354354228e+01 4.176695818345090819e-04
4.369369369369369593e+01 4.317017073970921218e-04
4.384384384384384248e+01 1.680996919048207694e-01
4.399399399399399613e+01 1.982778997416287103e-01
4.414414414414414267e+01 0.000000000000000000e+00
4.429429429429429632e+01 2.002331036972176681e-01
4.444444444444444287e+01 2.091078086122259150e-01
4.459459459459459651e+01 1.013333390936446143e-01
4.474474474474474306e+01 1.703284592987762414e-03
4.489489489489489671e+01 1.916106491289650340e-03
4.504504504504504325e+01 4.164955716105159353e-04
4.519519519519519690e+01 4.189179620090155128e-04
4.534534534534534345e+01 1.423561526257907384e-01
4.549549549549549710e+01 1.968787070977403852e-01
4.564564564564564364e+01 1.489393478262873412e-03
4.579579579579579729e+01 1.548563619245914291e-01
4.594594594594594383e+01 2.204600195234505400e-01
4.609609609609609748e+01 1.639340526951728882e-01
4.624624624624624403e+01 2.590740976191968203e-03
4.639639639639639768e+01 1.668720066540326256e-03
4.654654654654654422e+01 2.021666451806398805e-03
4.669669669669669787e+01 4.156234300108895279e-04
4.684684684684684441e+01 4.337002636270365671e-04
4.699699699699699806e+01 1.722728476884635707e-01
4.714714714714714461e+01 1.810605991949688354e-01
4.729729729729729826e+01 0.000000000000000000e+00
4.744744744744744480e+01 2.054838174995041733e-01
4.759759759759759845e+01 2.048488598232098834e-01
4.774774774774774500e+01 1.637695929823897341e-03
4.789789789789789864e+01 1.655050273190427886e-03
4.804804804804804519e+01 1.923288576451785388e-03
4.819819819819819884e+01 4.201960981681527652e-04
4.834834834834835249e+01 4.232948167057397695e-04
4.849849849849849903e+01 1.469109960227212575e-01
4.864864864864865268e+01 2.010518319833474732e-01
4.879879879879879923e+01 1.169943444062817018e-10
4.894894894894895288e+01 1.635418884516454952e-01
4.909909909909909942e+01 2.204207605366751144e-01
4.924924924924925307e+01 1.551761720950179946e-01
4.939939939939939961e+01 2.577629419923945561e-03
4.954954954954955326e+01 1.706370240296683615e-03
4.969969969969969981e+01 2.009762570385752525e-03
4.984984984984985346e+01 4.155968694407343703e-04
5.000000000000000000e+01 4.345909574616668605e-04
5.015015015015015365e+01 1.763044874412027507e-01
5.030030030030030019e+01 1.638706252968436528e-01
5.045045045045045384e+01 9.457180922814370505e-02
5.060060060060060039e+01 2.097065424289943358e-01
5.075075075075075404e+01 1.994595976747011723e-01
5.090090090090090058e+01 1.714575199541851225e-03
5.105105105105105423e+01 1.477883784658781240e-03
5.120120120120120077e+01 1.982753541916576576e-03
5.135135135135135442e+01 4.151199436391279723e-04
5.150150150150150097e+01 4.223633341590609714e-04
5.165165165165165462e+01 1.510437329288190911e-01
5.180180180180180116e+01 2.051028073822172559e-01
5.195195195195195481e+01 0.000000000000000000e+00
5.210210210210210136e+01 1.729473461748902707e-01
5.225225225225225500e+01 2.197322815908005489e-01
5.240240240240240155e+01 1.456208645581311134e-01
5.255255255255255520e+01 2.504105833164736380e-03
5.270270270270270174e+01 1.733689863198908249e-03
5.285285285285285539e+01 1.933464206544124658e-03
5.300300300300300194e+01 4.185813346291384815e-04
5.315315315315315559e+01 4.404526370175548930e-04
5.330330330330330213e+01 1.806779393463028016e-01
5.345345345345345578e+01 1.460168990009269863e-01
5.360360360360360232e+01 1.079244562213881597e-01
5.375375375375375597e+01 2.132920832309120884e-01
5.390390390390390252e+01 1.939002773623348108e-01
5.405405405405405617e+01 2.198940065900755695e-03
5.420420420420420271e+01 1.501714496682945120e-03
5.435435435435435636e+01 1.999227886650855289e-03
5.450450450450450290e+01 4.169417348934577653e-04
5.465465465465465655e+01 4.243975675566843443e-04
5.480480480480480310e+01 1.553288536629928718e-01
5.495495495495495675e+01 2.089745534154003326e-01
5.510510510510510329e+01 1.531677116296494974e-10
5.525525525525525694e+01 1.808072078336536992e-01
5.540540540540540349e+01 2.180489931405032722e-01
5.555555555555555713e+01 1.351104693103158672e-01
5.570570570570570368e+01 2.149095878023269714e-03
5.585585585585585733e+01 1.799083859604008132e-03
5.600600600600600387e+01 1.922065543640673205e-03
5.615615615615615752e+01 4.159058914281672814e-04
5.630630630630630407e+01 4.409590081971728574e-04
5.645645645645645772e+01 1.846616995979467601e-01
5.660660660660660426e+01 1.291155406678465012e-01
5.675675675675675791e+01 1.214814698151840816e-01
5.690690690690690445e+01 2.162791454875338526e-01
5.705705705705705810e+01 1.873076498498446874e-01
5.720720720720720465e+01 2.397764617797765781e-03
5.735735735735735830e+01 1.540201655713849043e-03
5.750750750750750484e+01 2.004117002863108326e-03
5.765765765765765849e+01 4.174687715050771041e-04
5.780780780780781214e+01 4.280786914472512654e-04
5.795795795795795868e+01 1.597399915259575254e-01
5.810810810810811233e+01 2.131685318844550869e-01
5.825825825825825888e+01 0.000000000000000000e+00
5.840840840840841253e+01 1.879484206028987359e-01
5.855855855855855907e+01 2.159218634728714004e-01
5.870870870870871272e+01 1.248814701798342947e-01
5.885885885885885926e+01 2.115569968872571451e-03
5.900900900900901291e+01 1.818588150430042009e-03
5.915915915915915946e+01 1.832431924268350040e-03
5.930930930930931311e+01 4.189734101070057026e-04
5.945945945945945965e+01 1.337890628150102956e-01
5.960960960960961330e+01 1.887582664499754814e-01
5.975975975975975985e+01 1.383111181978650267e-03
5.990990990990991349e+01 1.330275465528095447e-01
6.006006006006006004e+01 2.182464123727428928e-01
6.021021021021021369e+01 1.800809029599609867e-01
6.036036036036036023e+01 2.451758053905631323e-03
6.051051051051051388e+01 1.591909357977837553e-03
6.066066066066066043e+01 2.048841778039814029e-03
6.081081081081081408e+01 4.140020444799184579e-04
6.096096096096096062e+01 4.271477258279305364e-04
6.111111111111111427e+01 1.637655650162420928e-01
6.126126126126126081e+01 2.166372837579010058e-01
6.141141141141141446e+01 1.257899069507299083e-10
6.156156156156156101e+01 1.946976562811973399e-01
6.171171171171171466e+01 2.128204145112932988e-01
6.186186186186186120e+01 1.130722708719909819e-01
6.201201201201201485e+01 1.884211446887553657e-03
6.216216216216216139e+01 1.863875131874385841e-03
6.231231231231231504e+01 4.191736070043967314e-04
6.246246246246246159e+01 4.198225313107450539e-04
6.261261261261261524e+01 1.381604089617271547e-01
6.276276276276276178e+01 1.930109721098927922e-01
6.291291291291291543e+01 1.432193738237659379e-03
6.306306306306306197e+01 1.439489703907403939e-01
6.321321321321321562e+01 2.198177781592193514e-01
6.336336336336336217e+01 1.726196187230582824e-01
6.351351351351351582e+01 2.794488600046661584e-03
6.366366366366366236e+01 1.611430635407875905e-03
6.381381381381381601e+01 2.014849632557907510e-03
6.396396396396396256e+01 4.177120152935527618e-04
6.411411411411411621e+01 4.317663868561848759e-04
6.426426426426426985e+01 1.681104316496971618e-01
6.441441441441440929e+01 1.981623728269101825e-01
6.456456456456456294e+01 0.000000000000000000e+00
6.471471471471471659e+01 2.002522835430809167e-01
6.486486486486487024e+01 2.090870614404901351e-01
6.501501501501500968e+01 1.012839081172175748e-01
6.516516516516516333e+01 1.703380335843722188e-03
6.531531531531531698e+01 1.916356695754363113e-03
6.546546546546547063e+01 4.164414306242121577e-04
6.561561561561561007e+01 4.188658968157239326e-04
6.576576576576576372e+01 1.423833159076548782e-01
6.591591591591591737e+01 1.968975532732772649e-01
6.606606606606607102e+01 1.491793511874368568e-03
6.621621621621621046e+01 1.549451132494326921e-01
6.636636636636636410e+01 2.204669814505104686e-01
6.651651651651651775e+01 1.638611005712719282e-01
6.666666666666667140e+01 2.587577749085793587e-03
6.681681681681681084e+01 1.668230930140343366e-03
6.696696696696696449e+01 2.020915103216240107e-03
6.711711711711711814e+01 4.156659332250281372e-04
6.726726726726727179e+01 4.337426905690297844e-04
6.741741741741742544e+01 1.723096690594942693e-01
6.756756756756756488e+01 1.809972660778003950e-01
6.771771771771771853e+01 0.000000000000000000e+00
6.786786786786787218e+01 2.054797268624375117e-01
6.801801801801802583e+01 2.048035207233509236e-01
6.816816816816816527e+01 1.638843329204085937e-03
6.831831831831831892e+01 1.654449469554316113e-03
6.846846846846847257e+01 1.923767817301041787e-03
6.861861861861862621e+01 4.201387858454382236e-04
6.876876876876876565e+01 4.232617167816990706e-04
6.891891891891891930e+01 1.469201285408041346e-01
6.906906906906907295e+01 2.010564848567124863e-01
6.921921921921922660e+01 0.000000000000000000e+00
6.936936936936936604e+01 1.635959003582963256e-01
6.951951951951951969e+01 2.204245650374019871e-01
6.966966966966967334e+01 1.551364076732537900e-01
6.981981981981982699e+01 2.577550628351025358e-03
6.996996996996996643e+01 1.705951927257281630e-03
7.012012012012012008e+01 2.008128443218563930e-03
7.027027027027027373e+01 4.156160828986378238e-04
7.042042042042042738e+01 4.346007059346953497e-04
7.057057057057056682e+01 1.763398372349405385e-01
7.072072072072072046e+01 1.637579895197692481e-01
7.087087087087087411e+01 9.466380667961989126e-02
7.102102102102102776e+01 2.097305048732852617e-01
7.117117117117116720e+01 1.994178305081691638e-01
7.132132132132132085e+01 1.715307619297699177e-03
7.147147147147147450e+01 1.477822742983910236e-03
7.162162162162162815e+01 1.982717414886397099e-03
7.177177177177176759e+01 4.151515528805075402e-04
7.192192192192192124e+01 4.223795214963841239e-04
7.207207207207207489e+01 1.510586091796431996e-01
7.222222222222222854e+01 2.051222884405476399e-01
7.237237237237236798e+01 0.000000000000000000e+00
7.252252252252252163e+01 1.729689445174510121e-01
7.267267267267267528e+01 2.197071348969539262e-01
7.282282282282282893e+01 1.455540138608867606e-01
7.297297297297296836e+01 2.502083965630729455e-03
7.312312312312312201e+01 1.733646007771058898e-03
7.327327327327327566e+01 1.933054401307997706e-03
7.342342342342342931e+01 4.185070437568641087e-04
7.357357357357356875e+01 4.403910113746441657e-04
7.372372372372372240e+01 1.806896018917031888e-01
7.387387387387387605e+01 1.459063556418628005e-01
7.402402402402402970e+01 1.079825119172167225e-01
7.417417417417416914e+01 2.132908072217868933e-01
7.432432432432432279e+01 1.938454703418269476e-01
7.447447447447447644e+01 2.200032393292324692e-03
7.462462462462463009e+01 1.501078159912302024e-03
7.477477477477476953e+01 1.997753382156091176e-03
7.492492492492492318e+01 4.169917209597348031e-04
7.507507507507507682e+01 4.244002445487111042e-04
7.522522522522523047e+01 1.553573377395266464e-01
7.537537537537536991e+01 2.090039273818107834e-01
7.552552552552552356e+01 0.000000000000000000e+00
7.567567567567567721e+01 1.808240676023513960e-01
7.582582582582583086e+01 2.180184410496683323e-01
7.597597597597597030e+01 1.350369475672698882e-01
7.612612612612612395e+01 2.147292198693877188e-03
7.627627627627627760e+01 1.798818764414859741e-03
7.642642642642643125e+01 1.920711904865371727e-03
7.657657657657657069e+01 4.158915166900150934e-04
7.672672672672672434e+01 4.409404735949445280e-04
7.687687687687687799e+01 1.846821748647796135e-01
7.702702702702703164e+01 1.290173131042014754e-01
7.717717717717718529e+01 1.215376696895062447e-01
7.732732732732732472e+01 2.162840168594295509e-01
7.747747747747747837e+01 1.872652260884845876e-01
7.762762762762763202e+01 2.396297621055210221e-03
7.777777777777778567e+01 1.540563747861078839e-03
7.792792792792792511e+01 2.003723834741363060e-03
7.807807807807807876e+01 4.174488025967071987e-04
7.822822822822823241e+01 4.280665612119933312e-04
7.837837837837838606e+01 1.597671089026048430e-01
7.852852852852852550e+01 2.131926377014072282e-01
7.867867867867867915e+01 0.000000000000000000e+00
7.882882882882883280e+01 1.880046457173465968e-01
7.897897897897898645e+01 2.159185882783713206e-01
7.912912912912912589e+01 1.248247941793327181e-01
7.927927927927927954e+01 2.114956381968769415e-03
7.942942942942943318e+01 1.819109883853610487e-03
7.957957957957958683e+01 1.830974721383471591e-03
7.972972972972972627e+01 4.190545403755056571e-04
7.987987987987987992e+01 1.338316438040078327e-01
8.003003003003003357e+01 1.887924876337078173e-01
8.018018018018018722e+01 1.385240297482733798e-03
8.033033033033032666e+01 1.331300623781602743e-01
8.048048048048048031e+01 2.182909302609470359e-01
8.063063063063063396e+01 1.800648946707864573e-01
8.078078078078078761e+01 2.454187047333921973e-03
8.093093093093092705e+01 1.592245274256760693e-03
8.108108108108108070e+01 2.049361519448285145e-03
8.123123123123123435e+01 4.140556693329756877e-04
8.138138138138138800e+01 4.272191609425554019e-04
8.153153153153152743e+01 1.637863295754654058e-01
8.168168168168168108e+01 2.165494671938111293e-01
8.183183183183183473e+01 2.133072879379293972e-10
8.198198198198198838e+01 1.947338309562355874e-01
8.213213213213212782e+01 2.128070296497060199e-01
8.228228228228228147e+01 1.130120493679090399e-01
8.243243243243243512e+01 1.882980791781340823e-03
8.258258258258258877e+01 1.864906769460638377e-03
8.273273273273272821e+01 4.190714463638679321e-04
8.288288288288288186e+01 4.198079745226127946e-04
8.303303303303303551e+01 1.381692659294050385e-01
8.318318318318318916e+01 1.930176715937297893e-01
8.333333333333332860e+01 1.430858781136215519e-03
8.348348348348348225e+01 1.440246649384247235e-01
8.363363363363363590e+01 2.198249276057064883e-01
8.378378378378378954e+01 1.725654732647829703e-01
8.393393393393392898e+01 2.795262478080597426e-03
8.408408408408408263e+01 1.611635261996172738e-03
8.423423423423423628e+01 2.014841927096641932e-03
8.438438438438438993e+01 4.177244300481294456e-04
8.453453453453452937e+01 4.317941958888391052e-04
8.468468468468468302e+01 1.681475984818181224e-01
8.483483483483483667e+01 1.980703182245933669e-01
8.498498498498499032e+01 2.360406395054791191e-10
8.513513513513512976e+01 2.002811800682882670e-01
8.528528528528528341e+01 2.090580890860822827e-01
8.543543543543543706e+01 1.012060253906144763e-01
8.558558558558559071e+01 1.703037705715032763e-03
8.573573573573573015e+01 1.916245030247540598e-03
8.588588588588588379e+01 4.164726851252731170e-04
8.603603603603603744e+01 4.188869905896952192e-04
8.618618618618619109e+01 1.424073208548568281e-01
8.633633633633633053e+01 1.969210177327428146e-01
8.648648648648648418e+01 1.493386767075667500e-03
8.663663663663663783e+01 1.549966920216629129e-01
8.678678678678679148e+01 2.204614436690531809e-01
8.693693693693694513e+01 1.638011288544282684e-01
8.708708708708708457e+01 2.586103962301535952e-03
8.723723723723723822e+01 1.668697955052249543e-03
8.738738738738739187e+01 2.021297051364280475e-03
8.753753753753754552e+01 4.156348523542873147e-04
8.768768768768768496e+01 4.337203113601399425e-04
8.783783783783783861e+01 1.723351347956506296e-01
8.798798798798799226e+01 1.808813369273141736e-01
8.813813813813814591e+01 0.000000000000000000e+00
8.828828828828828534e+01 2.055071848081087837e-01
8.843843843843843899e+01 2.047618776714459077e-01
8.858858858858859264e+01 1.639684023171272386e-03
8.873873873873874629e+01 1.653249594006370648e-03
8.888888888888888573e+01 1.923545311693089987e-03
8.903903903903903938e+01 4.201276914306199643e-04
8.918918918918919303e+01 4.232628747052120033e-04
8.933933933933934668e+01 1.469525316001144000e-01
8.948948948948948612e+01 2.010906105617073225e-01
8.963963963963963977e+01 0.000000000000000000e+00
8.978978978978979342e+01 1.636368700284833444e-01
8.993993993993994707e+01 2.204158629120693547e-01
9.009009009009008651e+01 1.550812150066014916e-01
9.024024024024024015e+01 2.578426612554660189e-03
9.039039039039039380e+01 1.706361188272221803e-03
9.054054054054054745e+01 2.007559566610754749e-03
9.069069069069068689e+01 4.156416794830922017e-04
9.084084084084084054e+01 4.346368640032812641e-04
9.099099099099099419e+01 1.763664865875770871e-01
9.114114114114114784e+01 1.636506313348110031e-01
9.129129129129128728e+01 9.476579719240255106e-02
9.144144144144144093e+01 2.097696172052548602e-01
9.159159159159159458e+01 1.994016308164375528e-01
9.174174174174174823e+01 1.715659302701715710e-03
9.189189189189188767e+01 1.477573281051891649e-03
9.204204204204204132e+01 1.982524163520522908e-03
9.219219219219219497e+01 4.151542894559295924e-04
9.234234234234234862e+01 4.223815561254626229e-04
9.249249249249248805e+01 1.510780798794237878e-01
9.264264264264264170e+01 2.051467351567356767e-01
9.279279279279279535e+01 1.433736484600725357e-10
9.294294294294294900e+01 1.729971370797435126e-01
9.309309309309308844e+01 2.196805782709183308e-01
9.324324324324324209e+01 1.454766526033675900e-01
9.339339339339339574e+01 2.500103627224596961e-03
9.354354354354354939e+01 1.733798206357835704e-03
9.369369369369368883e+01 1.933153863678607970e-03
9.384384384384384248e+01 4.184633288876325090e-04
9.399399399399399613e+01 4.403581750341896309e-04
9.414414414414414978e+01 1.806994703224148735e-01
9.429429429429428922e+01 1.458013665645699064e-01
9.444444444444444287e+01 1.080381049987906156e-01
9.459459459459459651e+01 2.132899631699281817e-01
9.474474474474475016e+01 1.937963325004823101e-01
9.489489489489488960e+01 2.201420863051833932e-03
9.504504504504504325e+01 1.500983509800083663e-03
9.519519519519519690e+01 1.996967361747268958e-03
9.534534534534535055e+01 4.169847342101598098e-04
9.549549549549548999e+01 4.243844004529616788e-04
9.564564564564564364e+01 1.553957761953277950e-01
9.579579579579579729e+01 2.090368326905477081e-01
9.594594594594595094e+01 1.834764763582798704e-10
9.609609609609609038e+01 1.808698762111568548e-01
9.624624624624624403e+01 2.180140382500890817e-01
9.639639639639639768e+01 1.349855599503526349e-01
9.654654654654655133e+01 2.145807629672998647e-03
9.669669669669670498e+01 1.798455500345700871e-03
9.684684684684684441e+01 1.919748149239383205e-03
9.699699699699699806e+01 4.159236805989091623e-04
9.714714714714715171e+01 4.409769821400598595e-04
9.729729729729730536e+01 1.847039192908579430e-01
9.744744744744744480e+01 1.289127026856600189e-01
9.759759759759759845e+01 1.215915668046095438e-01
9.774774774774775210e+01 2.162885692300285378e-01
9.789789789789790575e+01 1.872229446522947482e-01
9.804804804804804519e+01 2.396456945288638098e-03
9.819819819819819884e+01 1.541098207281082350e-03
9.834834834834835249e+01 2.004283631762647771e-03
9.849849849849850614e+01 4.173985304932722258e-04
9.864864864864864558e+01 4.280336013210404595e-04
9.879879879879879923e+01 1.597772396943035467e-01
9.894894894894895288e+01 2.132024258955028395e-01
9.909909909909910652e+01 0.000000000000000000e+00
9.924924924924924596e+01 1.880389224868683484e-01
9.939939939939939961e+01 2.158944608718401659e-01
9.954954954954955326e+01 1.247525824484375517e-01
9.969969969969970691e+01 2.113953381594296972e-03
9.984984984984984635e+01 1.818146594244341319e-03
1.000000000000000000e+02 1.829343014850930149e-03
1.001501501501501536e+02 4.190430716416439715e-04
1.003003003003003073e+02 1.338527556740627955e-01
1.004504504504504467e+02 1.888186085917704649e-01
1.006006006006006004e+02 1.387358797269397847e-03
1.007507507507507540e+02 1.331539777049247919e-01
1.009009009009009077e+02 2.182719828693012454e-01
1.010510510510510471e+02 1.800018356568786893e-01
1.012012012012012008e+02 2.455372269680440676e-03
1.013513513513513544e+02 1.592442851349452427e-03
1.015015015015015081e+02 2.049010320350919383e-03
1.016516516516516475e+02 4.140522494674907044e-04
1.018018018018018012e+02 4.271975312986797842e-04
1.019519519519519548e+02 1.638083298409314936e-01
1.021021021021021085e+02 2.164429322438593262e-01
1.022522522522522479e+02 0.000000000000000000e+00
1.024024024024024015e+02 1.947691736776979154e-01
1.025525525525525552e+02 2.127903104084813701e-01
1.027027027027027088e+02 1.129500638859482764e-01
1.028528528528528483e+02 1.880869944818942341e-03
1.030030030030030019e+02 1.864794469737961549e-03
1.031531531531531556e+02 4.190772819437865813e-04
1.033033033033033092e+02 4.197890950204275634e-04
1.034534534534534487e+02 1.382027398973404708e-01
1.036036036036036023e+02 1.930501733211700544e-01
1.037537537537537560e+02 1.430858152843745819e-03
1.039039039039039096e+02 1.440970584712488456e-01
1.040540540540540491e+02 2.198393855204925362e-01
1.042042042042042027e+02 1.725224395363326169e-01
1.043543543543543564e+02 2.795823458284038554e-03
1.045045045045045100e+02 1.611907362123961556e-03
1.046546546546546494e+02 2.014547732297121158e-03
1.048048048048048031e+02 4.177710414725761281e-04
1.049549549549549567e+02 4.318631121916244753e-04
1.051051051051051104e+02 1.681682322292313847e-01
1.052552552552552498e+02 1.979576265822169667e-01
1.054054054054054035e+02 0.000000000000000000e+00
1.055555555555555571e+02 2.003166269195897631e-01
1.057057057057057108e+02 2.090400421047638735e-01
1.058558558558558644e+02 1.011435542909845386e-01
1.060060060060060039e+02 1.703016606228345423e-03
1.061561561561561575e+02 1.916644225536606868e-03
1.063063063063063112e+02 4.164835259604032585e-04
1.064564564564564648e+02 4.188996597239185360e-04
1.066066066066066043e+02 1.424334500823833949e-01
1.067567567567567579e+02 1.969419562536816881e-01
1.069069069069069116e+02 1.495178504111416241e-03
1.070570570570570652e+02 1.550581836923717316e-01
1.072072072072072046e+02 2.204687310583517135e-01
1.073573573573573583e+02 1.637550805479501825e-01
1.075075075075075119e+02 2.584365008111006150e-03
1.076576576576576656e+02 1.669034055021101186e-03
1.078078078078078050e+02 2.021435280973180298e-03
1.079579579579579587e+02 4.156157052726708692e-04
1.081081081081081123e+02 4.337231196022053176e-04
1.082582582582582660e+02 1.723575776149671168e-01
1.084084084084084054e+02 1.807802127520712621e-01
1.085585585585585591e+02 2.864817357558311170e-10
1.087087087087087127e+02 2.055401453494432595e-01
1.088588588588588664e+02 2.047370571012795959e-01
1.090090090090090058e+02 1.640679978439961136e-03
1.091591591591591595e+02 1.652585865572731580e-03
1.093093093093093131e+02 1.924172875376847216e-03
1.094594594594594668e+02 4.201312184210641331e-04
1.096096096096096062e+02 4.232983101070689961e-04
1.097597597597597598e+02 1.469794855931134681e-01
1.099099099099099135e+02 2.011141462404276714e-01
1.100600600600600671e+02 1.164869328527386479e-10
1.102102102102102066e+02 1.637031255220706694e-01
1.103603603603603602e+02 2.204223744935919216e-01
1.105105105105105139e+02 1.550323049585473345e-01
1.106606606606606675e+02 2.579510769216212997e-03
1.108108108108108070e+02 1.706429678898756849e-03
1.109609609609609606e+02 2.007324061820875243e-03
1.111111111111111143e+02 4.156709648919003027e-04
1.112612612612612679e+02 4.346734852198750254e-04
1.114114114114114074e+02 1.763950786672400239e-01
1.115615615615615610e+02 1.635439614254568241e-01
1.117117117117117147e+02 9.484628301786887650e-02
1.118618618618618683e+02 2.097912408957182950e-01
1.120120120120120077e+02 1.993690293046416206e-01
1.121621621621621614e+02 1.716702455911967105e-03
1.123123123123123150e+02 1.478738943627368792e-03
1.124624624624624687e+02 1.984001132297266018e-03
1.126126126126126081e+02 4.151098178374023327e-04
1.127627627627627618e+02 4.223999782331441257e-04
1.129129129129129154e+02 1.511134322146896192e-01
1.130630630630630691e+02 2.051707723212980450e-01
1.132132132132132085e+02 0.000000000000000000e+00
1.133633633633633622e+02 1.730990663615488701e-01
1.135135135135135158e+02 2.197119968106112098e-01
1.136636636636636695e+02 1.454415453730850960e-01
1.138138138138138089e+02 2.498438136921749073e-03
1.139639639639639626e+02 1.734406942630195656e-03
1.141141141141141162e+02 1.933427048255728989e-03
1.142642642642642699e+02 4.185320060140867949e-04
1.144144144144144093e+02 4.404645178678948917e-04
1.145645645645645629e+02 1.807374684817989741e-01
1.147147147147147166e+02 1.457161816788685171e-01
1.148648648648648702e+02 1.081313436272032247e-01
1.150150150150150097e+02 2.133246069531538058e-01
1.151651651651651633e+02 1.937729665195415396e-01
1.153153153153153170e+02 2.205538664983731651e-03
1.154654654654654706e+02 1.501673102706531241e-03
1.156156156156156243e+02 1.998297513313697545e-03
1.157657657657657637e+02 4.170070701382815222e-04
1.159159159159159174e+02 4.244484791709396475e-04
1.160660660660660710e+02 1.554072642752554190e-01
1.162162162162162247e+02 2.090441595795047847e-01
1.163663663663663641e+02 0.000000000000000000e+00
1.165165165165165178e+02 1.809232615162427726e-01
1.166666666666666714e+02 2.180044408583834137e-01
1.168168168168168251e+02 1.349223291545540715e-01
1.169669669669669645e+02 2.145443366232095347e-03
1.171171171171171181e+02 1.798693819123169980e-03
1.172672672672672718e+02 1.920536813976517296e-03
1.174174174174174254e+02 4.158717753750934532e-04
1.175675675675675649e+02 4.409194447665500984e-04
1.177177177177177185e+02 1.847328322479575569e-01
1.178678678678678722e+02 1.288216071049245459e-01
1.180180180180180258e+02 1.216469204402843562e-01
1.181681681681681653e+02 2.162821041498628749e-01
1.183183183183183189e+02 1.871601820463414945e-01
1.184684684684684726e+02 2.396438800209323150e-03
1.186186186186186262e+02 1.540791474356959867e-03
1.187687687687687657e+02 2.004055940098411689e-03
1.189189189189189193e+02 4.173456400606041371e-04
1.190690690690690730e+02 4.279940680752850556e-04
1.192192192192192266e+02 1.597914755498012207e-01
1.193693693693693660e+02 2.132223089170644237e-01
1.195195195195195197e+02 1.040705025037452395e-10
1.196696696696696733e+02 1.880386903289070211e-01
1.198198198198198270e+02 2.158601134432102386e-01
1.199699699699699664e+02 1.246934948967592244e-01
1.201201201201201201e+02 2.113740271936190383e-03
1.202702702702702737e+02 1.818270272704166626e-03
1.204204204204204274e+02 1.827769759111349873e-03
1.205705705705705668e+02 4.190136870624537862e-04
1.207207207207207205e+02 1.338847393050770773e-01
1.208708708708708741e+02 1.888413930714233357e-01
1.210210210210210278e+02 1.389698245416881237e-03
1.211711711711711672e+02 1.332449605585114272e-01
1.213213213213213209e+02 2.182983859266618143e-01
1.214714714714714745e+02 1.799647008488103606e-01
1.216216216216216282e+02 2.455490983252153151e-03
1.217717717717717676e+02 1.592127383754659599e-03
1.219219219219219212e+02 2.048018103942340386e-03
1.220720720720720749e+02 4.141286110705993842e-04
1.222222222222222285e+02 4.272547622503496036e-04
1.223723723723723680e+02 1.638482240554583191e-01
1.225225225225225216e+02 2.163596521797368777e-01
1.226726726726726753e+02 2.137426917405891093e-10
1.228228228228228289e+02 1.947993385962835389e-01
1.229729729729729684e+02 2.127680569677163624e-01
1.231231231231231220e+02 1.128762795005840980e-01
1.232732732732732757e+02 1.879259860497991966e-03
1.234234234234234293e+02 1.865637831578697246e-03
1.235735735735735688e+02 4.190158733866840594e-04
1.237237237237237224e+02 4.197801176711564788e-04
1.238738738738738761e+02 1.382107661635009477e-01
1.240240240240240297e+02 1.930574779905235849e-01
1.241741741741741691e+02 1.429810454666572946e-03
1.243243243243243228e+02 1.441738202437011784e-01
1.244744744744744764e+02 2.198472765485198765e-01
1.246246246246246301e+02 1.724685953893446699e-01
1.247747747747747695e+02 2.796246437958201884e-03
1.249249249249249232e+02 1.612013133447311609e-03
1.250750750750750768e+02 2.014185229489551861e-03
1.252252252252252305e+02 4.177608628883436076e-04
1.253753753753753841e+02 4.318644883654632061e-04
1.255255255255255236e+02 1.682039394220500583e-01
1.256756756756756772e+02 1.978665219121120145e-01
1.258258258258258309e+02 0.000000000000000000e+00
1.259759759759759845e+02 2.003433800555171618e-01
1.261261261261261239e+02 2.090064270809120217e-01
1.262762762762762776e+02 1.010583992625989913e-01
1.264264264264264312e+02 1.702442327847394389e-03
1.265765765765765849e+02 1.915726696240719132e-03
1.267267267267267243e+02 4.165451250818184284e-04
1.268768768768768780e+02 4.189114831667688568e-04
1.270270270270270316e+02 1.424466982681848459e-01
1.271771771771771853e+02 1.969613234294634585e-01
1.273273273273273247e+02 1.496650786263086300e-03
1.274774774774774784e+02 1.550658333198316752e-01
1.276276276276276320e+02 2.204383207189548055e-01
1.277777777777777857e+02 1.636892409914626478e-01
1.279279279279279251e+02 2.582672526396261915e-03
1.280780780780780788e+02 1.669508380349855664e-03
1.282282282282282324e+02 2.021402287170472132e-03
1.283783783783783861e+02 4.155256442188976591e-04
1.285285285285285397e+02 4.336339046836230459e-04
1.286786786786786934e+02 1.723718418085324056e-01
1.288288288288288186e+02 1.806705335909018217e-01
1.289789789789789722e+02 0.000000000000000000e+00
1.291291291291291259e+02 2.055672720026557043e-01
1.292792792792792795e+02 2.047020953886727612e-01
1.294294294294294332e+02 1.640496672270881076e-03
1.295795795795795868e+02 1.651300694311527185e-03
1.297297297297297405e+02 1.922947835430716297e-03
1.298798798798798941e+02 4.201594511887358141e-04
1.300300300300300194e+02 4.233015570409289050e-04
1.301801801801801730e+02 1.470168548748252701e-01
1.303303303303303267e+02 2.011553393735525663e-01
1.304804804804804803e+02 2.163998573659230011e-10
1.306306306306306340e+02 1.637363253637153793e-01
1.307807807807807876e+02 2.204105608369726910e-01
1.309309309309309413e+02 1.549751910207748107e-01
1.310810810810810949e+02 2.580315633548088683e-03
1.312312312312312201e+02 1.706694232133134682e-03
1.313813813813813738e+02 2.006746827663408086e-03
1.315315315315315274e+02 4.157277815172514255e-04
1.316816816816816811e+02 4.347276745492572583e-04
1.318318318318318347e+02 1.764095347791488910e-01
1.319819819819819884e+02 1.634216117811780333e-01
1.321321321321321420e+02 9.493110404850756134e-02
1.322822822822822957e+02 2.098164727935176999e-01
1.324324324324324209e+02 1.993429063219232800e-01
1.325825825825825746e+02 1.716937037755020441e-03
1.327327327327327282e+02 1.478487545996731234e-03
1.328828828828828819e+02 1.983701061969297789e-03
1.330330330330330355e+02 4.150620762928264448e-04
1.331831831831831892e+02 4.223399094077022833e-04
1.333333333333333428e+02 1.511333131312719846e-01
1.334834834834834965e+02 2.051938500502439866e-01
1.336336336336336217e+02 1.460528044827381260e-10
1.337837837837837753e+02 1.731278996379902735e-01
1.339339339339339290e+02 2.196833721007211970e-01
1.340840840840840826e+02 1.453596505617830714e-01
1.342342342342342363e+02 2.495552965828897601e-03
1.343843843843843899e+02 1.734785334836686128e-03
1.345345345345345436e+02 1.932831563003438230e-03
1.346846846846846972e+02 4.185065569239313095e-04
1.348348348348348509e+02 4.404781709771662425e-04
1.349849849849849761e+02 1.807581622526298060e-01
1.351351351351351298e+02 1.456039987022993976e-01
1.352852852852852834e+02 1.082175852906702707e-01
1.354354354354354371e+02 2.133479003247882311e-01
1.355855855855855907e+02 1.937403852717897446e-01
1.357357357357357444e+02 2.207149964019514219e-03
1.358858858858858980e+02 1.501751513452671827e-03
1.360360360360360517e+02 1.997870935123970560e-03
1.361861861861861769e+02 4.170348231422325359e-04
1.363363363363363305e+02 4.244751004388972208e-04
1.364864864864864842e+02 1.554466094188450831e-01
1.366366366366366378e+02 2.090799954803821137e-01
1.367867867867867915e+02 0.000000000000000000e+00
1.369369369369369451e+02 1.809744922317101934e-01
1.370870870870870988e+02 2.179989342869934343e-01
1.372372372372372524e+02 1.348626065334115331e-01
1.373873873873873777e+02 2.144291648880262881e-03
1.375375375375375313e+02 1.799704261450916316e-03
1.376876876876876850e+02 1.920122159607798784e-03
1.378378378378378386e+02 4.159145436545932158e-04
1.379879879879879923e+02 4.409936201389702158e-04
1.381381381381381459e+02 1.847596007387852235e-01
1.382882882882882996e+02 1.287037620017055795e-01
1.384384384384384532e+02 1.217729437924417457e-01
1.385885885885885784e+02 2.163360022378953695e-01
1.387387387387387321e+02 1.871479060075605660e-01
1.388888888888888857e+02 2.396907075746603638e-03
1.390390390390390394e+02 1.542288860846500369e-03
1.391891891891891930e+02 2.005647802040319734e-03
1.393393393393393467e+02 4.173821886483411936e-04
1.394894894894895003e+02 4.281003143168035934e-04
1.396396396396396540e+02 1.598367436630960536e-01
1.397897897897897792e+02 2.132583526983535260e-01
1.399399399399399329e+02 0.000000000000000000e+00
1.400900900900900865e+02 1.881505369793582405e-01
1.402402402402402402e+02 2.158867126577376228e-01
1.403903903903903938e+02 1.246403417445053896e-01
1.405405405405405475e+02 2.113928725686233922e-03
1.406906906906907011e+02 1.819445263865294678e-03
1.408408408408408548e+02 1.829361104860828405e-03
1.409909909909909800e+02 4.191342826714759503e-04
1.411411411411411336e+02 1.339169000945397703e-01
1.412912912912912873e+02 1.888734141030279090e-01
1.414414414414414409e+02 1.389891905271264287e-03
1.415915915915915946e+02 1.333113288947602726e-01
1.417417417417417482e+02 2.183176024409246851e-01
1.418918918918919019e+02 1.799379578458051854e-01
1.420420420420420555e+02 2.460532044662650398e-03
1.421921921921921808e+02 1.592815290285778734e-03
1.423423423423423344e+02 2.049883091039500765e-03
1.424924924924924881e+02 4.140590062724735761e-04
1.426426426426426417e+02 4.272428707223110793e-04
1.427927927927927954e+02 1.638529035182334781e-01
1.429429429429429490e+02 2.162265714764903257e-01
1.430930930930931027e+02 0.000000000000000000e+00
1.432432432432432563e+02 1.948361427986961270e-01
1.433933933933933815e+02 2.127439690867983235e-01
1.435435435435435352e+02 1.128028482694093254e-01
1.436936936936936888e+02 1.877678938374651449e-03
1.438438438438438425e+02 1.866209480046297168e-03
1.439939939939939961e+02 4.188857678030951086e-04
1.441441441441441498e+02 4.197329165944807886e-04
1.442942942942943034e+02 1.382446198042587560e-01
1.444444444444444571e+02 1.930910916923547493e-01
1.445945945945946107e+02 1.428593248405322490e-03
1.447447447447447360e+02 1.442200630675896100e-01
1.448948948948948896e+02 2.198435644887353768e-01
1.450450450450450433e+02 1.724193186468305494e-01
1.451951951951951969e+02 2.796808163077894524e-03
1.453453453453453506e+02 1.612074845658329619e-03
1.454954954954955042e+02 2.013900700497611197e-03
1.456456456456456579e+02 4.177799563830282320e-04
1.457957957957958115e+02 4.319109955158411253e-04
1.459459459459459367e+02 1.682261327057796574e-01
1.460960960960960904e+02 1.977624872497547315e-01
1.462462462462462440e+02 0.000000000000000000e+00
1.463963963963963977e+02 2.003764654752297758e-01
1.465465465465465513e+02 2.089948385644530282e-01
1.466966966966967050e+02 1.010122777923778414e-01
1.468468468468468586e+02 1.702782414983974391e-03
1.469969969969970123e+02 1.916792923120797963e-03
1.471471471471471375e+02 4.165524036086123440e-04
1.472972972972972912e+02 4.189469483541284189e-04
1.474474474474474448e+02 1.424878376029541927e-01
1.475975975975975985e+02 1.969907942752692209e-01
1.477477477477477521e+02 1.498623289197762018e-03
1.478978978978979058e+02 1.551667765759089934e-01
1.480480480480480594e+02 2.204714689957786855e-01
1.481981981981982130e+02 1.636548425486564484e-01
1.483483483483483383e+02 2.581254413571313754e-03
1.484984984984984919e+02 1.669868754842225751e-03
1.486486486486486456e+02 2.021893955272869355e-03
1.487987987987987992e+02 4.155673747685187228e-04
1.489489489489489529e+02 4.337078792951851928e-04
1.490990990990991065e+02 1.724010803451579976e-01
1.492492492492492602e+02 1.805921107762212263e-01
1.493993993993994138e+02 0.000000000000000000e+00
1.495495495495495391e+02 2.055995029624116677e-01
1.496996996996996927e+02 2.046831772299118057e-01
1.498498498498498464e+02 1.642179789853385943e-03
1.500000000000000000e+02 1.650964771186288864e-03
