0.000000000000000000e+00 3.390273604622502657e-02
1.501501501501501523e-01 2.377165991385105925e-01
3.003003003003003046e-01 3.780958740144526042e-01
4.504504504504504570e-01 5.107667739506276394e-01
6.006006006006006093e-01 5.949532336352290063e-01
7.507507507507507061e-01 5.650972376109322237e-01
9.009009009009009139e-01 5.190975941857401965e-01
1.051051051051051122e+00 5.075954732959500060e-01
1.201201201201201219e+00 6.636997799334332093e-01
1.351351351351351315e+00 6.995419880004067892e-01
1.501501501501501412e+00 6.359297917106764286e-01
1.651651651651651731e+00 6.172791752819801747e-01
1.801801801801801828e+00 6.525475091390062765e-01
1.951951951951951925e+00 6.791477115656749941e-01
2.102102102102102243e+00 7.094566529412065226e-01
2.252252252252252340e+00 6.893854902168430332e-01
2.402402402402402437e+00 7.104307892465553387e-01
2.552552552552552534e+00 7.503164404643394292e-01
2.702702702702702631e+00 7.586570690375262771e-01
2.852852852852852727e+00 7.351278490800123855e-01
3.003003003003002824e+00 7.082448254577164981e-01
3.153153153153153365e+00 6.901054361259257863e-01
3.303303303303303462e+00 7.831449883394658862e-01
3.453453453453453559e+00 8.550627785665334546e-01
3.603603603603603656e+00 8.615352518964800588e-01
3.753753753753753752e+00 8.527631438180516277e-01
3.903903903903903849e+00 8.577561269655141762e-01
4.054054054054054390e+00 8.543777264045985254e-01
4.204204204204204487e+00 8.503441092023393821e-01
4.354354354354354584e+00 8.601058275849332579e-01
4.504504504504504681e+00 8.355442553871352818e-01
4.654654654654654777e+00 8.054729718407189765e-01
4.804804804804804874e+00 7.929737912138835609e-01
4.954954954954954971e+00 7.834262741371395000e-01
5.105105105105105068e+00 7.650967099313985553e-01
5.255255255255255165e+00 7.545536506575464264e-01
5.405405405405405261e+00 8.083971015583749642e-01
5.555555555555555358e+00 8.428246524897018421e-01
5.705705705705705455e+00 8.528319342917598522e-01
5.855855855855855552e+00 8.476005150235084162e-01
6.006006006006005649e+00 8.373206358566630536e-01
6.156156156156156634e+00 8.184452089784745032e-01
6.306306306306306730e+00 8.099159766984915798e-01
6.456456456456456827e+00 8.655195490109034440e-01
6.606606606606606924e+00 8.635093894288445870e-01
6.756756756756757021e+00 8.260788741768961829e-01
6.906906906906907118e+00 8.115594906268817077e-01
7.057057057057057214e+00 8.064783776750117372e-01
7.207207207207207311e+00 7.862929832399219165e-01
7.357357357357357408e+00 7.803001928514550212e-01
7.507507507507507505e+00 8.353374126998687199e-01
7.657657657657657602e+00 8.541416236404277829e-01
7.807807807807807698e+00 8.497736031153957370e-01
7.957957957957957795e+00 8.383850189017483245e-01
8.108108108108108780e+00 8.257752815208391217e-01
8.258258258258258877e+00 8.063566545180754774e-01
8.408408408408408974e+00 8.052808347900901609e-01
8.558558558558559071e+00 8.590180951606157800e-01
8.708708708708709167e+00 8.633607040088265849e-01
8.858858858858859264e+00 8.367561852521652188e-01
9.009009009009009361e+00 8.273156422088067119e-01
9.159159159159159458e+00 8.198624512610881432e-01
9.309309309309309555e+00 8.008643192237798747e-01
9.459459459459459651e+00 7.957973901844880293e-01
9.609609609609609748e+00 8.479841193814723344e-01
9.759759759759759845e+00 8.625810906239598230e-01
9.909909909909909942e+00 8.507682154173960010e-01
1.006006006006006004e+01 8.406854128254447334e-01
1.021021021021021014e+01 8.292302321486335615e-01
1.036036036036036023e+01 8.089869909309845841e-01
1.051051051051051033e+01 8.114385297708990308e-01
1.066066066066066043e+01 8.628039376508672698e-01
1.081081081081081052e+01 8.711768918982079057e-01
1.096096096096096062e+01 8.456000306301647562e-01
1.111111111111111072e+01 8.362885618903179719e-01
1.126126126126126081e+01 8.278324641850509646e-01
1.141141141141141091e+01 8.096285059144935348e-01
1.156156156156156101e+01 8.133861090439751251e-01
1.171171171171171110e+01 8.558490097227101634e-01
1.186186186186186120e+01 8.595771836295114099e-01
1.201201201201201130e+01 8.424479460156171218e-01
1.216216216216216317e+01 8.338606684182168216e-01
1.231231231231231327e+01 8.213882763607873727e-01
1.246246246246246336e+01 7.993648907390256131e-01
1.261261261261261346e+01 8.018854956725075533e-01
1.276276276276276356e+01 8.586448032938163166e-01
1.291291291291291365e+01 8.733125681757358816e-01
1.306306306306306375e+01 8.555304581733014224e-01
1.321321321321321385e+01 8.482747176774083631e-01
1.336336336336336394e+01 8.383988799261106184e-01
1.351351351351351404e+01 8.195855030732785984e-01
1.366366366366366414e+01 8.287902217338751765e-01
1.381381381381381424e+01 8.660635369739926315e-01
1.396396396396396433e+01 8.669517867714127135e-01
1.411411411411411443e+01 8.398470806590907500e-01
1.426426426426426453e+01 8.323448974337284145e-01
1.441441441441441462e+01 8.213174367022102462e-01
1.456456456456456472e+01 8.007204382425116007e-01
1.471471471471471482e+01 8.091266484955994542e-01
1.486486486486486491e+01 8.526478450252976682e-01
1.501501501501501501e+01 8.625582032541447841e-01
1.516516516516516511e+01 8.450840272778864515e-01
1.531531531531531520e+01 8.390580733296016946e-01
1.546546546546546530e+01 8.259121792047141586e-01
1.561561561561561540e+01 8.034965346968756528e-01
1.576576576576576549e+01 8.167122150305019534e-01
1.591591591591591559e+01 8.684370030712883493e-01
1.606606606606606746e+01 8.756135629475649829e-01
1.621621621621621756e+01 8.469845152101265207e-01
1.636636636636636766e+01 8.412754369965491641e-01
1.651651651651651775e+01 8.305459205037760695e-01
1.666666666666666785e+01 8.110296280257637269e-01
1.681681681681681795e+01 8.252790094178645841e-01
1.696696696696696804e+01 8.622942677317293469e-01
1.711711711711711814e+01 8.629617718504010160e-01
1.726726726726726824e+01 8.369016539566073165e-01
1.741741741741741833e+01 8.321135411287872152e-01
1.756756756756756843e+01 8.192516915801091315e-01
1.771771771771771853e+01 7.969151797831681705e-01
1.786786786786786863e+01 8.143283543207682218e-01
1.801801801801801872e+01 8.565111314444490143e-01
1.816816816816816882e+01 8.638992303243975268e-01
1.831831831831831892e+01 8.424504370337320136e-01
1.846846846846846901e+01 8.384987852182065327e-01
1.861861861861861911e+01 8.250889192146643181e-01
1.876876876876876921e+01 8.027482088302756447e-01
1.891891891891891930e+01 8.226647122303927251e-01
1.906906906906906940e+01 8.672033471811739780e-01
1.921921921921921950e+01 8.688946757203566129e-01
1.936936936936936959e+01 8.393782747007321188e-01
1.951951951951951969e+01 8.368737462947810624e-01
1.966966966966966979e+01 8.250755058837100364e-01
1.981981981981981988e+01 8.044421853745218343e-01
1.996996996996996998e+01 8.209165717392364892e-01
2.012012012012012008e+01 8.599275235273462492e-01
2.027027027027027017e+01 8.599481037478962087e-01
2.042042042042042027e+01 8.323445077091740085e-01
2.057057057057057037e+01 8.296999318456548256e-01
2.072072072072072046e+01 8.156942807976639287e-01
2.087087087087087056e+01 7.924787302671431055e-01
2.102102102102102066e+01 8.137941886787503076e-01
2.117117117117117076e+01 8.595475641626446617e-01
2.132132132132132085e+01 8.635335716555572194e-01
2.147147147147147095e+01 8.406212475641327009e-01
2.162162162162162105e+01 8.378045846636373861e-01
2.177177177177177114e+01 8.238371923592389123e-01
2.192192192192192124e+01 8.011068816108877222e-01
2.207207207207207134e+01 8.278376327745986529e-01
2.222222222222222143e+01 8.673961415012511056e-01
2.237237237237237153e+01 8.656616840462210138e-01
2.252252252252252163e+01 8.349005113351624097e-01
2.267267267267267172e+01 8.328751475633922041e-01
2.282282282282282182e+01 8.200852539254661622e-01
2.297297297297297192e+01 7.987638470917854949e-01
2.312312312312312201e+01 8.219176331334835384e-01
2.327327327327327211e+01 8.582199147063118705e-01
2.342342342342342221e+01 8.566083698001887292e-01
2.357357357357357230e+01 8.317227659091657177e-01
2.372372372372372240e+01 8.278808999767992560e-01
2.387387387387387250e+01 8.126290501387756215e-01
2.402402402402402259e+01 7.883154944063867076e-01
2.417417417417417624e+01 8.173704332562578001e-01
2.432432432432432634e+01 8.613904674009977835e-01
2.447447447447447644e+01 8.624756470880108328e-01
2.462462462462462653e+01 8.391407935249385330e-01
2.477477477477477663e+01 8.356214527403151848e-01
2.492492492492492673e+01 8.213793853245082710e-01
2.507507507507507682e+01 7.987226647760978793e-01
2.522522522522522692e+01 8.329469954254052899e-01
2.537537537537537702e+01 8.661710031771907570e-01
2.552552552552552712e+01 8.608819005642838196e-01
2.567567567567567721e+01 8.320063753195814371e-01
2.582582582582582731e+01 8.287082267234993083e-01
2.597597597597597741e+01 8.144585237748870332e-01
2.612612612612612750e+01 7.916857872148620467e-01
2.627627627627627760e+01 8.212235065820951974e-01
2.642642642642642770e+01 8.563230697355296295e-01
2.657657657657657779e+01 8.540631778337058888e-01
2.672672672672672789e+01 8.314736483973713677e-01
2.687687687687687799e+01 8.266412278911462463e-01
2.702702702702702808e+01 8.106539648206625426e-01
2.717717717717717818e+01 7.858572977708262464e-01
2.732732732732732828e+01 8.231263497037163424e-01
2.747747747747747837e+01 8.628581080657823366e-01
2.762762762762762847e+01 8.602206756886732197e-01
2.777777777777777857e+01 8.368605991409364675e-01
2.792792792792792866e+01 8.325976304556850227e-01
2.807807807807807876e+01 8.176683188872903019e-01
2.822822822822822886e+01 7.946494686628360338e-01
2.837837837837837895e+01 8.306035480364314383e-01
2.852852852852852905e+01 8.633696403820161347e-01
2.867867867867867915e+01 8.553395396600942391e-01
2.882882882882882924e+01 8.290671818475583432e-01
2.897897897897897934e+01 8.246110545933764691e-01
2.912912912912912944e+01 8.092853797231770452e-01
2.927927927927927954e+01 7.853378475613972398e-01
2.942942942942942963e+01 8.228676276224911046e-01
2.957957957957957973e+01 8.539779308367591026e-01
2.972972972972972983e+01 8.525058422216711396e-01
2.987987987987987992e+01 8.311198592685340447e-01
3.003003003003003002e+01 8.251250178244011746e-01
3.018018018018018012e+01 8.082569056440014332e-01
3.033033033033033021e+01 7.830830185000912103e-01
3.048048048048048031e+01 8.273024331394021047e-01
3.063063063063063041e+01 8.634954515215378379e-01
3.078078078078078050e+01 8.565371600261981744e-01
3.093093093093093060e+01 8.338450343938779152e-01
3.108108108108108070e+01 8.290713919211157856e-01
3.123123123123123079e+01 8.137136953761749947e-01
3.138138138138138089e+01 7.902207535086631651e-01
3.153153153153153099e+01 8.319819951263276447e-01
3.168168168168168108e+01 8.600175698958674175e-01
3.183183183183183118e+01 8.509186419547911662e-01
3.198198198198198128e+01 8.267558954723087661e-01
3.213213213213213493e+01 8.208781662886135422e-01
3.228228228228228147e+01 8.042858580201734942e-01
3.243243243243243512e+01 7.794153031152520894e-01
3.258258258258258167e+01 8.245095194113789550e-01
3.273273273273273531e+01 8.540193454675293339e-01
3.288288288288288186e+01 8.500571646462481423e-01
3.303303303303303551e+01 8.303110553794799120e-01
3.318318318318318205e+01 8.235956293078987578e-01
3.333333333333333570e+01 8.060938747655651548e-01
3.348348348348348225e+01 7.803701372501697930e-01
3.363363363363363590e+01 8.314992056657348751e-01
3.378378378378378244e+01 8.627373466044505612e-01
3.393393393393393609e+01 8.528465812294560022e-01
3.408408408408408263e+01 8.305899394107080225e-01
3.423423423423423628e+01 8.247286630266432716e-01
3.438438438438438283e+01 8.086147070167843953e-01
3.453453453453453648e+01 7.847741799308199928e-01
3.468468468468468302e+01 8.323395349660424047e-01
3.483483483483483667e+01 8.554345613908702628e-01
3.498498498498498321e+01 8.462303026030209008e-01
3.513513513513513686e+01 8.250611633803024425e-01
3.528528528528528341e+01 8.180990775361651757e-01
3.543543543543543706e+01 8.003154574321016401e-01
3.558558558558558360e+01 7.741892773705181252e-01
3.573573573573573725e+01 8.271986760871673505e-01
3.588588588588588379e+01 8.538567116980827487e-01
3.603603603603603744e+01 8.477820203110050246e-01
3.618618618618618399e+01 8.288995533679648364e-01
3.633633633633633764e+01 8.213601856168463167e-01
3.648648648648648418e+01 8.035011175286423946e-01
3.663663663663663783e+01 7.778448196911603718e-01
3.678678678678678438e+01 8.350382392362954986e-01
3.693693693693693803e+01 8.611290999567995375e-01
3.708708708708708457e+01 8.479946439953131021e-01
3.723723723723723822e+01 8.274798207934321859e-01
3.738738738738738476e+01 8.206139977649298256e-01
3.753753753753753841e+01 8.033401662299545221e-01
3.768768768768768496e+01 7.783479387161600371e-01
3.783783783783783861e+01 8.323034441268805095e-01
3.798798798798798515e+01 8.527911194910078319e-01
3.813813813813813880e+01 8.420702312099782594e-01
3.828828828828828534e+01 8.232474206681095197e-01
3.843843843843843899e+01 8.152709619411828701e-01
3.858858858858859264e+01 7.967474611248825944e-01
3.873873873873873919e+01 7.668497545951680205e-01
3.888888888888889284e+01 8.306899794550400840e-01
3.903903903903903938e+01 8.539927815117287491e-01
3.918918918918919303e+01 8.453056643304898143e-01
3.933933933933933957e+01 8.275784717496192933e-01
3.948948948948949322e+01 8.191929381286694456e-01
3.963963963963963977e+01 8.005643160228883559e-01
3.978978978978979342e+01 7.744756227371563106e-01
3.993993993993993996e+01 8.371339118224584430e-01
4.009009009009009361e+01 8.567822277528817088e-01
4.024024024024024015e+01 8.422911632175651420e-01
4.039039039039039380e+01 8.241205430794651399e-01
4.054054054054054035e+01 8.163433023426911461e-01
4.069069069069069400e+01 7.983286101560049808e-01
4.084084084084084054e+01 7.726142756734344363e-01
4.099099099099099419e+01 8.331611220860382083e-01
4.114114114114114074e+01 8.507311181759980023e-01
4.129129129129129439e+01 8.391130949624840962e-01
4.144144144144144093e+01 8.219109898912453360e-01
4.159159159159159458e+01 8.126941346003901945e-01
4.174174174174174112e+01 7.930845448687537935e-01
4.189189189189189477e+01 7.653952854299288511e-01
4.204204204204204132e+01 8.329546482536159813e-01
4.219219219219219497e+01 8.537741620330688841e-01
4.234234234234234151e+01 8.412264939192694024e-01
4.249249249249249516e+01 8.254181753041313074e-01
4.264264264264264170e+01 8.165685887660327769e-01
4.279279279279279535e+01 7.976544275461314726e-01
4.294294294294294190e+01 7.790483610133717152e-01
4.309309309309309555e+01 8.388640698713799582e-01
4.324324324324324209e+01 8.539482189644568289e-01
4.339339339339339574e+01 8.378495669286410985e-01
4.354354354354354228e+01 8.212997129300391164e-01
4.369369369369369593e+01 8.121669146559423735e-01
4.384384384384384248e+01 7.929222833891051980e-01
4.399399399399399613e+01 7.701814591356413997e-01
4.414414414414414267e+01 8.333054179868927269e-01
4.429429429429429632e+01 8.493134700240017043e-01
4.444444444444444287e+01 8.352272017000921256e-01
4.459459459459459651e+01 8.207584282030584433e-01
4.474474474474474306e+01 8.107686975688692677e-01
4.489489489489489671e+01 7.870061500726684978e-01
4.504504504504504325e+01 7.719493659290217469e-01
4.519519519519519690e+01 8.360203307158452501e-01
4.534534534534534345e+01 8.529421783649869804e-01
4.549549549549549710e+01 8.377461119699403103e-01
4.564564564564564364e+01 8.229524233536973377e-01
4.579579579579579729e+01 8.130821516572510621e-01
4.594594594594594383e+01 7.935385529279251893e-01
4.609609609609609748e+01 7.815118261742877159e-01
4.624624624624624403e+01 8.393257272212704123e-01
4.639639639639639768e+01 8.509874894570966797e-01
4.654654654654654422e+01 8.324038689820574266e-01
4.669669669669669787e+01 8.189411323158524159e-01
4.684684684684684441e+01 8.088393053074156569e-01
4.699699699699699806e+01 7.884264001071005223e-01
4.714714714714714461e+01 7.741236717259255551e-01
4.729729729729729826e+01 8.347186799598441675e-01
4.744744744744744480e+01 8.481471057564242688e-01
4.759759759759759845e+01 8.322688661407068311e-01
4.774774774774774500e+01 8.193788043778337249e-01
4.789789789789789864e+01 8.084217774897624054e-01
4.804804804804804519e+01 7.839405716332509266e-01
4.819819819819819884e+01 7.770296770747997517e-01
4.834834834834835249e+01 8.388156793083143548e-01
4.849849849849849903e+01 8.515881862737935126e-01
4.864864864864865268e+01 8.331005470301185989e-01
4.879879879879879923e+01 8.205800137837151453e-01
4.894894894894895288e+01 8.099221554174399484e-01
4.909909909909909942e+01 7.894221123482453306e-01
4.924924924924925307e+01 7.810838518668671293e-01
4.939939939939939961e+01 8.386480457669142075e-01
4.954954954954955326e+01 8.481885882483189976e-01
4.969969969969969981e+01 8.275531006400485001e-01
4.984984984984985346e+01 8.165191721452979001e-01
5.000000000000000000e+01 8.053967726327218024e-01
5.015015015015015365e+01 7.842778548159807794e-01
5.030030030030030019e+01 7.784556384681918795e-01
5.045045045045045384e+01 8.371320693814495728e-01
5.060060060060060039e+01 8.473531101179350156e-01
5.075075075075075404e+01 8.293856621783511907e-01
5.090090090090090058e+01 8.184180795773727812e-01
5.105105105105105423e+01 8.065245497463424673e-01
5.120120120120120077e+01 7.811323463690612590e-01
5.135135135135135442e+01 7.823152878591601578e-01
5.150150150150150097e+01 8.381133034284925509e-01
5.165165165165165462e+01 8.497009246827004203e-01
5.180180180180180116e+01 8.274772616616643539e-01
5.195195195195195481e+01 8.175624264445546796e-01
5.210210210210210136e+01 8.061415923768324721e-01
5.225225225225225500e+01 7.851795313372273988e-01
5.240240240240240155e+01 7.855630845728936995e-01
5.255255255255255520e+01 8.394865084448135395e-01
5.270270270270270174e+01 8.455822119638626289e-01
5.285285285285285539e+01 8.240287865872506501e-01
5.300300300300300194e+01 8.129943967907412583e-01
5.315315315315315559e+01 8.024197971135508256e-01
5.330330330330330213e+01 7.772775843788797268e-01
5.345345345345345578e+01 7.812745461308294725e-01
5.360360360360360232e+01 8.390448963868560872e-01
5.375375375375375597e+01 8.464674140685642945e-01
5.390390390390390252e+01 8.247421429679721028e-01
5.405405405405405617e+01 8.167925654755172626e-01
5.420420420420420271e+01 8.043939588985888900e-01
5.435435435435435636e+01 7.786547970888504366e-01
5.450450450450450290e+01 7.886950812183404214e-01
5.465465465465465655e+01 8.395771645417104967e-01
5.480480480480480310e+01 8.472995168812580413e-01
5.495495495495495675e+01 8.233505526193537483e-01
5.510510510510510329e+01 8.149589191282355927e-01
5.525525525525525694e+01 8.021826894936577856e-01
5.540540540540540349e+01 7.799175744522006681e-01
5.555555555555555713e+01 7.870885455469790459e-01
5.570570570570570368e+01 8.399878296368692432e-01
5.585585585585585733e+01 8.433007232504441397e-01
5.600600600600600387e+01 8.189768238283664514e-01
5.615615615615615752e+01 8.113686675787555869e-01
5.630630630630630407e+01 7.974637032671503256e-01
5.645645645645645772e+01 7.745085414262306012e-01
5.660660660660660426e+01 7.883057289301190762e-01
5.675675675675675791e+01 8.411068450047447520e-01
5.690690690690690445e+01 8.454805883397039645e-01
5.705705705705705810e+01 8.214635919233156391e-01
5.720720720720720465e+01 8.151055763810099997e-01
5.735735735735735830e+01 8.016625776645633916e-01
5.750750750750750484e+01 7.790192496307171144e-01
5.765765765765765849e+01 7.923872971376771934e-01
5.780780780780781214e+01 8.399734759857709898e-01
5.795795795795795868e+01 8.444447813623193744e-01
5.810810810810811233e+01 8.174717654662444488e-01
5.825825825825825888e+01 8.125738027525760687e-01
5.840840840840841253e+01 7.990100032452435164e-01
5.855855855855855907e+01 7.756602551400586520e-01
5.870870870870871272e+01 7.917146149954952250e-01
5.885885885885885926e+01 8.406803668842155464e-01
5.900900900900901291e+01 8.415729514530871924e-01
5.915915915915915946e+01 8.155086015196364446e-01
5.930930930930931311e+01 8.097911039829215341e-01
5.945945945945945965e+01 7.947391610385842187e-01
5.960960960960961330e+01 7.712134835936400590e-01
5.975975975975975985e+01 7.924086719031347981e-01
5.990990990990991349e+01 8.431693832923707888e-01
6.006006006006006004e+01 8.438918967768216373e-01
6.021021021021021369e+01 8.166725148396286604e-01
6.036036036036036023e+01 8.134789655472844938e-01
6.051051051051051388e+01 7.993728003504347868e-01
6.066066066066066043e+01 7.758725538043769188e-01
6.081081081081081408e+01 7.973059032183865691e-01
6.096096096096096062e+01 8.396275768554075647e-01
6.111111111111111427e+01 8.418292151743967944e-01
6.126126126126126081e+01 8.124241105832604726e-01
6.141141141141141446e+01 8.098472967101691955e-01
6.156156156156156101e+01 7.951857639428188129e-01
6.171171171171171466e+01 7.710832475316029555e-01
6.186186186186186120e+01 7.950418639433748380e-01
6.201201201201201485e+01 8.419368201755456083e-01
6.216216216216216139e+01 8.398243072093851680e-01
6.231231231231231504e+01 8.134649429788041175e-01
6.246246246246246159e+01 8.086802728729260981e-01
6.261261261261261524e+01 7.928422666185773737e-01
6.276276276276276178e+01 7.686817857283257949e-01
6.291291291291291543e+01 7.972147661487538617e-01
6.306306306306306197e+01 8.404490530670368775e-01
6.321321321321321562e+01 8.421017883202757126e-01
6.336336336336336217e+01 8.137882418619797331e-01
6.351351351351351582e+01 8.110550939912204438e-01
6.366366366366366236e+01 7.962548166763588897e-01
6.381381381381381601e+01 7.724732640601877920e-01
6.396396396396396256e+01 8.011776524759954832e-01
6.411411411411411621e+01 8.397341799334471224e-01
6.426426426426426985e+01 8.389792139954912464e-01
6.441441441441440929e+01 8.115228114043838703e-01
6.456456456456456294e+01 8.079943425707171167e-01
6.471471471471471659e+01 7.919814472025529239e-01
6.486486486486487024e+01 7.644984747003208403e-01
6.501501501501500968e+01 7.986034487154231032e-01
6.516516516516516333e+01 8.381827201668705651e-01
6.531531531531531698e+01 8.381725771279705528e-01
6.546546546546547063e+01 8.128626784688799400e-01
6.561561561561561007e+01 8.069856337234240229e-01
6.576576576576576372e+01 7.905410654251550095e-01
6.591591591591591737e+01 7.663237781651515146e-01
6.606606606606607102e+01 8.035100495394200681e-01
6.621621621621621046e+01 8.416132665331690355e-01
6.636636636636636410e+01 8.399129206922982815e-01
6.651651651651651775e+01 8.127034446057942452e-01
6.666666666666667140e+01 8.090025444824218148e-01
6.681681681681681084e+01 7.929500606789203765e-01
6.696696696696696449e+01 7.677930476424607020e-01
6.711711711711711814e+01 8.035351125526792870e-01
6.726726726726727179e+01 8.391987567526918435e-01
6.741741741741742544e+01 8.361753232179119921e-01
6.756756756756756488e+01 8.103842340120400722e-01
6.771771771771771853e+01 8.059665190896304621e-01
6.786786786786787218e+01 7.893116130676451903e-01
6.801801801801802583e+01 7.613501656330992073e-01
6.816816816816816527e+01 8.039956346994442393e-01
6.831831831831831892e+01 8.393427869683597331e-01
6.846846846846847257e+01 8.368274340877802642e-01
6.861861861861862621e+01 8.125059200499930023e-01
6.876876876876876565e+01 8.055965594955849518e-01
6.891891891891891930e+01 7.880990509398724253e-01
6.906906906906907295e+01 7.631143399393175430e-01
6.921921921921922660e+01 8.065800850330520078e-01
6.936936936936936604e+01 8.418104545358554569e-01
6.951951951951951969e+01 8.368849522636746530e-01
6.966966966966967334e+01 8.112433160197018989e-01
6.981981981981982699e+01 8.067842436505574533e-01
6.996996996996996643e+01 7.901314180299578993e-01
7.012012012012012008e+01 7.618560938123383197e-01
7.027027027027027373e+01 8.074107158813840224e-01
7.042042042042042738e+01 8.388792571416896493e-01
7.057057057057056682e+01 8.341690680149516091e-01
7.072072072072072046e+01 8.096972498849448474e-01
7.087087087087087411e+01 8.020015364493360277e-01
7.102102102102102776e+01 7.835661261579758285e-01
7.117117117117116720e+01 7.567980951401934719e-01
7.132132132132132085e+01 8.069334544618450566e-01
7.147147147147147450e+01 8.402802912870892538e-01
7.162162162162162815e+01 8.345374440151599460e-01
7.177177177177176759e+01 8.117047327350146446e-01
7.192192192192192124e+01 8.041350121173096444e-01
7.207207207207207489e+01 7.862180859426118884e-01
7.222222222222222854e+01 7.606146661876231896e-01
7.237237237237236798e+01 8.111890945135592501e-01
7.252252252252252163e+01 8.414432330899680457e-01
7.267267267267267528e+01 8.344366233256891308e-01
7.282282282282282893e+01 8.100355626641055906e-01
7.297297297297296836e+01 8.041577465107844214e-01
7.312312312312312201e+01 7.863606972229117975e-01
7.327327327327327566e+01 7.578452416184848772e-01
7.342342342342342931e+01 8.104057511956006543e-01
7.357357357357356875e+01 8.390840527341210109e-01
7.372372372372372240e+01 8.315727630305055351e-01
7.387387387387387605e+01 8.091467933992695372e-01
7.402402402402402970e+01 8.006308016522040161e-01
7.417417417417416914e+01 7.816932243286609516e-01
7.432432432432432279e+01 7.520718313236879338e-01
7.447447447447447644e+01 8.119276520116269769e-01
7.462462462462463009e+01 8.405363697649234078e-01
7.477477477477476953e+01 8.325858363154309272e-01
7.492492492492492318e+01 8.107504380793867371e-01
7.507507507507507682e+01 8.020602537850066716e-01
7.522522522522523047e+01 7.833663507800365799e-01
7.537537537537536991e+01 7.575635776106499630e-01
7.552552552552552356e+01 8.147222844035457712e-01
7.567567567567567721e+01 8.412514606080859769e-01
7.582582582582583086e+01 8.312632967373670967e-01
7.597597597597597030e+01 8.089840305809065102e-01
7.612612612612612395e+01 8.000616030148381963e-01
7.627627627627627760e+01 7.807695495334584512e-01
7.642642642642643125e+01 7.512729398705305650e-01
7.657657657657657069e+01 8.140762146103099894e-01
7.672672672672672434e+01 8.386665849121139882e-01
7.687687687687687799e+01 8.293106186245570166e-01
7.702702702702703164e+01 8.082803138307327329e-01
7.717717717717718529e+01 7.986329653803235784e-01
7.732732732732732472e+01 7.790908772956951500e-01
7.747747747747747837e+01 7.496637597622629601e-01
7.762762762762763202e+01 8.164457933742648166e-01
7.777777777777778567e+01 8.411454504435788015e-01
7.792792792792792511e+01 8.302331168166884323e-01
7.807807807807807876e+01 8.099692749390836610e-01
7.822822822822823241e+01 8.005285579304299848e-01
7.837837837837838606e+01 7.811772244219126193e-01
7.852852852852852550e+01 7.516061927020109001e-01
7.867867867867867915e+01 8.180034622933211041e-01
7.882882882882883280e+01 8.403691001267356020e-01
7.897897897897898645e+01 8.279015079175132685e-01
7.912912912912912589e+01 8.076834157236930656e-01
7.927927927927927954e+01 7.977356484023809813e-01
7.942942942942943318e+01 7.778780253450527926e-01
7.957957957957958683e+01 7.483932553908013707e-01
7.972972972972972627e+01 8.181618963149858148e-01
7.987987987987987992e+01 8.389749620653004225e-01
8.003003003003003357e+01 8.274437460808048428e-01
8.018018018018018722e+01 8.079613586808165326e-01
8.033033033033032666e+01 7.973749580839909479e-01
8.048048048048048031e+01 7.766744306412926013e-01
8.063063063063063396e+01 7.472494975836488917e-01
8.078078078078078761e+01 8.199439605191977121e-01
8.093093093093092705e+01 8.411371191101078004e-01
8.108108108108108070e+01 8.267492867802790357e-01
8.123123123123123435e+01 8.086543156570683566e-01
8.138138138138138800e+01 7.984262287486089127e-01
8.153153153153152743e+01 7.787398377935247362e-01
8.168168168168168108e+01 7.494293280244346267e-01
8.183183183183183473e+01 8.214788629521844188e-01
8.198198198198198838e+01 8.397296613765579121e-01
8.213213213213212782e+01 8.256071549151731137e-01
8.228228228228228147e+01 8.068993536511149811e-01
8.243243243243243512e+01 7.958338926240899891e-01
8.258258258258258877e+01 7.750215443402370674e-01
8.273273273273272821e+01 7.479980429537839148e-01
8.288288288288288186e+01 8.212104115086735767e-01
8.303303303303303551e+01 8.390845902089981712e-01
8.318318318318318916e+01 8.243425276316417305e-01
8.333333333333332860e+01 8.070860871991366592e-01
8.348348348348348225e+01 7.957740293407663534e-01
8.363363363363363590e+01 7.749247941318164745e-01
8.378378378378378954e+01 7.536283788991779975e-01
8.393393393393392898e+01 8.239272052540341784e-01
8.408408408408408263e+01 8.406532568472936395e-01
8.423423423423423628e+01 8.243890663479872538e-01
8.438438438438438993e+01 8.076069807036171389e-01
8.453453453453452937e+01 7.963994572237291791e-01
8.468468468468468302e+01 7.754815910785171074e-01
8.483483483483483667e+01 7.545727259791821240e-01
8.498498498498499032e+01 8.240199958289680104e-01
8.513513513513512976e+01 8.391964109250594772e-01
8.528528528528528341e+01 8.219658361171060523e-01
8.543543543543543706e+01 8.059619733205451997e-01
8.558558558558559071e+01 7.942397858927404686e-01
8.573573573573573015e+01 7.729197990119401895e-01
8.588588588588588379e+01 7.569563419660506609e-01
8.603603603603603744e+01 8.200342909081925757e-01
8.618618618618619109e+01 8.388679055072912893e-01
8.633633633633633053e+01 8.221586397173296090e-01
8.648648648648648418e+01 8.062551136836239030e-01
8.663663663663663783e+01 7.938809007062572753e-01
8.678678678678679148e+01 7.718625246173425047e-01
8.693693693693694513e+01 7.566686212609383677e-01
8.708708708708708457e+01 8.269439628359055439e-01
8.723723723723723822e+01 8.401607430013756650e-01
8.738738738738739187e+01 8.209548968375338651e-01
8.753753753753754552e+01 8.065912295116784980e-01
8.768768768768768496e+01 7.947443443068661351e-01
8.783783783783783861e+01 7.728470404048611853e-01
8.798798798798799226e+01 7.595212675920539613e-01
8.813813813813814591e+01 8.219325112158608615e-01
8.828828828828828534e+01 8.383193367932209039e-01
8.843843843843843899e+01 8.191577153280450441e-01
8.858858858858859264e+01 8.049563515698338056e-01
8.873873873873874629e+01 7.920821590738574836e-01
8.888888888888888573e+01 7.699612166337668206e-01
8.903903903903903938e+01 7.594085054423781456e-01
8.918918918918919303e+01 8.234854954146291206e-01
8.933933933933934668e+01 8.388477617922079910e-01
8.948948948948948612e+01 8.192692103549936711e-01
8.963963963963963977e+01 8.056423438397282144e-01
8.978978978978979342e+01 7.926459705697646019e-01
8.993993993993994707e+01 7.692414357771638622e-01
9.009009009009008651e+01 7.624710586142288138e-01
9.024024024024024015e+01 8.248988551600701102e-01
9.039039039039039380e+01 8.391166064142440151e-01
9.054054054054054745e+01 8.173481499740465894e-01
9.069069069069068689e+01 8.051913711288000153e-01
9.084084084084084054e+01 7.924150244775381990e-01
9.099099099099099419e+01 7.698045201492771383e-01
9.114114114114114784e+01 7.646155098840067277e-01
9.129129129129128728e+01 8.295697369960882694e-01
9.144144144144144093e+01 8.377947218506768268e-01
9.159159159159159458e+01 8.167546373679549498e-01
9.174174174174174823e+01 8.044812154346377975e-01
9.189189189189188767e+01 7.908546108369942651e-01
9.204204204204204132e+01 7.669335548479667697e-01
9.219219219219219497e+01 7.656890375598941478e-01
9.234234234234234862e+01 8.254383974779082589e-01
9.249249249249248805e+01 8.382955330215313694e-01
9.264264264264264170e+01 8.154893599997553588e-01
9.279279279279279535e+01 8.043242664141001530e-01
9.294294294294294900e+01 7.905490854386444388e-01
9.309309309309308844e+01 7.670590051088599370e-01
9.324324324324324209e+01 7.716936577306432454e-01
9.339339339339339574e+01 8.278375715424113324e-01
9.354354354354354939e+01 8.380700128778661995e-01
9.369369369369368883e+01 8.148670738027051774e-01
9.384384384384384248e+01 8.043497886968241639e-01
9.399399399399399613e+01 7.905259525466041826e-01
9.414414414414414978e+01 7.645527774128857423e-01
9.429429429429428922e+01 7.696750281412855221e-01
9.444444444444444287e+01 8.264519150084136401e-01
9.459459459459459651e+01 8.370526042692391089e-01
9.474474474474475016e+01 8.125555161486177624e-01
9.489489489489488960e+01 8.033755202633632297e-01
9.504504504504504325e+01 7.890728920590248663e-01
9.519519519519519690e+01 7.652761567864079240e-01
9.534534534534535055e+01 7.724857946326428859e-01
9.549549549549548999e+01 8.284770349189040095e-01
9.564564564564564364e+01 8.376194309156967943e-01
9.579579579579579729e+01 8.130908548459387930e-01
9.594594594594595094e+01 8.034747919905373958e-01
9.609609609609609038e+01 7.886078690815163661e-01
9.624624624624624403e+01 7.624205404564008415e-01
9.639639639639639768e+01 7.730028164636499888e-01
9.654654654654655133e+01 8.291689302318453469e-01
9.669669669669670498e+01 8.368215124078252076e-01
9.684684684684684441e+01 8.103753279927952136e-01
9.699699699699699806e+01 8.032593056812594723e-01
9.714714714714715171e+01 7.888349554048510459e-01
9.729729729729730536e+01 7.625645987454447994e-01
9.744744744744744480e+01 7.755622504439327880e-01
9.759759759759759845e+01 8.288792369034219121e-01
9.774774774774775210e+01 8.363582105537086253e-01
9.789789789789790575e+01 8.102197930093687495e-01
9.804804804804804519e+01 8.026084709996214039e-01
9.819819819819819884e+01 7.872220292869239744e-01
9.834834834834835249e+01 7.603930491049734064e-01
9.849849849849850614e+01 7.772254961851582378e-01
9.864864864864864558e+01 8.304581375046931058e-01
9.879879879879879923e+01 8.365473941767327393e-01
9.894894894894895288e+01 8.088758004699750925e-01
9.909909909909910652e+01 8.023831437002650890e-01
9.924924924924924596e+01 7.870471732815823573e-01
9.939939939939939961e+01 7.606728077469391280e-01
9.954954954954955326e+01 7.819370924790608468e-01
9.969969969969970691e+01 8.306173417717273022e-01
9.984984984984984635e+01 8.356480459539910033e-01
1.000000000000000000e+02 8.073038305810004145e-01
1.001501501501501536e+02 8.020356105210058040e-01
1.003003003003003073e+02 7.863901301621036843e-01
1.004504504504504467e+02 7.598839711272666886e-01
1.006006006006006004e+02 7.803316054657444267e-01
1.007507507507507540e+02 8.311671650175971315e-01
1.009009009009009077e+02 8.354361186751289026e-01
1.010510510510510471e+02 8.074391210811333597e-01
1.012012012012012008e+02 8.018640431063567275e-01
1.013513513513513544e+02 7.860445906651267745e-01
1.015015015015015081e+02 7.589643070644973566e-01
1.016516516516516475e+02 7.837056363861494290e-01
1.018018018018018012e+02 8.317183504737007960e-01
1.019519519519519548e+02 8.353596663085210983e-01
1.021021021021021085e+02 8.050060268650790496e-01
1.022522522522522479e+02 8.008637937846984078e-01
1.024024024024024015e+02 7.843779404266405519e-01
1.025525525525525552e+02 7.580107924226811011e-01
1.027027027027027088e+02 7.867679615628496714e-01
1.028528528528528483e+02 8.325363089933691674e-01
1.030030030030030019e+02 8.342802339278634349e-01
1.031531531531531556e+02 8.056719052501560840e-01
1.033033033033033092e+02 8.014335303744094530e-01
1.034534534534534487e+02 7.848928350724037051e-01
1.036036036036036023e+02 7.581125119368720133e-01
1.037537537537537560e+02 7.859463281353842312e-01
1.039039039039039096e+02 8.323100856331074882e-01
1.040540540540540491e+02 8.343536342976571873e-01
1.042042042042042027e+02 8.057423583433893644e-01
1.043543543543543564e+02 8.005231557676250054e-01
1.045045045045045100e+02 7.838798012040358865e-01
1.046546546546546494e+02 7.567620342944398892e-01
1.048048048048048031e+02 7.894449208922923455e-01
1.049549549549549567e+02 8.336578303097915699e-01
1.051051051051051104e+02 8.339234418716044983e-01
1.052552552552552498e+02 8.051165478631188144e-01
1.054054054054054035e+02 8.000382866212714106e-01
1.055555555555555571e+02 7.823364163168203822e-01
1.057057057057057108e+02 7.559243357792747586e-01
1.058558558558558644e+02 7.888662857985955235e-01
1.060060060060060039e+02 8.331766478532569575e-01
1.061561561561561575e+02 8.327912111532389527e-01
1.063063063063063112e+02 8.051775046033327055e-01
1.064564564564564648e+02 8.001384778864304437e-01
1.066066066066066043e+02 7.830336621499937033e-01
1.067567567567567579e+02 7.561050071212233048e-01
1.069069069069069116e+02 7.921087413666406674e-01
1.070570570570570652e+02 8.343680378478425252e-01
1.072072072072072046e+02 8.332125812442890966e-01
1.073573573573573583e+02 8.059842714524076968e-01
1.075075075075075119e+02 7.997701917338018163e-01
1.076576576576576656e+02 7.820437381546768707e-01
1.078078078078078050e+02 7.546357916061180449e-01
1.079579579579579587e+02 7.932886673866802463e-01
1.081081081081081123e+02 8.343072451796866851e-01
1.082582582582582660e+02 8.320188423496294172e-01
1.084084084084084054e+02 8.042553849685919465e-01
1.085585585585585591e+02 7.985510725727582582e-01
1.087087087087087127e+02 7.804537480949330641e-01
1.088588588588588664e+02 7.538778117414614011e-01
1.090090090090090058e+02 7.991841268737138737e-01
1.091591591591591595e+02 8.346062849982883725e-01
1.093093093093093131e+02 8.316544869171512699e-01
1.094594594594594668e+02 8.053708386395332930e-01
1.096096096096096062e+02 7.991855945705689246e-01
1.097597597597597598e+02 7.805735471213087751e-01
1.099099099099099135e+02 7.538207627536662736e-01
1.100600600600600671e+02 7.960283955615498064e-01
1.102102102102102066e+02 8.354657085505383662e-01
1.103603603603603602e+02 8.313318286760814635e-01
1.105105105105105139e+02 8.056988580430637370e-01
1.106606606606606675e+02 7.984771503215140065e-01
1.108108108108108070e+02 7.805203177149060423e-01
1.109609609609609606e+02 7.529504258436539033e-01
1.111111111111111143e+02 7.992078346795044030e-01
1.112612612612612679e+02 8.351036265447453477e-01
1.114114114114114074e+02 8.306504759160711071e-01
1.115615615615615610e+02 8.041640119915457463e-01
1.117117117117117147e+02 7.971497611371543002e-01
1.118618618618618683e+02 7.770703470816257008e-01
1.120120120120120077e+02 7.512607956752999083e-01
1.121621621621621614e+02 7.988742043021813677e-01
1.123123123123123150e+02 8.357218387672408211e-01
1.124624624624624687e+02 8.296456355787733550e-01
1.126126126126126081e+02 8.049029941960641477e-01
1.127627627627627618e+02 7.983659087480663441e-01
1.129129129129129154e+02 7.793998487229777394e-01
1.130630630630630691e+02 7.522594960983599588e-01
1.132132132132132085e+02 8.018084776612931508e-01
1.133633633633633622e+02 8.361229488715300473e-01
1.135135135135135158e+02 8.299073344614369407e-01
1.136636636636636695e+02 8.053820084437295357e-01
1.138138138138138089e+02 7.970964492641343657e-01
1.139639639639639626e+02 7.778447657762189715e-01
1.141141141141141162e+02 7.504180608720397716e-01
1.142642642642642699e+02 8.029798796174131281e-01
1.144144144144144093e+02 8.360613300336368070e-01
1.145645645645645629e+02 8.284255981702446370e-01
1.147147147147147166e+02 8.042005660367435027e-01
1.148648648648648702e+02 7.963013028869794230e-01
1.150150150150150097e+02 7.739606280204602839e-01
1.151651651651651633e+02 7.499089220674236556e-01
1.153153153153153170e+02 8.038906039701413375e-01
1.154654654654654706e+02 8.361190097582037462e-01
1.156156156156156243e+02 8.280869024749144547e-01
1.157657657657657637e+02 8.040830890695785937e-01
1.159159159159159174e+02 7.968322145617962038e-01
1.160660660660660710e+02 7.769294352115976299e-01
1.162162162162162247e+02 7.500166057182372503e-01
1.163663663663663641e+02 8.064335146718517588e-01
1.165165165165165178e+02 8.371942835497614421e-01
1.166666666666666714e+02 8.277879760009992927e-01
1.168168168168168251e+02 8.052552250108164777e-01
1.169669669669669645e+02 7.961681569657975688e-01
1.171171171171171181e+02 7.759858523860138080e-01
1.172672672672672718e+02 7.485803428994569630e-01
1.174174174174174254e+02 8.069317151132859856e-01
1.175675675675675649e+02 8.360819542546942262e-01
1.177177177177177185e+02 8.263299279509338513e-01
1.178678678678678722e+02 8.036871207249725035e-01
1.180180180180180258e+02 7.945154376769781868e-01
1.181681681681681653e+02 7.716243509299464121e-01
1.183183183183183189e+02 7.472760246341955126e-01
1.184684684684684726e+02 8.133652852085766494e-01
1.186186186186186262e+02 8.371216288371723380e-01
1.187687687687687657e+02 8.263370287218064769e-01
1.189189189189189193e+02 8.051039150939418576e-01
1.190690690690690730e+02 7.960088485882967912e-01
1.192192192192192266e+02 7.730443073506882978e-01
1.193693693693693660e+02 7.481375389621551797e-01
1.195195195195195197e+02 8.096596687623041078e-01
1.196696696696696733e+02 8.372350778171291363e-01
1.198198198198198270e+02 8.252249883229860750e-01
1.199699699699699664e+02 8.044972339161392538e-01
1.201201201201201201e+02 7.944381070507610110e-01
1.202702702702702737e+02 7.739314715385628984e-01
1.204204204204204274e+02 7.463742804420537835e-01
1.205705705705705668e+02 8.116918772265703241e-01
1.207207207207207205e+02 8.366045110745503610e-01
1.208708708708708741e+02 8.247071771930001294e-01
1.210210210210210278e+02 8.038674903162277285e-01
1.211711711711711672e+02 7.934152945998469431e-01
1.213213213213213209e+02 7.700590039893547845e-01
1.214714714714714745e+02 7.454592276285556540e-01
1.216216216216216282e+02 8.118848073514393082e-01
1.217717717717717676e+02 8.373440078924574426e-01
1.219219219219219212e+02 8.234945789717996734e-01
1.220720720720720749e+02 8.047291437118720969e-01
1.222222222222222285e+02 7.946330749292629392e-01
1.223723723723723680e+02 7.731464752070372759e-01
1.225225225225225216e+02 7.465283650071986576e-01
1.226726726726726753e+02 8.144291110306018933e-01
1.228228228228228289e+02 8.374028681101961524e-01
1.229729729729729684e+02 8.235146025289550309e-01
1.231231231231231220e+02 8.042243788959135831e-01
1.232732732732732757e+02 7.931234886707312359e-01
1.234234234234234293e+02 7.689550397736290011e-01
1.235735735735735688e+02 7.466523394136436176e-01
1.237237237237237224e+02 8.143428155680914049e-01
1.238738738738738761e+02 8.367742635769810366e-01
1.240240240240240297e+02 8.216417965471209950e-01
1.241741741741741691e+02 8.034819185739752179e-01
1.243243243243243228e+02 7.922478869035477489e-01
1.244744744744744764e+02 7.684339603148946374e-01
1.246246246246246301e+02 7.489351085383330053e-01
1.247747747747747695e+02 8.166112200476240979e-01
1.249249249249249232e+02 8.374047491172478264e-01
1.250750750750750768e+02 8.218130349691443737e-01
1.252252252252252305e+02 8.042745041514086646e-01
1.253753753753753841e+02 7.929669316773306775e-01
1.255255255255255236e+02 7.690072724761958245e-01
1.256756756756756772e+02 7.525414486159456295e-01
1.258258258258258309e+02 8.173058297621875745e-01
1.259759759759759845e+02 8.374540966650172447e-01
1.261261261261261239e+02 8.203009602971275127e-01
1.262762762762762776e+02 8.036987821603708282e-01
1.264264264264264312e+02 7.919389616242402674e-01
1.265765765765765849e+02 7.674216935435845821e-01
1.267267267267267243e+02 7.528704988053134262e-01
1.268768768768768780e+02 8.179616495757303651e-01
1.270270270270270316e+02 8.365978396638673598e-01
1.271771771771771853e+02 8.197139297324230744e-01
1.273273273273273247e+02 8.028462712242117050e-01
1.274774774774774784e+02 7.902965150900571611e-01
1.276276276276276320e+02 7.662301972053109367e-01
1.277777777777777857e+02 7.545340746566195911e-01
1.279279279279279251e+02 8.199230862153785715e-01
1.280780780780780788e+02 8.374949727032028335e-01
1.282282282282282324e+02 8.188162501473669197e-01
1.283783783783783861e+02 8.040601055109697359e-01
1.285285285285285397e+02 7.920197681828197167e-01
1.286786786786786934e+02 7.676002273686650668e-01
1.288288288288288186e+02 7.579892205861554766e-01
1.289789789789789722e+02 8.202485114771480568e-01
1.291291291291291259e+02 8.369682391094070972e-01
1.292792792792792795e+02 8.177181777881198377e-01
1.294294294294294332e+02 8.028607422365562352e-01
1.295795795795795868e+02 7.899895771894400731e-01
1.297297297297297405e+02 7.650009240738129268e-01
1.298798798798798941e+02 7.584496921408626635e-01
1.300300300300300194e+02 8.214209479931592339e-01
1.301801801801801730e+02 8.366205175946993533e-01
1.303303303303303267e+02 8.171782813523933431e-01
1.304804804804804803e+02 8.027792355335282570e-01
1.306306306306306340e+02 7.894225957325389231e-01
1.307807807807807876e+02 7.648816168334801047e-01
1.309309309309309413e+02 7.605427025101740846e-01
1.310810810810810949e+02 8.223366369286598809e-01
1.312312312312312201e+02 8.369977346645190996e-01
1.313813813813813738e+02 8.155887872123400717e-01
1.315315315315315274e+02 8.030845615779510505e-01
1.316816816816816811e+02 7.900791475900108551e-01
1.318318318318318347e+02 7.653241868037002904e-01
1.319819819819819884e+02 7.635641183363079953e-01
1.321321321321321420e+02 8.237518301500873497e-01
1.322822822822822957e+02 8.366574518961618079e-01
1.324324324324324209e+02 8.153817949365077533e-01
1.325825825825825746e+02 8.025920290378245614e-01
1.327327327327327282e+02 7.888323783633787167e-01
1.328828828828828819e+02 7.633984633778722051e-01
1.330330330330330355e+02 7.645594073474527574e-01
1.331831831831831892e+02 8.233833591469543745e-01
1.333333333333333428e+02 8.361453418574738006e-01
1.334834834834834965e+02 8.134705743826781132e-01
1.336336336336336217e+02 8.017664335840850587e-01
1.337837837837837753e+02 7.876464369577818037e-01
1.339339339339339290e+02 7.628789828507503978e-01
1.340840840840840826e+02 7.662608041587818386e-01
1.342342342342342363e+02 8.258392246629480127e-01
1.343843843843843899e+02 8.365411291399800220e-01
1.345345345345345436e+02 8.135306311486980579e-01
1.346846846846846972e+02 8.026934731077546292e-01
1.348348348348348509e+02 7.884929393315769364e-01
1.349849849849849761e+02 7.634349044197566991e-01
1.351351351351351298e+02 7.689886177011017176e-01
1.352852852852852834e+02 8.254580655703995795e-01
1.354354354354354371e+02 8.359774177251415583e-01
1.355855855855855907e+02 8.112984981268311913e-01
1.357357357357357444e+02 8.016411635551351500e-01
1.358858858858858980e+02 7.872691167891899822e-01
1.360360360360360517e+02 7.615738565292037299e-01
1.361861861861861769e+02 7.708503537269145722e-01
1.363363363363363305e+02 8.265195155991559295e-01
1.364864864864864842e+02 8.356903737173697611e-01
1.366366366366366378e+02 8.115520645490632567e-01
1.367867867867867915e+02 8.012614382860897555e-01
1.369369369369369451e+02 7.856617449180351986e-01
1.370870870870870988e+02 7.608526983493870688e-01
1.372372372372372524e+02 7.716972700353603720e-01
1.373873873873873777e+02 8.276336937283021999e-01
1.375375375375375313e+02 8.356842024222486121e-01
1.376876876876876850e+02 8.091781924403381732e-01
1.378378378378378386e+02 8.019037068288862313e-01
1.379879879879879923e+02 7.872184494771796714e-01
1.381381381381381459e+02 7.617234551709163304e-01
1.382882882882882996e+02 7.749421215398386575e-01
1.384384384384384532e+02 8.279912157607057788e-01
1.385885885885885784e+02 8.353051733332993445e-01
1.387387387387387321e+02 8.090135171999599528e-01
1.388888888888888857e+02 8.009389535501797441e-01
1.390390390390390394e+02 7.852838808250797165e-01
1.391891891891891930e+02 7.593374766052038982e-01
1.393393393393393467e+02 7.758420807054172696e-01
1.394894894894895003e+02 8.286381283205950243e-01
1.396396396396396540e+02 8.348587973857437561e-01
1.397897897897897792e+02 8.074869880866426541e-01
1.399399399399399329e+02 8.006277621395979649e-01
1.400900900900900865e+02 7.847091649398024726e-01
1.402402402402402402e+02 7.593582502511532217e-01
1.403903903903903938e+02 7.780501157751880115e-01
1.405405405405405475e+02 8.295768383922154099e-01
1.406906906906907011e+02 8.348358769950908753e-01
1.408408408408408548e+02 8.062778935668614144e-01
1.409909909909909800e+02 8.008420464013620288e-01
1.411411411411411336e+02 7.848524077068927962e-01
1.412912912912912873e+02 7.593306901887608706e-01
1.414414414414414409e+02 7.797862681262196505e-01
1.415915915915915946e+02 8.302465801767709985e-01
1.417417417417417482e+02 8.343184181358466178e-01
1.418918918918919019e+02 8.054470028863341957e-01
1.420420420420420555e+02 8.003829386409214708e-01
1.421921921921921808e+02 7.842241445156090673e-01
1.423423423423423344e+02 7.578666526281386817e-01
1.424924924924924881e+02 7.821162448184010296e-01
1.426426426426426417e+02 8.301344630767729660e-01
1.427927927927927954e+02 8.339654825246208825e-01
1.429429429429429490e+02 8.039017352033881458e-01
1.430930930930931027e+02 7.993384024774831120e-01
1.432432432432432563e+02 7.821578320657699424e-01
1.433933933933933815e+02 7.570214353529847173e-01
1.435435435435435352e+02 7.829893075368550281e-01
1.436936936936936888e+02 8.318367892682915210e-01
1.438438438438438425e+02 8.336496937619430891e-01
1.439939939939939961e+02 8.047488386110047687e-01
1.441441441441441498e+02 8.003921481056647247e-01
1.442942942942943034e+02 7.834736384797724718e-01
1.444444444444444571e+02 7.576496073247592777e-01
1.445945945945946107e+02 7.853316389055667868e-01
1.447447447447447360e+02 8.313436627998140871e-01
1.448948948948948896e+02 8.332330817261617284e-01
1.450450450450450433e+02 8.037546425456070232e-01
1.451951951951951969e+02 7.991444309131477963e-01
1.453453453453453506e+02 7.821581649334979902e-01
1.454954954954955042e+02 7.557382530333797144e-01
1.456456456456456579e+02 7.876634150579570059e-01
1.457957957957958115e+02 8.323901580993198213e-01
1.459459459459459367e+02 8.328611102135229372e-01
1.460960960960960904e+02 8.042241106536790474e-01
1.462462462462462440e+02 7.988548523768019827e-01
1.463963963963963977e+02 7.802293073936065193e-01
1.465465465465465513e+02 7.552620638931740737e-01
1.466966966966967050e+02 7.882491745525712634e-01
1.468468468468468586e+02 8.326701526665023501e-01
1.469969969969970123e+02 8.322270346020645970e-01
1.471471471471471375e+02 8.042937505652276720e-01
1.472972972972972912e+02 7.991350494144641159e-01
1.474474474474474448e+02 7.817321693128840288e-01
1.475975975975975985e+02 7.556417716356086389e-01
1.477477477477477521e+02 7.910748720528246736e-01
1.478978978978979058e+02 8.333650216430041890e-01
1.480480480480480594e+02 8.321594145436226331e-01
1.481981981981982130e+02 8.041370689731280885e-01
1.483483483483483383e+02 7.985355379528068509e-01
1.484984984984984919e+02 7.802433391057865819e-01
1.486486486486486456e+02 7.537032310213451769e-01
1.487987987987987992e+02 7.920357177082486544e-01
1.489489489489489529e+02 8.333305881085597555e-01
1.490990990990991065e+02 8.312266654335840332e-01
1.492492492492492602e+02 8.035706341162337507e-01
1.493993993993994138e+02 7.976056202008315887e-01
1.495495495495495391e+02 7.789539537016751947e-01
1.496996996996996927e+02 7.533896869954889164e-01
1.498498498498498464e+02 7.989480588280259976e-01
1.500000000000000000e+02 8.342008077868514615e-01
