0.000000000000000000e+00 3.920847258829948667e-02
1.501501501501501523e-01 2.380940149009141416e-01
3.003003003003003046e-01 3.669679280232010510e-01
4.504504504504504570e-01 5.151221744759246768e-01
6.006006006006006093e-01 6.728515438465458853e-01
7.507507507507507061e-01 7.737710801594002152e-01
9.009009009009009139e-01 8.012848346473510075e-01
1.051051051051051122e+00 8.102929303825205931e-01
1.201201201201201219e+00 8.195344673592146467e-01
1.351351351351351315e+00 8.288792034354485194e-01
1.501501501501501412e+00 8.377429189930571951e-01
1.651651651651651731e+00 8.459832628365585583e-01
1.801801801801801828e+00 7.985501062886725121e-01
1.951951951951951925e+00 7.284244362624680003e-01
2.102102102102102243e+00 6.765796867604724207e-01
2.252252252252252340e+00 6.693886931207299051e-01
2.402402402402402437e+00 6.806076482808757211e-01
2.552552552552552534e+00 6.558163539250874141e-01
2.702702702702702631e+00 6.242288285537236359e-01
2.852852852852852727e+00 5.796739931025058912e-01
3.003003003003002824e+00 5.420944273577391614e-01
3.153153153153153365e+00 5.136278494857033916e-01
3.303303303303303462e+00 6.177040971639403688e-01
3.453453453453453559e+00 7.485167202488709481e-01
3.603603603603603656e+00 8.333992829893013266e-01
3.753753753753753752e+00 8.038298541884009163e-01
3.903903903903903849e+00 7.038700706785244732e-01
4.054054054054054390e+00 7.117911821430102925e-01
4.204204204204204487e+00 7.292634642245512389e-01
4.354354354354354584e+00 7.358446492766674840e-01
4.504504504504504681e+00 7.316950364319600997e-01
4.654654654654654777e+00 7.180456202597336191e-01
4.804804804804804874e+00 7.330807207350233945e-01
4.954954954954954971e+00 7.679653494613580822e-01
5.105105105105105068e+00 8.129690993933716969e-01
5.255255255255255165e+00 8.423828432119431220e-01
5.405405405405405261e+00 8.326015336906378295e-01
5.555555555555555358e+00 8.097353663664239587e-01
5.705705705705705455e+00 8.023569621361258397e-01
5.855855855855855552e+00 7.861096392284263601e-01
6.006006006006005649e+00 7.623158937512299893e-01
6.156156156156156634e+00 7.335725607131913240e-01
6.306306306306306730e+00 7.148793786770484271e-01
6.456456456456456827e+00 7.784945791515920366e-01
6.606606606606606924e+00 8.362697124805603677e-01
6.756756756756757021e+00 8.468571798192988664e-01
6.906906906906907118e+00 8.135535976789775026e-01
7.057057057057057214e+00 7.563712393025154856e-01
7.207207207207207311e+00 7.501192312920701433e-01
7.357357357357357408e+00 7.375035352694166990e-01
7.507507507507507505e+00 7.152213454280770266e-01
7.657657657657657602e+00 6.942124254782161552e-01
7.807807807807807698e+00 6.633184876777499239e-01
7.957957957957957795e+00 6.843489845786659975e-01
8.108108108108108780e+00 7.514894658960068474e-01
8.258258258258258877e+00 8.169297146814659127e-01
8.408408408408408974e+00 8.337678299430544282e-01
8.558558558558559071e+00 7.793120507824010668e-01
8.708708708708709167e+00 7.388709744598364049e-01
8.858858858858859264e+00 7.400952087972885174e-01
9.009009009009009361e+00 7.306661669650896807e-01
9.159159159159159458e+00 7.116029173561971843e-01
9.309309309309309555e+00 6.850554556868856393e-01
9.459459459459459651e+00 6.780601273173001431e-01
9.609609609609609748e+00 7.386022775058448397e-01
9.759759759759759845e+00 7.991165372116220134e-01
9.909909909909909942e+00 8.415069072288389185e-01
1.006006006006006004e+01 8.297907702720551670e-01
1.021021021021021014e+01 7.797011997785698867e-01
1.036036036036036023e+01 7.777485424306527229e-01
1.051051051051051033e+01 7.682536474571586282e-01
1.066066066066066043e+01 7.493455081314174260e-01
1.081081081081081052e+01 7.227464989788112693e-01
1.096096096096096062e+01 6.908941513071413798e-01
1.111111111111111072e+01 7.314844614412274737e-01
1.126126126126126081e+01 7.917579383709187901e-01
1.141141141141141091e+01 8.411958982432038434e-01
1.156156156156156101e+01 8.325423001506453424e-01
1.171171171171171110e+01 7.785183492754419454e-01
1.186186186186186120e+01 7.499336152148886603e-01
1.201201201201201130e+01 7.450264167955168437e-01
1.216216216216216317e+01 7.293991241533213099e-01
1.231231231231231327e+01 7.051735996514687521e-01
1.246246246246246336e+01 6.826390275306037925e-01
1.261261261261261346e+01 6.719238082267618983e-01
1.276276276276276356e+01 7.385429835862753478e-01
1.291291291291291365e+01 8.121997827504217060e-01
1.306306306306306375e+01 8.570945795231014186e-01
1.321321321321321385e+01 8.343516206571484073e-01
1.336336336336336394e+01 7.746971065082463026e-01
1.351351351351351404e+01 7.746171445167890912e-01
1.366366366366366414e+01 7.665402000874417254e-01
1.381381381381381424e+01 7.478405323158572315e-01
1.396396396396396433e+01 7.200573453141837499e-01
1.411411411411411443e+01 6.863716127879802009e-01
1.426426426426426453e+01 7.375840816892036411e-01
1.441441441441441462e+01 7.949500323588928330e-01
1.456456456456456472e+01 8.419683032333943329e-01
1.471471471471471482e+01 8.382963543735508782e-01
1.486486486486486491e+01 7.880958680464666966e-01
1.501501501501501501e+01 7.639941842693001028e-01
1.516516516516516511e+01 7.634182749804967472e-01
1.531531531531531520e+01 7.474429762591254800e-01
1.546546546546546530e+01 7.136606452215211727e-01
1.561561561561561540e+01 6.856705846664539195e-01
1.576576576576576549e+01 6.894943283397151346e-01
1.591591591591591559e+01 7.586619612029978921e-01
1.606606606606606746e+01 8.285958135640840716e-01
1.621621621621621756e+01 8.626012686682423825e-01
1.636636636636636766e+01 8.299528097794725001e-01
1.651651651651651775e+01 7.755047076381450522e-01
1.666666666666666785e+01 7.765846040673658468e-01
1.681681681681681795e+01 7.663705723493344779e-01
1.696696696696696804e+01 7.455199224385794521e-01
1.711711711711711814e+01 7.253186086109726372e-01
1.726726726726726824e+01 6.922214851181227591e-01
1.741741741741741833e+01 7.378014349204230493e-01
1.756756756756756843e+01 7.988023781460693584e-01
1.771771771771771853e+01 8.462490906772320853e-01
1.786786786786786863e+01 8.368791514828151090e-01
1.801801801801801872e+01 7.837920032320930819e-01
1.816816816816816882e+01 7.699473956417837162e-01
1.831831831831831892e+01 7.630851883403206859e-01
1.846846846846846901e+01 7.387841421260976649e-01
1.861861861861861911e+01 7.156022826087637956e-01
1.876876876876876921e+01 6.865343834143340374e-01
1.891891891891891930e+01 6.936651991215323498e-01
1.906906906906906940e+01 7.639236242024217693e-01
1.921921921921921950e+01 8.282474346054558012e-01
1.936936936936936959e+01 8.576042400871852767e-01
1.951951951951951969e+01 8.227866335632209038e-01
1.966966966966966979e+01 7.755101452629704628e-01
1.981981981981981988e+01 7.754117868480803200e-01
1.996996996996996998e+01 7.699353143629443785e-01
2.012012012012012008e+01 7.503619536755999908e-01
2.027027027027027017e+01 7.219494828656403129e-01
2.042042042042042027e+01 6.878858876386046983e-01
2.057057057057057037e+01 7.426535458024221548e-01
2.072072072072072046e+01 8.026127580998081434e-01
2.087087087087087056e+01 8.491809490460392462e-01
2.102102102102102066e+01 8.357146068715135545e-01
2.117117117117117076e+01 7.791965994543403884e-01
2.132132132132132085e+01 7.727244427784389913e-01
2.147147147147147095e+01 7.647444216121095373e-01
2.162162162162162105e+01 7.468168838736195525e-01
2.177177177177177114e+01 7.144924625523196848e-01
2.192192192192192124e+01 6.850910149496797219e-01
2.207207207207207134e+01 7.025384575701939527e-01
2.222222222222222143e+01 7.709779607471581864e-01
2.237237237237237153e+01 8.366988358570155437e-01
2.252252252252252163e+01 8.577892399158438819e-01
2.267267267267267172e+01 8.191027874530762976e-01
2.282282282282282182e+01 7.730524212008665907e-01
2.297297297297297192e+01 7.723192111191212739e-01
2.312312312312312201e+01 7.668875475048028134e-01
2.327327327327327211e+01 7.467343628456351023e-01
2.342342342342342221e+01 7.162337671124272553e-01
2.357357357357357230e+01 6.746303396985121603e-01
2.372372372372372240e+01 7.469517433700746389e-01
2.387387387387387250e+01 8.072523259552217834e-01
2.402402402402402259e+01 8.506574048501424068e-01
2.417417417417417624e+01 8.357250647196819981e-01
2.432432432432432634e+01 7.787721806598992824e-01
2.447447447447447644e+01 7.767870190681070985e-01
2.462462462462462653e+01 7.684595830535458916e-01
2.477477477477477663e+01 7.495742071157307507e-01
2.492492492492492673e+01 7.160690984795561320e-01
2.507507507507507682e+01 6.862538040387435867e-01
2.522522522522522692e+01 7.136482921584947903e-01
2.537537537537537702e+01 7.792457921096197504e-01
2.552552552552552712e+01 8.412221917052971065e-01
2.567567567567567721e+01 8.573300610227295726e-01
2.582582582582582731e+01 8.138415343588537576e-01
2.597597597597597741e+01 7.727408509056028496e-01
2.612612612612612750e+01 7.763792728199058191e-01
2.627627627627627760e+01 7.647479714825756725e-01
2.642642642642642770e+01 7.439024067013538799e-01
2.657657657657657779e+01 7.073180693863790891e-01
2.672672672672672789e+01 6.868600064407587302e-01
2.687687687687687799e+01 7.513125391304835698e-01
2.702702702702702808e+01 8.152311328942605240e-01
2.717717717717717818e+01 8.573942411678844300e-01
2.732732732732732828e+01 8.355681952967648485e-01
2.747747747747747837e+01 7.771435767104633019e-01
2.762762762762762847e+01 7.794000800041991361e-01
2.777777777777777857e+01 7.707418055707637716e-01
2.792792792792792866e+01 7.518225780079311749e-01
2.807807807807807876e+01 7.169098246919518580e-01
2.822822822822822886e+01 6.870607528652808993e-01
2.837837837837837895e+01 7.216984625371027917e-01
2.852852852852852905e+01 7.876224380662772973e-01
2.867867867867867915e+01 8.452136281634381465e-01
2.882882882882882924e+01 8.539646434043330903e-01
2.897897897897897934e+01 8.088266149660667814e-01
2.912912912912912944e+01 7.727423624389717638e-01
2.927927927927927954e+01 7.757555309916396302e-01
2.942942942942942963e+01 7.628315815864560312e-01
2.957957957957957973e+01 7.407714948833276081e-01
2.972972972972972983e+01 7.053713324007356844e-01
2.987987987987987992e+01 6.905876454923915997e-01
3.003003003003003002e+01 7.557845309328159455e-01
3.018018018018018012e+01 8.178955945815066242e-01
3.033033033033033021e+01 8.581267269342441883e-01
3.048048048048048031e+01 8.336445012316051617e-01
3.063063063063063041e+01 7.747122511596860051e-01
3.078078078078078050e+01 7.810369513578323541e-01
3.093093093093093060e+01 7.716424143610318698e-01
3.108108108108108070e+01 7.521719102701834858e-01
3.123123123123123079e+01 7.163936181817631699e-01
3.138138138138138089e+01 6.861943299382698980e-01
3.153153153153153099e+01 7.288593135385390553e-01
3.168168168168168108e+01 7.938203288077587683e-01
3.183183183183183118e+01 8.513744541116320397e-01
3.198198198198198128e+01 8.525517344413233722e-01
3.213213213213213493e+01 8.035580952009596656e-01
3.228228228228228147e+01 7.771249915579931944e-01
3.243243243243243512e+01 7.743962365951418958e-01
3.258258258258258167e+01 7.607069869881061264e-01
3.273273273273273531e+01 7.376659632627422525e-01
3.288288288288288186e+01 6.996849615280387180e-01
3.303303303303303551e+01 6.957295603944986251e-01
3.318318318318318205e+01 7.607075571630527167e-01
3.333333333333333570e+01 8.243367989939253127e-01
3.348348348348348225e+01 8.592554485139929366e-01
3.363363363363363590e+01 8.341200512088796648e-01
3.378378378378378244e+01 7.762974365574814017e-01
3.393393393393393609e+01 7.764692340712651131e-01
3.408408408408408263e+01 7.721070101935560981e-01
3.423423423423423628e+01 7.519878754477578031e-01
3.438438438438438283e+01 7.187991398935068554e-01
3.453453453453453648e+01 6.851423736575420476e-01
3.468468468468468302e+01 7.352441745470728041e-01
3.483483483483483667e+01 7.981560475217002182e-01
3.498498498498498321e+01 8.502917522818556062e-01
3.513513513513513686e+01 8.486405577104254583e-01
3.528528528528528341e+01 7.963150837941050941e-01
3.543543543543543706e+01 7.771367768611129323e-01
3.558558558558558360e+01 7.732361034637028618e-01
3.573573573573573725e+01 7.586491203692729002e-01
3.588588588588588379e+01 7.357564127407528742e-01
3.603603603603603744e+01 6.966433610598127268e-01
3.618618618618618399e+01 7.009089831531799542e-01
3.633633633633633764e+01 7.650699308297120860e-01
3.648648648648648418e+01 8.299086594429185837e-01
3.663663663663663783e+01 8.618776872597926353e-01
3.678678678678678438e+01 8.312398282312751796e-01
3.693693693693693803e+01 7.775823886527332141e-01
3.708708708708708457e+01 7.770489223053198558e-01
3.723723723723723822e+01 7.719935449779445902e-01
3.738738738738738476e+01 7.517561751933274916e-01
3.753753753753753841e+01 7.173804468982950544e-01
3.768768768768768496e+01 6.837062959817032937e-01
3.783783783783783861e+01 7.407887702121113138e-01
3.798798798798798515e+01 8.052500146384687918e-01
3.813813813813813880e+01 8.551541139422780269e-01
3.828828828828828534e+01 8.453268970032502549e-01
3.843843843843843899e+01 7.913713559874397951e-01
3.858858858858859264e+01 7.772088916325441410e-01
3.873873873873873919e+01 7.723093005411996170e-01
3.888888888888889284e+01 7.568052997530917425e-01
3.903903903903903938e+01 7.254297795602429044e-01
3.918918918918919303e+01 6.943344145463407058e-01
3.933933933933933957e+01 7.051359575024180870e-01
3.948948948948949322e+01 7.702841859335013419e-01
3.963963963963963977e+01 8.323257037704792083e-01
3.978978978978979342e+01 8.602984800925991271e-01
3.993993993993993996e+01 8.277437501792690444e-01
4.009009009009009361e+01 7.785044653484043398e-01
4.024024024024024015e+01 7.773307733821909205e-01
4.039039039039039380e+01 7.716154902579883679e-01
4.054054054054054035e+01 7.507528373458410842e-01
4.069069069069069400e+01 7.158220915445776544e-01
4.084084084084084054e+01 6.851374923905926284e-01
4.099099099099099419e+01 7.464533786138435323e-01
4.114114114114114074e+01 8.091618323356984943e-01
4.129129129129129439e+01 8.574001550628129742e-01
4.144144144144144093e+01 8.427332335066157754e-01
4.159159159159159458e+01 7.874551330336985178e-01
4.174174174174174112e+01 7.775393428657563222e-01
4.189189189189189477e+01 7.714509164110403550e-01
4.204204204204204132e+01 7.551837761346160693e-01
4.219219219219219497e+01 7.205815202539994635e-01
4.234234234234234151e+01 6.917883536037865433e-01
4.249249249249249516e+01 7.106086825923426664e-01
4.264264264264264170e+01 7.763852282249487091e-01
4.279279279279279535e+01 8.404535129760922763e-01
4.294294294294294190e+01 8.611861859988430012e-01
4.309309309309309555e+01 8.241081695981835598e-01
4.324324324324324209e+01 7.789492399243775900e-01
4.339339339339339574e+01 7.771178992670125796e-01
4.354354354354354228e+01 7.708751893253613652e-01
4.369369369369369593e+01 7.495421195634076605e-01
4.384384384384384248e+01 7.142257313872002467e-01
4.399399399399399613e+01 6.892710985091232700e-01
4.414414414414414267e+01 7.517037141059259575e-01
4.429429429429429632e+01 8.134626620206972802e-01
4.444444444444444287e+01 8.563137300277742225e-01
4.459459459459459651e+01 8.388240162123328236e-01
4.474474474474474306e+01 7.828798657249135262e-01
4.489489489489489671e+01 7.780190572829339679e-01
4.504504504504504325e+01 7.709060071564707295e-01
4.519519519519519690e+01 7.535716324028195467e-01
4.534534534534534345e+01 7.190685398438462217e-01
4.549549549549549710e+01 6.894549662707933901e-01
4.564564564564564364e+01 7.164280119934651747e-01
4.579579579579579729e+01 7.808386832207887540e-01
4.594594594594594383e+01 8.428927505612684445e-01
4.609609609609609748e+01 8.603906048096365833e-01
4.624624624624624403e+01 8.192468930746159561e-01
4.639639639639639768e+01 7.791237471789405067e-01
4.654654654654654422e+01 7.764639372951621654e-01
4.669669669669669787e+01 7.694628638528148157e-01
4.684684684684684441e+01 7.477431374070045988e-01
4.699699699699699806e+01 7.118542160259665463e-01
4.714714714714714461e+01 6.986943045675887420e-01
4.729729729729729826e+01 7.563224489626441116e-01
4.744744744744744480e+01 8.200507165959775024e-01
4.759759759759759845e+01 8.605900483739746809e-01
4.774774774774774500e+01 8.357253979443207692e-01
4.789789789789789864e+01 7.791127210743906684e-01
4.804804804804804519e+01 7.783873756805603783e-01
4.819819819819819884e+01 7.703422913486646095e-01
4.834834834834835249e+01 7.523114589208546032e-01
4.849849849849849903e+01 7.174428247167481398e-01
4.864864864864865268e+01 6.875940275770943133e-01
4.879879879879879923e+01 7.215134856304078470e-01
4.894894894894895288e+01 7.872533411947748583e-01
4.909909909909909942e+01 8.465805755561289780e-01
4.924924924924925307e+01 8.575393803895015044e-01
4.939939939939939961e+01 8.144988703714928224e-01
4.954954954954955326e+01 7.790064665533682486e-01
4.969969969969969981e+01 7.813068255966361120e-01
4.984984984984985346e+01 7.680376392781168571e-01
5.000000000000000000e+01 7.454735639194214336e-01
5.015015015015015365e+01 7.097938714477484146e-01
5.030030030030030019e+01 6.956441458270999911e-01
5.045045045045045384e+01 7.609229085534808812e-01
5.060060060060060039e+01 8.218256153993512836e-01
5.075075075075075404e+01 8.596028013963130654e-01
5.090090090090090058e+01 8.323168810319319100e-01
5.105105105105105423e+01 7.765791331613841608e-01
5.120120120120120077e+01 7.789398382450020142e-01
5.135135135135135442e+01 7.698316702636387454e-01
5.150150150150150097e+01 7.510662599390678373e-01
5.165165165165165462e+01 7.156127727797529925e-01
5.180180180180180116e+01 6.853180144493282722e-01
5.195195195195195481e+01 7.274619629052012648e-01
5.210210210210210136e+01 7.931069129828177688e-01
5.225225225225225500e+01 8.528315658427443324e-01
5.240240240240240155e+01 8.566215156163013988e-01
5.255255255255255520e+01 8.094786947579035719e-01
5.270270270270270174e+01 7.787107923208318461e-01
5.285285285285285539e+01 7.802404751370165537e-01
5.300300300300300194e+01 7.662492416392319150e-01
5.315315315315315559e+01 7.432745480795677206e-01
5.330330330330330213e+01 7.073830329418481222e-01
5.345345345345345578e+01 7.016624080747271286e-01
5.360360360360360232e+01 7.659677831924899261e-01
5.375375375375375597e+01 8.278436747650671501e-01
5.390390390390390252e+01 8.599288224725335494e-01
5.405405405405405617e+01 8.319552373297023351e-01
5.420420420420420271e+01 7.730700980941851430e-01
5.435435435435435636e+01 7.794078620702957760e-01
5.450450450450450290e+01 7.695177186940826974e-01
5.465465465465465655e+01 7.498668248027980932e-01
5.480480480480480310e+01 7.143829552451262943e-01
5.495495495495495675e+01 6.835227024821566300e-01
5.510510510510510329e+01 7.332887362768603090e-01
5.525525525525525694e+01 7.974376406445631282e-01
5.540540540540540349e+01 8.526403835753330052e-01
5.555555555555555713e+01 8.533124963529030715e-01
5.570570570570570368e+01 8.023258558765115067e-01
5.585585585585585733e+01 7.784092129555779671e-01
5.600600600600600387e+01 7.792463727919592964e-01
5.615615615615615752e+01 7.641979230644880827e-01
5.630630630630630407e+01 7.405582030589018538e-01
5.645645645645645772e+01 7.046599633454886380e-01
5.660660660660660426e+01 7.069211963699495449e-01
5.675675675675675791e+01 7.701269747572384583e-01
5.690690690690690445e+01 8.327499163975718988e-01
5.705705705705705810e+01 8.618506287031468815e-01
5.720720720720720465e+01 8.287501172191660270e-01
5.735735735735735830e+01 7.743355079800664509e-01
5.750750750750750484e+01 7.796972350808868413e-01
5.765765765765765849e+01 7.689393224797483883e-01
5.780780780780781214e+01 7.487785947859150193e-01
5.795795795795795868e+01 7.125872177581568101e-01
5.810810810810811233e+01 6.816667974123385987e-01
5.825825825825825888e+01 7.385976469437444125e-01
5.840840840840841253e+01 8.046761585744590661e-01
5.855855855855855907e+01 8.575103740115868067e-01
5.870870870870871272e+01 8.499912571551258011e-01
5.885885885885885926e+01 7.970109700866281344e-01
5.900900900900901291e+01 7.779041476408820044e-01
5.915915915915915946e+01 7.781076096455268321e-01
5.930930930930931311e+01 7.623581031457562496e-01
5.945945945945945965e+01 7.377902676804117821e-01
5.960960960960961330e+01 7.022696592780350855e-01
5.975975975975975985e+01 7.111120048882032529e-01
5.990990990990991349e+01 7.747843682220103556e-01
6.006006006006006004e+01 8.341913262603366519e-01
6.021021021021021369e+01 8.594336609640860214e-01
6.036036036036036023e+01 8.250991303224847195e-01
6.051051051051051388e+01 7.754240032075357947e-01
6.066066066066066043e+01 7.800380538608092662e-01
6.081081081081081408e+01 7.683673171061782270e-01
6.096096096096096062e+01 7.474853223199144914e-01
6.111111111111111427e+01 7.108886743908221506e-01
6.126126126126126081e+01 6.795393205290930494e-01
6.141141141141141446e+01 7.442774974690935519e-01
6.156156156156156101e+01 8.088139997634999911e-01
6.171171171171171466e+01 8.597762775009392122e-01
6.186186186186186120e+01 8.470581416288515131e-01
6.201201201201201485e+01 7.923010751250215700e-01
6.216216216216216139e+01 7.774096012641670272e-01
6.231231231231231504e+01 7.767405070618329521e-01
6.246246246246246159e+01 7.606955952614146144e-01
6.261261261261261524e+01 7.353275901432873018e-01
6.276276276276276178e+01 6.994702398299845747e-01
6.291291291291291543e+01 7.161104804632947296e-01
6.306306306306306197e+01 7.801568324482812677e-01
6.321321321321321562e+01 8.417558858787690390e-01
6.336336336336336217e+01 8.600799324195002038e-01
6.351351351351351582e+01 8.217306909894070976e-01
6.366366366366366236e+01 7.763054622108607195e-01
6.381381381381381601e+01 7.800947436381320266e-01
6.396396396396396256e+01 7.677890548618939714e-01
6.411411411411411621e+01 7.461575552172071690e-01
6.426426426426426985e+01 7.094065290534317114e-01
6.441441441441440929e+01 6.834571709330115041e-01
6.456456456456456294e+01 7.498582184877754520e-01
6.471471471471471659e+01 8.135593064731179158e-01
6.486486486486487024e+01 8.589354710964087758e-01
6.501501501501500968e+01 8.427539069550981088e-01
6.516516516516516333e+01 7.868898661997761890e-01
6.531531531531531698e+01 7.820039953213265838e-01
6.546546546546547063e+01 7.755591876983564115e-01
6.561561561561561007e+01 7.586028485922179376e-01
6.576576576576576372e+01 7.254183061641906738e-01
6.591591591591591737e+01 6.933443838428104966e-01
6.606606606606607102e+01 7.211759671267456984e-01
6.621621621621621046e+01 7.838340788746761545e-01
6.636636636636636410e+01 8.435923636332172126e-01
6.651651651651651775e+01 8.591883342417852010e-01
6.666666666666667140e+01 8.173120911540685540e-01
6.681681681681681084e+01 7.770810029866175306e-01
6.696696696696696449e+01 7.799987381022390753e-01
6.711711711711711814e+01 7.667924965132935089e-01
6.726726726726727179e+01 7.447381322070705245e-01
6.741741741741742544e+01 7.072342332441955426e-01
6.756756756756756488e+01 6.955300526527241622e-01
6.771771771771771853e+01 7.549957806357384671e-01
6.786786786786787218e+01 8.204826980962861560e-01
6.801801801801802583e+01 8.629818565830704724e-01
6.816816816816816527e+01 8.389539217886972100e-01
6.831831831831831892e+01 7.821001448812359147e-01
6.846846846846847257e+01 7.815698376634162559e-01
6.861861861861862621e+01 7.742237549934221086e-01
6.876876876876876565e+01 7.566672185439139442e-01
6.891891891891891930e+01 7.233046119962581733e-01
6.906906906906907295e+01 6.909140863146213674e-01
6.921921921921922660e+01 7.253357861036876519e-01
6.936936936936936604e+01 7.895110050528660883e-01
6.951951951951951969e+01 8.468940901067905092e-01
6.966966966966967334e+01 8.564941953404408004e-01
6.981981981981982699e+01 8.131710739925210873e-01
6.996996996996996643e+01 7.776462023964854087e-01
7.012012012012012008e+01 7.799046507838289788e-01
7.027027027027027373e+01 7.659269412164522173e-01
7.042042042042042738e+01 7.431839943128202286e-01
7.057057057057056682e+01 7.054807321740088621e-01
7.072072072072072046e+01 6.927087936069177276e-01
7.087087087087087411e+01 7.601660005293017219e-01
7.102102102102102776e+01 8.225672494694485914e-01
7.117117117117116720e+01 8.617400866711810714e-01
7.132132132132132085e+01 8.347914193146905859e-01
7.147147147147147450e+01 7.740564957143398761e-01
7.162162162162162815e+01 7.812579489317055259e-01
7.177177177177176759e+01 7.728275634213771506e-01
7.192192192192192124e+01 7.544993675582338799e-01
7.207207207207207489e+01 7.209190082831408164e-01
7.222222222222222854e+01 6.878835631855000354e-01
7.237237237237236798e+01 7.302101651584033126e-01
7.252252252252252163e+01 7.945845335655966624e-01
7.267267267267267528e+01 8.528370787489830684e-01
7.282282282282282893e+01 8.558541318575113577e-01
7.297297297297296836e+01 8.087277367645951953e-01
7.312312312312312201e+01 7.780168514150667125e-01
7.327327327327327566e+01 7.794237610911672887e-01
7.342342342342342931e+01 7.647899114864624703e-01
7.357357357357356875e+01 7.414440890530076267e-01
7.372372372372372240e+01 7.035037579078576853e-01
7.387387387387387605e+01 7.001814026361607990e-01
7.402402402402402970e+01 7.657534057659449722e-01
7.417417417417416914e+01 8.288085191739649193e-01
7.432432432432432279e+01 8.616870205435916974e-01
7.447447447447447644e+01 8.336365045282514430e-01
7.462462462462463009e+01 7.744674359795793439e-01
7.477477477477476953e+01 7.809507100490605813e-01
7.492492492492492318e+01 7.716685978079768082e-01
7.507507507507507682e+01 7.524356892275180231e-01
7.522522522522523047e+01 7.189942292696702708e-01
7.537537537537536991e+01 6.853722569323368319e-01
7.552552552552552356e+01 7.351386805180383233e-01
7.567567567567567721e+01 7.982509740442069734e-01
7.582582582582583086e+01 8.525272795743653598e-01
7.597597597597597030e+01 8.528772332920483423e-01
7.612612612612612395e+01 8.022100603812496455e-01
7.627627627627627760e+01 7.782286870518666522e-01
7.642642642642643125e+01 7.788844606971632167e-01
7.657657657657657069e+01 7.636115689660634143e-01
7.672672672672672434e+01 7.396609772614989309e-01
7.687687687687687799e+01 7.010069654049201349e-01
7.702702702702703164e+01 7.061053324549840804e-01
7.717717717717718529e+01 7.702866819238471940e-01
7.732732732732732472e+01 8.336471618038079345e-01
7.747747747747747837e+01 8.631675035399959395e-01
7.762762762762763202e+01 8.297416042579356388e-01
7.777777777777778567e+01 7.749591311784823633e-01
7.792792792792792511e+01 7.805180851430497668e-01
7.807807807807807876e+01 7.702602614773131906e-01
7.822822822822823241e+01 7.504956899104140433e-01
7.837837837837838606e+01 7.166996023539422556e-01
7.852852852852852550e+01 6.828724131268458786e-01
7.867867867867867915e+01 7.396732666201973894e-01
7.882882882882883280e+01 8.050595905737563118e-01
7.897897897897898645e+01 8.573902581898964481e-01
7.912912912912912589e+01 8.499978256568281321e-01
7.927927927927927954e+01 7.974566752579587137e-01
7.942942942942943318e+01 7.782810627135672288e-01
7.957957957957958683e+01 7.782733003619251022e-01
7.972972972972972627e+01 7.623780333571582579e-01
7.987987987987987992e+01 7.379368454381657338e-01
8.003003003003003357e+01 6.990725053664900157e-01
8.018018018018018722e+01 7.109967995137614905e-01
8.033033033033032666e+01 7.753634773742836828e-01
8.048048048048048031e+01 8.350909478006405262e-01
8.063063063063063396e+01 8.602592606725196767e-01
8.078078078078078761e+01 8.253968813537919669e-01
8.093093093093092705e+01 7.754396717332379119e-01
8.108108108108108070e+01 7.802844512515544340e-01
8.123123123123123435e+01 7.690026804827893026e-01
8.138138138138138800e+01 7.483803408810492108e-01
8.153153153153152743e+01 7.114281548581700143e-01
8.168168168168168108e+01 6.801886077968301025e-01
8.183183183183183473e+01 7.446913402158156225e-01
8.198198198198198838e+01 8.088492298107664569e-01
8.213213213213212782e+01 8.596957920121385266e-01
8.228228228228228147e+01 8.474160600965988666e-01
8.243243243243243512e+01 7.931526181670638387e-01
8.258258258258258877e+01 7.782066015530618719e-01
8.273273273273272821e+01 7.773282615500659576e-01
8.288288288288288186e+01 7.610149068453982979e-01
8.303303303303303551e+01 7.357526545093683312e-01
8.318318318318318916e+01 6.965342902700073502e-01
8.333333333333332860e+01 7.166001791578741065e-01
8.348348348348348225e+01 7.809510164888581185e-01
8.363363363363363590e+01 8.425762901128230897e-01
8.378378378378378954e+01 8.605097315808130087e-01
8.393393393393392898e+01 8.215191322595111201e-01
8.408408408408408263e+01 7.758286609658497923e-01
8.423423423423423628e+01 7.798422784146938902e-01
8.438438438438438993e+01 7.677904234052272958e-01
8.453453453453452937e+01 7.464536248296764764e-01
8.468468468468468302e+01 7.094941618606784850e-01
8.483483483483483667e+01 6.835281950944330775e-01
8.498498498498499032e+01 7.497748111871115340e-01
8.513513513513512976e+01 8.133985462825897850e-01
8.528528528528528341e+01 8.591055855207838654e-01
8.543543543543543706e+01 8.434814975276053728e-01
8.558558558558559071e+01 7.880456512463381857e-01
8.573573573573573015e+01 7.780316789350457674e-01
8.588588588588588379e+01 7.764915703470611774e-01
8.603603603603603744e+01 7.593231136908804579e-01
8.618618618618619109e+01 7.261405298856753454e-01
8.633633633633633053e+01 6.940263322113365829e-01
8.648648648648648418e+01 7.220763386125159666e-01
8.663663663663663783e+01 7.847810759169406847e-01
8.678678678678679148e+01 8.441713012408385008e-01
8.693693693693694513e+01 8.592168068753963661e-01
8.708708708708708457e+01 8.167236779521566126e-01
8.723723723723723822e+01 7.763117269350865435e-01
8.738738738738739187e+01 7.794353525809717409e-01
8.753753753753754552e+01 7.663632608646112621e-01
8.768768768768768496e+01 7.445986299475884085e-01
8.783783783783783861e+01 7.070044662021742754e-01
8.798798798798799226e+01 6.954125550068244177e-01
8.813813813813814591e+01 7.546390650672408773e-01
8.828828828828828534e+01 8.202865117383294491e-01
8.843843843843843899e+01 8.632376813184456932e-01
8.858858858858859264e+01 8.398991164331227610e-01
8.873873873873874629e+01 7.834198071054422341e-01
8.888888888888888573e+01 7.776758351991519547e-01
8.903903903903903938e+01 7.753803835238552988e-01
8.918918918918919303e+01 7.576986402079457505e-01
8.933933933933934668e+01 7.241113829326142337e-01
8.948948948948948612e+01 6.917634153019682763e-01
8.963963963963963977e+01 7.264410037045588853e-01
8.978978978978979342e+01 7.904966061456609738e-01
8.993993993993994707e+01 8.473123295931944687e-01
9.009009009009008651e+01 8.561934778404990398e-01
9.024024024024024015e+01 8.123015185967834562e-01
9.039039039039039380e+01 7.766424555059407986e-01
9.054054054054054745e+01 7.790754552300225289e-01
9.069069069069068689e+01 7.651207214293063164e-01
9.084084084084084054e+01 7.429046933202269054e-01
9.099099099099099419e+01 7.049976662224924917e-01
9.114114114114114784e+01 6.919949917471659440e-01
9.129129129129128728e+01 7.595906883346003058e-01
9.144144144144144093e+01 8.223753228915378077e-01
9.159159159159159458e+01 8.621848407532342051e-01
9.174174174174174823e+01 8.359045245286170767e-01
9.189189189189188767e+01 7.755626930416000819e-01
9.204204204204204132e+01 7.825736124601645471e-01
9.219219219219219497e+01 7.741612478678883136e-01
9.234234234234234862e+01 7.557721083839431531e-01
9.249249249249248805e+01 7.218781126869562303e-01
9.264264264264264170e+01 6.889046507068747882e-01
9.279279279279279535e+01 7.315021434189645788e-01
9.294294294294294900e+01 7.955478566888058989e-01
9.309309309309308844e+01 8.531337554321261063e-01
9.324324324324324209e+01 8.553769854644746040e-01
9.339339339339339574e+01 8.077579475983674984e-01
9.354354354354354939e+01 7.769419855512632589e-01
9.369369369369368883e+01 7.784764413749727385e-01
9.384384384384384248e+01 7.639858945259521139e-01
9.399399399399399613e+01 7.409261935667289523e-01
9.414414414414414978e+01 7.028418775918914285e-01
9.429429429429428922e+01 6.993179437136385346e-01
9.444444444444444287e+01 7.651051027533620763e-01
9.459459459459459651e+01 8.287384532200996468e-01
9.474474474474475016e+01 8.623207914761373827e-01
9.489489489489488960e+01 8.348510044008223829e-01
9.504504504504504325e+01 7.759130955947759478e-01
9.519519519519519690e+01 7.822504186016012717e-01
9.534534534534535055e+01 7.730590829753072324e-01
9.549549549549548999e+01 7.538356532801029353e-01
9.564564564564564364e+01 7.200397329702713511e-01
9.579579579579579729e+01 6.864671697076741852e-01
9.594594594594595094e+01 7.364417236578542081e-01
9.609609609609609038e+01 7.991246986670446084e-01
9.624624624624624403e+01 8.525730166948853883e-01
9.639639639639639768e+01 8.522354477235699610e-01
9.654654654654655133e+01 8.012356979408945534e-01
9.669669669669670498e+01 7.821946469434716276e-01
9.684684684684684441e+01 7.779688236145796409e-01
9.699699699699699806e+01 7.628000874132978559e-01
9.714714714714715171e+01 7.393327132986120542e-01
9.729729729729730536e+01 7.003434322223615061e-01
9.744744744744744480e+01 7.051429883429699563e-01
9.759759759759759845e+01 7.697250347996051900e-01
9.774774774774775210e+01 8.336641564467001109e-01
9.789789789789790575e+01 8.638190282590759717e-01
9.804804804804804519e+01 8.308739844108126160e-01
9.819819819819819884e+01 7.762535730003720102e-01
9.834834834834835249e+01 7.817005165260386690e-01
9.849849849849850614e+01 7.715925845727343857e-01
9.864864864864864558e+01 7.518893868913301137e-01
9.879879879879879923e+01 7.176495461259335684e-01
9.894894894894895288e+01 6.838904775065079988e-01
9.909909909909910652e+01 7.408201753027259251e-01
9.924924924924924596e+01 8.057463908669091346e-01
9.939939939939939961e+01 8.573597096727796352e-01
9.954954954954955326e+01 8.493462990784284017e-01
9.969969969969970691e+01 7.965588193963604180e-01
9.984984984984984635e+01 7.773360857711291150e-01
1.000000000000000000e+02 7.773682681326146149e-01
1.001501501501501536e+02 7.615195350187529133e-01
1.003003003003003073e+02 7.377100269425986845e-01
1.004504504504504467e+02 6.984080506089996865e-01
1.006006006006006004e+02 7.100616381448283665e-01
1.007507507507507540e+02 7.748804273352680738e-01
1.009009009009009077e+02 8.352572183179436394e-01
1.010510510510510471e+02 8.609694712785489479e-01
1.012012012012012008e+02 8.264375521216256182e-01
1.013513513513513544e+02 7.765686409970354864e-01
1.015015015015015081e+02 7.813478433997218531e-01
1.016516516516516475e+02 7.702524298835177197e-01
1.018018018018018012e+02 7.496729949812932503e-01
1.019519519519519548e+02 7.154147991871426804e-01
1.021021021021021085e+02 6.811905501597558255e-01
1.022522522522522479e+02 7.457174972095077514e-01
1.024024024024024015e+02 8.093716375111126293e-01
1.025525525525525552e+02 8.595389896454879164e-01
1.027027027027027088e+02 8.467968621129492446e-01
1.028528528528528483e+02 7.924257164471704140e-01
1.030030030030030019e+02 7.824732970023663414e-01
1.031531531531531556e+02 7.765276910267027155e-01
1.033033033033033092e+02 7.601567406922602466e-01
1.034534534534534487e+02 7.355418448013388844e-01
1.036036036036036023e+02 6.959124156090503721e-01
1.037537537537537560e+02 7.158297065693522976e-01
1.039039039039039096e+02 7.805848985591223865e-01
1.040540540540540491e+02 8.428020152246306074e-01
1.042042042042042027e+02 8.611905737206537736e-01
1.043543543543543564e+02 8.223871998451466325e-01
1.045045045045045100e+02 7.767562028083613290e-01
1.046546546546546494e+02 7.807460905176939470e-01
1.048048048048048031e+02 7.688939858862470222e-01
1.049549549549549567e+02 7.476196105339685261e-01
1.051051051051051104e+02 7.102697149947184707e-01
1.052552552552552498e+02 6.843479759978209342e-01
1.054054054054054035e+02 7.506325325716446395e-01
1.055555555555555571e+02 8.137904210041090325e-01
1.057057057057057108e+02 8.589043784135239612e-01
1.058558558558558644e+02 8.429426468249643367e-01
1.060060060060060039e+02 7.874963168444691908e-01
1.061561561561561575e+02 7.826221847643366480e-01
1.063063063063063112e+02 7.758460770809612050e-01
1.064564564564564648e+02 7.585855144016968588e-01
1.066066066066066043e+02 7.257626094805140760e-01
1.067567567567567579e+02 6.935174900644289764e-01
1.069069069069069116e+02 7.214939378517662982e-01
1.070570570570570652e+02 7.845860495605507801e-01
1.072072072072072046e+02 8.444354195945579233e-01
1.073573573573573583e+02 8.597913080855436041e-01
1.075075075075075119e+02 8.173842415616565660e-01
1.076576576576576656e+02 7.770002628977592529e-01
1.078078078078078050e+02 7.801291113954628154e-01
1.079579579579579587e+02 7.672534661268457512e-01
1.081081081081081123e+02 7.454855871862572370e-01
1.082582582582582660e+02 7.108065593651206049e-01
1.084084084084084054e+02 6.964108484673727784e-01
1.085585585585585591e+02 7.552451976301326475e-01
1.087087087087087127e+02 8.204996037218146299e-01
1.088588588588588664e+02 8.630281456644173232e-01
1.090090090090090058e+02 8.395064134367549169e-01
1.091591591591591595e+02 7.830851845910742348e-01
1.093093093093093131e+02 7.824592257918238092e-01
1.094594594594594668e+02 7.748860524550340578e-01
1.096096096096096062e+02 7.571007591352507671e-01
1.097597597597597598e+02 7.238479719979584726e-01
1.099099099099099135e+02 6.913803099314548284e-01
1.100600600600600671e+02 7.260313340578599117e-01
1.102102102102102066e+02 7.904328948436928348e-01
1.103603603603603602e+02 8.476353338565552065e-01
1.105105105105105139e+02 8.566667256017749255e-01
1.106606606606606675e+02 8.127719269347298825e-01
1.108108108108108070e+02 7.771284065305824607e-01
1.109609609609609606e+02 7.795948419841064458e-01
1.111111111111111143e+02 7.658265914657200746e-01
1.112612612612612679e+02 7.433334863155122152e-01
1.114114114114114074e+02 7.054804474503921785e-01
1.115615615615615610e+02 6.930384304837030607e-01
1.117117117117117147e+02 7.600297418367550906e-01
1.118618618618618683e+02 8.224765376711562492e-01
1.120120120120120077e+02 8.619679828142681188e-01
1.121621621621621614e+02 8.356434030398360857e-01
1.123123123123123150e+02 7.754137027444376606e-01
1.124624624624624687e+02 7.823984247590831664e-01
1.126126126126126081e+02 7.738373509790048566e-01
1.127627627627627618e+02 7.553360247835694263e-01
1.129129129129129154e+02 7.216947381861074096e-01
1.130630630630630691e+02 6.886408576115691238e-01
1.132132132132132085e+02 7.312816029866210377e-01
1.133633633633633622e+02 7.955680485592311335e-01
1.135135135135135158e+02 8.534097038539861790e-01
1.136636636636636695e+02 8.557179422844205519e-01
1.138138138138138089e+02 8.080242160230091120e-01
1.139639639639639626e+02 7.772164760992333887e-01
1.141141141141141162e+02 7.787985913320029097e-01
1.142642642642642699e+02 7.642491142036258456e-01
1.144144144144144093e+02 7.412455130581385720e-01
1.145645645645645629e+02 7.031660015699271460e-01
1.147147147147147166e+02 6.999021056463854418e-01
1.148648648648648702e+02 7.653658640074324504e-01
1.150150150150150097e+02 8.287878694252546197e-01
1.151651651651651633e+02 8.621940295581648206e-01
1.153153153153153170e+02 8.347607812830203367e-01
1.154654654654654706e+02 7.759096082134298022e-01
1.156156156156156243e+02 7.822005675890588705e-01
1.157657657657657637e+02 7.728838925133731941e-01
1.159159159159159174e+02 7.535543280745198302e-01
1.160660660660660710e+02 7.199342950988013579e-01
1.162162162162162247e+02 6.863234843745106284e-01
1.163663663663663641e+02 7.363590295388979801e-01
1.165165165165165178e+02 7.992448547739309239e-01
1.166666666666666714e+02 8.527934267050272243e-01
1.168168168168168251e+02 8.524262856607894845e-01
1.169669669669669645e+02 8.013018760108392424e-01
1.171171171171171181e+02 7.773155755243191800e-01
1.172672672672672718e+02 7.781175534037729768e-01
1.174174174174174254e+02 7.630315558517409835e-01
1.175675675675675649e+02 7.394548525233493041e-01
1.177177177177177185e+02 7.005300218107287646e-01
1.178678678678678722e+02 7.054572285929081588e-01
1.180180180180180258e+02 7.698348853910180756e-01
1.181681681681681653e+02 8.336295831110001053e-01
1.183183183183183189e+02 8.637265895567006746e-01
1.184684684684684726e+02 8.308917471832037993e-01
1.186186186186186262e+02 7.764112688661041206e-01
1.187687687687687657e+02 7.818052143829381517e-01
1.189189189189189193e+02 7.715936577986037825e-01
1.190690690690690730e+02 7.518005739815445398e-01
1.192192192192192266e+02 7.176761700271814259e-01
1.193693693693693660e+02 6.838864259411225888e-01
1.195195195195195197e+02 7.409144278274703010e-01
1.196696696696696733e+02 8.059541587619223346e-01
1.198198198198198270e+02 8.575848743407735730e-01
1.199699699699699664e+02 8.494033344037251743e-01
1.201201201201201201e+02 7.964713440781046039e-01
1.202702702702702737e+02 7.772881364392011383e-01
1.204204204204204274e+02 7.773776693605142230e-01
1.205705705705705668e+02 7.616053391502488612e-01
1.207207207207207205e+02 7.377293680690895084e-01
1.208708708708708741e+02 6.984598560239368981e-01
1.210210210210210278e+02 7.101860317487485030e-01
1.211711711711711672e+02 7.748840200639343090e-01
1.213213213213213209e+02 8.352416400345641367e-01
1.214714714714714745e+02 8.609657927167575497e-01
1.216216216216216282e+02 8.265748384215463318e-01
1.217717717717717676e+02 7.768065552413565555e-01
1.219219219219219212e+02 7.815277920346554996e-01
1.220720720720720749e+02 7.703611297658403689e-01
1.222222222222222285e+02 7.497074504403122841e-01
1.223723723723723680e+02 7.155115561452661810e-01
1.225225225225225216e+02 6.813165446969804417e-01
1.226726726726726753e+02 7.458995462139659249e-01
1.228228228228228289e+02 8.095629114839076879e-01
1.229729729729729684e+02 8.596497171583723507e-01
1.231231231231231220e+02 8.467379664482592716e-01
1.232732732732732757e+02 7.922331174540488963e-01
1.234234234234234293e+02 7.823220805762145513e-01
1.235735735735735688e+02 7.764239274516755440e-01
1.237237237237237224e+02 7.601119162038835197e-01
1.238738738738738761e+02 7.355227484192183862e-01
1.240240240240240297e+02 6.958716437730936288e-01
1.241741741741741691e+02 7.158107488196370216e-01
1.243243243243243228e+02 7.805185114068338148e-01
1.244744744744744764e+02 8.427887978450898654e-01
1.246246246246246301e+02 8.612678750953255413e-01
1.247747747747747695e+02 8.225988496704194075e-01
1.249249249249249232e+02 7.770646434568362348e-01
1.250750750750750768e+02 7.809975763506252777e-01
1.252252252252252305e+02 7.691061991723436853e-01
1.253753753753753841e+02 7.477819841708157611e-01
1.255255255255255236e+02 7.135041340798083942e-01
1.256756756756756772e+02 6.845313173364473425e-01
1.258258258258258309e+02 7.508801301390097827e-01
1.259759759759759845e+02 8.140194843221567611e-01
1.261261261261261239e+02 8.589628822787249707e-01
1.262762762762762776e+02 8.427850983119204997e-01
1.264264264264264312e+02 7.872223949138230648e-01
1.265765765765765849e+02 7.823944591066794851e-01
1.267267267267267243e+02 7.756430051888736354e-01
1.268768768768768780e+02 7.584244500406028822e-01
1.270270270270270316e+02 7.256370027644769571e-01
1.271771771771771853e+02 6.933890208129066535e-01
1.273273273273273247e+02 7.213467771655719396e-01
1.274774774774774784e+02 7.844619055473933678e-01
1.276276276276276320e+02 8.444113314229287903e-01
1.277777777777777857e+02 8.599118909330929483e-01
1.279279279279279251e+02 8.176536449475977353e-01
1.280780780780780788e+02 7.773536498897857250e-01
1.282282282282282324e+02 7.804346463807363410e-01
1.283783783783783861e+02 7.675453885410546961e-01
1.285285285285285397e+02 7.457340181503792076e-01
1.286786786786786934e+02 7.110279448406359171e-01
1.288288288288288186e+02 6.967214948241940986e-01
1.289789789789789722e+02 7.555408942292910490e-01
1.291291291291291259e+02 8.206998569840389113e-01
1.292792792792792795e+02 8.630476184493736103e-01
1.294294294294294332e+02 8.392991001873008061e-01
1.295795795795795868e+02 7.827989673414518235e-01
1.297297297297297405e+02 7.822155612929742041e-01
1.298798798798798941e+02 7.746403223645412783e-01
1.300300300300300194e+02 7.568769663404366632e-01
1.301801801801801730e+02 7.236841424921417465e-01
1.303303303303303267e+02 6.912025341483954977e-01
1.304804804804804803e+02 7.258457268500995152e-01
1.306306306306306340e+02 7.903196578808034944e-01
1.307807807807807876e+02 8.477074114288477569e-01
1.309309309309309413e+02 8.568585212553085917e-01
1.310810810810810949e+02 8.130733316767785324e-01
1.312312312312312201e+02 7.774923830750555265e-01
1.313813813813813738e+02 7.799195392969345830e-01
1.315315315315315274e+02 7.661662509603672788e-01
1.316816816816816811e+02 7.435716170077928400e-01
1.318318318318318347e+02 7.057175086785631990e-01
1.319819819819819884e+02 6.934557323890712111e-01
1.321321321321321420e+02 7.603347422676308698e-01
1.322822822822822957e+02 8.226300032604514367e-01
1.324324324324324209e+02 8.618944252939576556e-01
1.325825825825825746e+02 8.353955036494350450e-01
1.327327327327327282e+02 7.751149185191248403e-01
1.328828828828828819e+02 7.821399074913060190e-01
1.330330330330330355e+02 7.735578191728352815e-01
1.331831831831831892e+02 7.550589952260361448e-01
1.333333333333333428e+02 7.215071478326779975e-01
1.334834834834834965e+02 6.884309034905019553e-01
1.336336336336336217e+02 7.310881087864278260e-01
1.337837837837837753e+02 7.954564251820819276e-01
1.339339339339339290e+02 8.534581372221273776e-01
1.340840840840840826e+02 8.559104279122511372e-01
1.342342342342342363e+02 8.083007516470649412e-01
1.343843843843843899e+02 7.775615545583715038e-01
1.345345345345345436e+02 7.791129744462359508e-01
1.346846846846846972e+02 7.645908237429864807e-01
1.348348348348348509e+02 7.414912308413050823e-01
1.349849849849849761e+02 7.033954821144080549e-01
1.351351351351351298e+02 7.002791719586913821e-01
1.352852852852852834e+02 7.656430925716168900e-01
1.354354354354354371e+02 8.289315258773741757e-01
1.355855855855855907e+02 8.621199344453617242e-01
1.357357357357357444e+02 8.345060862828168613e-01
1.358858858858858980e+02 7.756243806191870371e-01
1.360360360360360517e+02 7.819452936781097208e-01
1.361861861861861769e+02 7.725942389668545296e-01
1.363363363363363305e+02 7.532536648652176092e-01
1.364864864864864842e+02 7.197328166063625687e-01
1.366366366366366378e+02 6.861075936204040771e-01
1.367867867867867915e+02 7.361517413049187830e-01
1.369369369369369451e+02 7.991586314922848322e-01
1.370870870870870988e+02 8.528754035673423717e-01
1.372372372372372524e+02 8.526293727577116677e-01
1.373873873873873777e+02 8.015663129980917789e-01
1.375375375375375313e+02 7.776420681266942303e-01
1.376876876876876850e+02 7.784264615656876218e-01
1.378378378378378386e+02 7.633262143592430826e-01
1.379879879879879923e+02 7.396235727382582947e-01
1.381381381381381459e+02 7.007683566264470976e-01
1.382882882882882996e+02 7.058497614348686611e-01
1.384384384384384532e+02 7.700907716812166459e-01
1.385885885885885784e+02 8.337041719262786588e-01
1.387387387387387321e+02 8.636120759370425892e-01
1.388888888888888857e+02 8.306480983675197383e-01
1.390390390390390394e+02 7.761752955413367960e-01
1.391891891891891930e+02 7.815858643883578649e-01
1.393393393393393467e+02 7.713275797668218692e-01
1.394894894894895003e+02 7.515133563655566062e-01
1.396396396396396540e+02 7.174870431906736901e-01
1.397897897897897792e+02 6.836765272956915052e-01
1.399399399399399329e+02 7.407394839910381723e-01
1.400900900900900865e+02 8.059071200939132984e-01
1.402402402402402402e+02 8.577124769860333675e-01
1.403903903903903938e+02 8.496031212299528512e-01
1.405405405405405475e+02 7.966926779351916066e-01
1.406906906906907011e+02 7.775585478841597897e-01
1.408408408408408548e+02 7.776401689954344221e-01
1.409909909909909800e+02 7.618737681464720080e-01
1.411411411411411336e+02 7.378410441507530226e-01
1.412912912912912873e+02 6.986678603826093070e-01
1.414414414414414409e+02 7.105176014903964443e-01
1.415915915915915946e+02 7.750949216175311296e-01
1.417417417417417482e+02 8.352910344260665587e-01
1.418918918918919019e+02 8.608347403254875685e-01
1.420420420420420555e+02 8.263682584677028986e-01
1.421921921921921808e+02 7.766159460482822130e-01
1.423423423423423344e+02 7.813437199461992222e-01
1.424924924924924881e+02 7.701261382387678545e-01
1.426426426426426417e+02 7.494486472837443847e-01
1.427927927927927954e+02 7.122334887398898973e-01
1.429429429429429490e+02 6.811810850099561110e-01
1.430930930930931027e+02 7.457707267883126878e-01
1.432432432432432563e+02 8.095303264661054543e-01
1.433933933933933815e+02 8.597390013610071158e-01
1.435435435435435352e+02 8.469020469337921186e-01
1.436936936936936888e+02 7.924014710204116962e-01
1.438438438438438425e+02 7.825014069229867530e-01
1.439939939939939961e+02 7.766416058655833954e-01
1.441441441441441498e+02 7.603497476763037000e-01
1.442942942942943034e+02 7.356127354903939652e-01
1.444444444444444571e+02 6.960385445666171789e-01
1.445945945945946107e+02 7.160843142461346122e-01
1.447447447447447360e+02 7.806778034270090982e-01
1.448948948948948896e+02 8.428233890232292858e-01
1.450450450450450433e+02 8.611661399464974886e-01
1.451951951951951969e+02 8.224273002195174875e-01
1.453453453453453506e+02 7.769226513040848880e-01
1.454954954954955042e+02 7.808510240549445536e-01
1.456456456456456579e+02 7.689067372952307355e-01
1.457957957957958115e+02 7.475543266539730336e-01
1.459459459459459367e+02 7.102886677237645330e-01
1.460960960960960904e+02 6.844181099072996766e-01
1.462462462462462440e+02 7.507927990361893400e-01
1.463963963963963977e+02 8.140527466220889297e-01
1.465465465465465513e+02 8.590834461014303924e-01
1.466966966966967050e+02 8.429118084176242531e-01
1.468468468468468586e+02 7.873302431282297453e-01
1.469969969969970123e+02 7.825309453652520286e-01
1.471471471471471375e+02 7.758184980547178089e-01
1.472972972972972912e+02 7.586246976144603860e-01
1.474474474474474448e+02 7.257548139861798031e-01
1.475975975975975985e+02 6.935281299439983727e-01
1.477477477477477521e+02 7.215525995235138046e-01
1.478978978978979058e+02 7.845712861443383535e-01
1.480480480480480594e+02 8.443873697434026715e-01
1.481981981981982130e+02 8.598044459007402329e-01
1.483483483483483383e+02 8.175293583694769328e-01
1.484984984984984919e+02 7.772596128307065477e-01
1.486486486486486456e+02 7.803316005832847679e-01
1.487987987987987992e+02 7.673920154540639915e-01
1.489489489489489529e+02 7.455618141890746342e-01
1.490990990990991065e+02 7.077137231772721027e-01
1.492492492492492602e+02 6.965828402539029351e-01
1.493993993993994138e+02 7.554964003185192789e-01
1.495495495495495391e+02 8.207327993672026700e-01
1.496996996996996927e+02 8.631497551400912904e-01
1.498498498498498464e+02 8.393834341762894669e-01
1.500000000000000000e+02 7.828611567493731771e-01
