0.000000000000000000e+00 3.808415923498043032e-02
1.501501501501501523e-01 1.967827036561383691e-01
3.003003003003003046e-01 1.393570077743440661e-01
4.504504504504504570e-01 2.885685984194493736e-01
6.006006006006006093e-01 5.449045192570097784e-01
7.507507507507507061e-01 8.293008676233264431e-01
9.009009009009009139e-01 8.806497489163106485e-01
1.051051051051051122e+00 7.396117054865397611e-01
1.201201201201201219e+00 6.295551571221285059e-01
1.351351351351351315e+00 5.862337935669833522e-01
1.501501501501501412e+00 5.809818702005451474e-01
1.651651651651651731e+00 5.879363473337718693e-01
1.801801801801801828e+00 6.346506199951910121e-01
1.951951951951951925e+00 7.338240374260330823e-01
2.102102102102102243e+00 8.539622964199862221e-01
2.252252252252252340e+00 9.223377988073341305e-01
2.402402402402402437e+00 9.062309676621834731e-01
2.552552552552552534e+00 8.416210173302263176e-01
2.702702702702702631e+00 7.637222657139732807e-01
2.852852852852852727e+00 7.424142020535453579e-01
3.003003003003002824e+00 7.542931269577217712e-01
3.153153153153153365e+00 7.570666972840285336e-01
3.303303303303303462e+00 6.945767350966043363e-01
3.453453453453453559e+00 6.164963341012033027e-01
3.603603603603603656e+00 5.509286122701803068e-01
3.753753753753753752e+00 4.926405771143030354e-01
3.903903903903903849e+00 4.357426525984095522e-01
4.054054054054054390e+00 3.834369327148143825e-01
4.204204204204204487e+00 3.361165594731364559e-01
4.354354354354354584e+00 2.937142336025956868e-01
4.504504504504504681e+00 2.554156112589055505e-01
4.654654654654654777e+00 2.201279476724180284e-01
4.804804804804804874e+00 1.874176246248518418e-01
4.954954954954954971e+00 1.619312178914887324e-01
5.105105105105105068e+00 1.524751745637659139e-01
5.255255255255255165e+00 1.522057824818379701e-01
5.405405405405405261e+00 1.543165407120829224e-01
5.555555555555555358e+00 3.192393491139741135e-01
5.705705705705705455e+00 3.699476521931996387e-01
5.855855855855855552e+00 4.217816835892324590e-01
6.006006006006005649e+00 4.716407009598907463e-01
6.156156156156156634e+00 5.167341428123602975e-01
6.306306306306306730e+00 5.527714308072096960e-01
6.456456456456456827e+00 5.394908740825743454e-01
6.606606606606606924e+00 4.805773129343953176e-01
6.756756756756757021e+00 5.165922862598283372e-01
6.906906906906907118e+00 5.098541193224567225e-01
7.057057057057057214e+00 4.992327015282306824e-01
7.207207207207207311e+00 5.195050092281612297e-01
7.357357357357357408e+00 5.620023520022425778e-01
7.507507507507507505e+00 6.445142081946682033e-01
7.657657657657657602e+00 7.333086663742141020e-01
7.807807807807807698e+00 7.891712804148693916e-01
7.957957957957957795e+00 8.034500601037837253e-01
8.108108108108108780e+00 7.879762016370709388e-01
8.258258258258258877e+00 7.749539582172337848e-01
8.408408408408408974e+00 7.427559054389654136e-01
8.558558558558559071e+00 7.152401639727840044e-01
8.708708708708709167e+00 7.238803643436980684e-01
8.858858858858859264e+00 7.372572269782791121e-01
9.009009009009009361e+00 7.588867269204412347e-01
9.159159159159159458e+00 7.805728665989740689e-01
9.309309309309309555e+00 7.931839259747329729e-01
9.459459459459459651e+00 7.890554562055334120e-01
9.609609609609609748e+00 7.481919982542305503e-01
9.759759759759759845e+00 6.975993533212432318e-01
9.909909909909909942e+00 6.429232244683740216e-01
1.006006006006006004e+01 5.917271697354850035e-01
1.021021021021021014e+01 5.431265342303628341e-01
1.036036036036036023e+01 4.987274547189652907e-01
1.051051051051051033e+01 4.618993736952847762e-01
1.066066066066066043e+01 4.301744364302186874e-01
1.081081081081081052e+01 4.014365443826188318e-01
1.096096096096096062e+01 3.734048501453265390e-01
1.111111111111111072e+01 3.447633945245452969e-01
1.126126126126126081e+01 3.156424477419537689e-01
1.141141141141141091e+01 2.881954459090928511e-01
1.156156156156156101e+01 2.669262551405275352e-01
1.171171171171171110e+01 2.543660628220052455e-01
1.186186186186186120e+01 2.485801941548775595e-01
1.201201201201201130e+01 2.461501680336906361e-01
1.216216216216216317e+01 4.663208920104409128e-01
1.231231231231231327e+01 5.175345306808759593e-01
1.246246246246246336e+01 5.674696098387367327e-01
1.261261261261261346e+01 5.931143827902520815e-01
1.276276276276276356e+01 6.008691089381539285e-01
1.291291291291291365e+01 6.428231936287331916e-01
1.306306306306306375e+01 6.531999344850666356e-01
1.321321321321321385e+01 5.910801812949770806e-01
1.336336336336336394e+01 5.585582812856049184e-01
1.351351351351351404e+01 5.644725317857050007e-01
1.366366366366366414e+01 6.199263121916223085e-01
1.381381381381381424e+01 7.684254046482266176e-01
1.396396396396396433e+01 8.576125759065498233e-01
1.411411411411411443e+01 9.059116669983265924e-01
1.426426426426426453e+01 9.046761346635097123e-01
1.441441441441441462e+01 8.658666598163314854e-01
1.456456456456456472e+01 8.151491065416935911e-01
1.471471471471471482e+01 7.534855819674450839e-01
1.486486486486486491e+01 7.388574432027983363e-01
1.501501501501501501e+01 7.417452583645505193e-01
1.516516516516516511e+01 7.644424141718832999e-01
1.531531531531531520e+01 8.213865615317463842e-01
1.546546546546546530e+01 8.581189613364903490e-01
1.561561561561561540e+01 8.733178712952314182e-01
1.576576576576576549e+01 8.564980781207653937e-01
1.591591591591591559e+01 8.088601921349118928e-01
1.606606606606606746e+01 7.395207377896583223e-01
1.621621621621621756e+01 6.815385160718090418e-01
1.636636636636636766e+01 6.245301617374907632e-01
1.651651651651651775e+01 5.716888852615427119e-01
1.666666666666666785e+01 5.246276823839701731e-01
1.681681681681681795e+01 4.834831043321617949e-01
1.696696696696696804e+01 4.471914289308840385e-01
1.711711711711711814e+01 4.139397807126277695e-01
1.726726726726726824e+01 3.817102531005420740e-01
1.741741741741741833e+01 3.486402434793747229e-01
1.756756756756756843e+01 3.133670810300008824e-01
1.771771771771771853e+01 2.779338128461729118e-01
1.786786786786786863e+01 2.497895402361635653e-01
1.801801801801801872e+01 2.361061786671973528e-01
1.816816816816816882e+01 2.308818481478857043e-01
1.831831831831831892e+01 2.279298552130783195e-01
1.846846846846846901e+01 4.513601231819636128e-01
1.861861861861861911e+01 5.041400902189447919e-01
1.876876876876876921e+01 5.548369355080546850e-01
1.891891891891891930e+01 5.832077855359861784e-01
1.906906906906906940e+01 6.161046094103976856e-01
1.921921921921921950e+01 6.360218166483306845e-01
1.936936936936936959e+01 6.046098997462846514e-01
1.951951951951951969e+01 5.601241351480554798e-01
1.966966966966966979e+01 5.357065384535031338e-01
1.981981981981981988e+01 5.507668809641936836e-01
1.996996996996996998e+01 6.034763808294388854e-01
2.012012012012012008e+01 7.535401062776044823e-01
2.027027027027027017e+01 8.500260448236898192e-01
2.042042042042042027e+01 9.053036920391582809e-01
2.057057057057057037e+01 9.039470266600231341e-01
2.072072072072072046e+01 8.568898752691522791e-01
2.087087087087087056e+01 7.976859067318033958e-01
2.102102102102102066e+01 7.398028864367297563e-01
2.117117117117117076e+01 7.321022058889758988e-01
2.132132132132132085e+01 7.382218999403080684e-01
2.147147147147147095e+01 7.609995056586100759e-01
2.162162162162162105e+01 7.959509059048878177e-01
2.177177177177177114e+01 8.532842836511589368e-01
2.192192192192192124e+01 8.677053993746519645e-01
2.207207207207207134e+01 8.454392098656400290e-01
2.222222222222222143e+01 7.834933808311058678e-01
2.237237237237237153e+01 7.296446124298320290e-01
2.252252252252252163e+01 6.733336430649736748e-01
2.267267267267267172e+01 6.183175723503495647e-01
2.282282282282282182e+01 5.675973446102384745e-01
2.297297297297297192e+01 5.226137868491553817e-01
2.312312312312312201e+01 4.834845534065350114e-01
2.327327327327327211e+01 4.492144878347085202e-01
2.342342342342342221e+01 4.178957749849486758e-01
2.357357357357357230e+01 3.871975207215235248e-01
2.372372372372372240e+01 3.550839844466125994e-01
2.387387387387387250e+01 3.206400547001622692e-01
2.402402402402402259e+01 2.866686782390100996e-01
2.417417417417417624e+01 2.605213438493129696e-01
2.432432432432432634e+01 2.469085493585882196e-01
2.447447447447447644e+01 2.407662311162269975e-01
2.462462462462462653e+01 4.136004263909788259e-01
2.477477477477477663e+01 4.632200787425613253e-01
2.492492492492492673e+01 5.139085275408763476e-01
2.507507507507507682e+01 5.624579525515985834e-01
2.522522522522522692e+01 5.894492210553626821e-01
2.537537537537537702e+01 6.192114095059747525e-01
2.552552552552552712e+01 6.325359125127525406e-01
2.567567567567567721e+01 5.943236690267480471e-01
2.582582582582582731e+01 5.516185373717755747e-01
2.597597597597597741e+01 5.335306637709051891e-01
2.612612612612612750e+01 5.544933009547827751e-01
2.627627627627627760e+01 6.187147135573155543e-01
2.642642642642642770e+01 7.753577140098559806e-01
2.657657657657657779e+01 8.659458583613377503e-01
2.672672672672672789e+01 9.091112625468663611e-01
2.687687687687687799e+01 8.966742378582049922e-01
2.702702702702702808e+01 8.443615155582357978e-01
2.717717717717717818e+01 7.876893785015498528e-01
2.732732732732732828e+01 7.349038015472980634e-01
2.747747747747747837e+01 7.286405564472515639e-01
2.762762762762762847e+01 7.365993531917498505e-01
2.777777777777777857e+01 7.639705553035478491e-01
2.792792792792792866e+01 8.035079637353669257e-01
2.807807807807807876e+01 8.574179488524771298e-01
2.822822822822822886e+01 8.681017881765054067e-01
2.837837837837837895e+01 8.391191409167413351e-01
2.852852852852852905e+01 7.751972581042266830e-01
2.867867867867867915e+01 7.211289971464482917e-01
2.882882882882882924e+01 6.650141664740886194e-01
2.897897897897897934e+01 6.107256672448921897e-01
2.912912912912912944e+01 5.608913805478787928e-01
2.927927927927927954e+01 5.168149998660809263e-01
2.942942942942942963e+01 4.785293294428030197e-01
2.957957957957957973e+01 4.448591502945079545e-01
2.972972972972972983e+01 4.136462699417872146e-01
2.987987987987987992e+01 3.825193385731860962e-01
3.003003003003003002e+01 3.497769155559856680e-01
3.018018018018018012e+01 3.151612888987946892e-01
3.033033033033033021e+01 2.822372301742143152e-01
3.048048048048048031e+01 2.585646403710791241e-01
3.063063063063063041e+01 2.467143526869228776e-01
3.078078078078078050e+01 2.413213984213451735e-01
3.093093093093093060e+01 4.234913322298067273e-01
3.108108108108108070e+01 4.735917467811486814e-01
3.123123123123123079e+01 5.240727474256077212e-01
3.138138138138138089e+01 5.717978746720508987e-01
3.153153153153153099e+01 5.933494385331139487e-01
3.168168168168168108e+01 6.216708993325364974e-01
3.183183183183183118e+01 6.357164389779929037e-01
3.198198198198198128e+01 5.903636206837429290e-01
3.213213213213213493e+01 5.466251294610441347e-01
3.228228228228228147e+01 5.337863505652404861e-01
3.243243243243243512e+01 5.608143115950212643e-01
3.258258258258258167e+01 6.320754746796238832e-01
3.273273273273273531e+01 7.892090311504643685e-01
3.288288288288288186e+01 8.735250843275877974e-01
3.303303303303303551e+01 9.098054672203554905e-01
3.318318318318318205e+01 8.912663144119877812e-01
3.333333333333333570e+01 8.357556937798280572e-01
3.348348348348348225e+01 7.577470218499678944e-01
3.363363363363363590e+01 7.319101394850899833e-01
3.378378378378378244e+01 7.284832660279439986e-01
3.393393393393393609e+01 7.414646802132152104e-01
3.408408408408408263e+01 7.696416323396435555e-01
3.423423423423423628e+01 8.304639770468933424e-01
3.438438438438438283e+01 8.608226582099717250e-01
3.453453453453453648e+01 8.680687142377838672e-01
3.468468468468468302e+01 8.327753164489646309e-01
3.483483483483483667e+01 7.688183358893890817e-01
3.498498498498498321e+01 7.145950618507707075e-01
3.513513513513513686e+01 6.588202835599044072e-01
3.528528528528528341e+01 6.052618960493338918e-01
3.543543543543543706e+01 5.564881458255361846e-01
3.558558558558558360e+01 5.136607828265361553e-01
3.573573573573573725e+01 4.765052085753674338e-01
3.588588588588588379e+01 4.434833331549440927e-01
3.603603603603603744e+01 4.123205014391526646e-01
3.618618618618618399e+01 3.809160230657155366e-01
3.633633633633633764e+01 3.478628797372657622e-01
3.648648648648648418e+01 3.132642423695729539e-01
3.663663663663663783e+01 2.807741713643142623e-01
3.678678678678678438e+01 2.583103315799889499e-01
3.693693693693693803e+01 2.473089774552893749e-01
3.708708708708708457e+01 2.420789867732254519e-01
3.723723723723723822e+01 4.308913574567997395e-01
3.738738738738738476e+01 4.808406113760673728e-01
3.753753753753753841e+01 5.305878835342155986e-01
3.768768768768768496e+01 5.772322645328785695e-01
3.783783783783783861e+01 5.928372821131520087e-01
3.798798798798798515e+01 6.265613745549003522e-01
3.813813813813813880e+01 6.349721919953323912e-01
3.828828828828828534e+01 5.810840864995472366e-01
3.843843843843843899e+01 5.385794057914335964e-01
3.858858858858859264e+01 5.335873718888263229e-01
3.873873873873873919e+01 5.687763606407699735e-01
3.888888888888889284e+01 6.466771271715910929e-01
3.903903903903903938e+01 8.032913150577489780e-01
3.918918918918919303e+01 8.815380851918427352e-01
3.933933933933933957e+01 9.093319736056237890e-01
3.948948948948949322e+01 8.806117157513534410e-01
3.963963963963963977e+01 8.247516442844223805e-01
3.978978978978979342e+01 7.496146405920616207e-01
3.993993993993993996e+01 7.282332058323400803e-01
4.009009009009009361e+01 7.279118948584002435e-01
4.024024024024024015e+01 7.420091504372339219e-01
4.039039039039039380e+01 7.744382061269740047e-01
4.054054054054054035e+01 8.358501206043247311e-01
4.069069069069069400e+01 8.630765692905050246e-01
4.084084084084084054e+01 8.659560576482265848e-01
4.099099099099099419e+01 8.250980553813627161e-01
4.114114114114114074e+01 7.601320578850518928e-01
4.129129129129129439e+01 7.054101735593349964e-01
4.144144144144144093e+01 6.498313383188984993e-01
4.159159159159159458e+01 5.970800209667289637e-01
4.174174174174174112e+01 5.494688287439879470e-01
4.189189189189189477e+01 5.077750941014913533e-01
4.204204204204204132e+01 4.714065461214401731e-01
4.219219219219219497e+01 4.387485805405405559e-01
4.234234234234234151e+01 4.077309220927697320e-01
4.249249249249249516e+01 3.764407582154949417e-01
4.264264264264264170e+01 3.434525254548230211e-01
4.279279279279279535e+01 3.091034946689376617e-01
4.294294294294294190e+01 2.778082535004423592e-01
4.309309309309309555e+01 2.575140447826287371e-01
4.324324324324324209e+01 2.478214560817378342e-01
4.339339339339339574e+01 2.430385061488573861e-01
4.354354354354354228e+01 4.395235521516362431e-01
4.369369369369369593e+01 4.891611820503416475e-01
4.384384384384384248e+01 5.382348725304142434e-01
4.399399399399399613e+01 5.776988757653647166e-01
4.414414414414414267e+01 5.990441643490485024e-01
4.429429429429429632e+01 5.893131666632902554e-01
4.444444444444444287e+01 6.086005553714459726e-01
4.459459459459459651e+01 5.718467325108742561e-01
4.474474474474474306e+01 5.344808995452405842e-01
4.489489489489489671e+01 5.372153849774587986e-01
4.504504504504504325e+01 5.781623584756527823e-01
4.519519519519519690e+01 6.604250287115062124e-01
4.534534534534534345e+01 8.170420438555354714e-01
4.549549549549549710e+01 8.887428260183400930e-01
4.564564564564564364e+01 9.055575291926343251e-01
4.579579579579579729e+01 8.720190189523289170e-01
4.594594594594594383e+01 8.140275395290603733e-01
4.609609609609609748e+01 7.431267946557348347e-01
4.624624624624624403e+01 7.265010357151662213e-01
4.639639639639639768e+01 7.285597903250036200e-01
4.654654654654654422e+01 7.450686358429037259e-01
4.669669669669669787e+01 7.798643252665017345e-01
4.684684684684684441e+01 8.410388819930552096e-01
4.699699699699699806e+01 8.644423959002314195e-01
4.714714714714714461e+01 8.598892477473322193e-01
4.729729729729729826e+01 8.173811374207065050e-01
4.744744744744744480e+01 7.515517064736947361e-01
4.759759759759759845e+01 6.966227688640268534e-01
4.774774774774774500e+01 6.416002677697545398e-01
4.789789789789789864e+01 5.898810396352289764e-01
4.804804804804804519e+01 5.433934971617079279e-01
4.819819819819819884e+01 5.026372169933652767e-01
4.834834834834835249e+01 4.669502812675224712e-01
4.849849849849849903e+01 4.347839211464605835e-01
4.864864864864865268e+01 4.040638262750947951e-01
4.879879879879879923e+01 3.727376630547178937e-01
4.894894894894895288e+01 3.392930245209442308e-01
4.909909909909909942e+01 3.049767623728956156e-01
4.924924924924925307e+01 2.749099913075313539e-01
4.939939939939939961e+01 2.566405874522092456e-01
4.954954954954955326e+01 2.479930124944700054e-01
4.969969969969969981e+01 2.434138003160161157e-01
4.984984984984985346e+01 4.473778115516512943e-01
5.000000000000000000e+01 4.969356379828782089e-01
5.015015015015015365e+01 5.455327948217104650e-01
5.030030030030030019e+01 5.812346379201172031e-01
5.045045045045045384e+01 6.069832793795101322e-01
5.060060060060060039e+01 6.247907215013699389e-01
5.075075075075075404e+01 6.044503378471675070e-01
5.090090090090090058e+01 5.651461279581918573e-01
5.105105105105105423e+01 5.334441979647772669e-01
5.120120120120120077e+01 5.412038742032516669e-01
5.135135135135135442e+01 5.875970418470821688e-01
5.150150150150150097e+01 6.755281423171586308e-01
5.165165165165165462e+01 8.312102033110635446e-01
5.180180180180180116e+01 8.944096548287009396e-01
5.195195195195195481e+01 9.023642883434961348e-01
5.210210210210210136e+01 8.631241385922212572e-01
5.225225225225225500e+01 8.042646267972516361e-01
5.240240240240240155e+01 7.386606583339678789e-01
5.255255255255255520e+01 7.256599754681322123e-01
5.270270270270270174e+01 7.295648609812628305e-01
5.285285285285285539e+01 7.506460030269619388e-01
5.300300300300300194e+01 7.859391722789731416e-01
5.315315315315315559e+01 8.457122561786272197e-01
5.330330330330330213e+01 8.653875972016966678e-01
5.345345345345345578e+01 8.537137253903064327e-01
5.360360360360360232e+01 8.096586673177282867e-01
5.375375375375375597e+01 7.430540772788628567e-01
5.390390390390390252e+01 6.881534565959570582e-01
5.405405405405405617e+01 6.337076364481138979e-01
5.420420420420420271e+01 5.828036804202170185e-01
5.435435435435435636e+01 5.371680625057063674e-01
5.450450450450450290e+01 4.972506747784226633e-01
5.465465465465465655e+01 4.623453756316559526e-01
5.480480480480480310e+01 4.307207567995283704e-01
5.495495495495495675e+01 4.000757039651450242e-01
5.510510510510510329e+01 3.683776181197160327e-01
5.525525525525525694e+01 3.344746711713683651e-01
5.540540540540540349e+01 3.005195743099916550e-01
5.555555555555555713e+01 2.721836153650524781e-01
5.570570570570570368e+01 2.557920863118444132e-01
5.585585585585585733e+01 2.479469272060041973e-01
5.600600600600600387e+01 2.434450595934231076e-01
5.615615615615615752e+01 4.551541817504414222e-01
5.630630630630630407e+01 5.046659790053470429e-01
5.645645645645645772e+01 5.526636448571149440e-01
5.660660660660660426e+01 5.865394269494685897e-01
5.675675675675675791e+01 6.093886167862938574e-01
5.690690690690690445e+01 6.277092521943952175e-01
5.705705705705705810e+01 6.007383653694249315e-01
5.720720720720720465e+01 5.587954628187253858e-01
5.735735735735735830e+01 5.314244066964105562e-01
5.750750750750750484e+01 5.442966710827796817e-01
5.765765765765765849e+01 5.985608996840460216e-01
5.780780780780781214e+01 6.916217148892860322e-01
5.795795795795795868e+01 8.434034141367700022e-01
5.810810810810811233e+01 8.982405783920155429e-01
5.825825825825825888e+01 8.984872397573110403e-01
5.840840840840841253e+01 8.540904451158267685e-01
5.855855855855855907e+01 7.954727129961782772e-01
5.870870870870871272e+01 7.345956446123445005e-01
5.885885885885885926e+01 7.244633164839389128e-01
5.900900900900901291e+01 7.307476497362428436e-01
5.915915915915915946e+01 7.549469527693760673e-01
5.930930930930931311e+01 7.915417588549935601e-01
5.945945945945945965e+01 8.496885379652443504e-01
5.960960960960961330e+01 8.659952738897795932e-01
5.975975975975975985e+01 8.472519474796823546e-01
5.990990990990991349e+01 7.864921109394344967e-01
6.006006006006006004e+01 7.347062426481489883e-01
6.021021021021021369e+01 6.797680062806651380e-01
6.036036036036036023e+01 6.257103671747263895e-01
6.051051051051051388e+01 5.755045866106153207e-01
6.066066066066066043e+01 5.308105594170828834e-01
6.081081081081081408e+01 4.919149129811163368e-01
6.096096096096096062e+01 4.578106203633601212e-01
6.111111111111111427e+01 4.264796790837490637e-01
6.126126126126126081e+01 3.956513713838491486e-01
6.141141141141141446e+01 3.636324566713446949e-01
6.156156156156156101e+01 3.297125053390393967e-01
6.171171171171171466e+01 2.963568877963347337e-01
6.186186186186186120e+01 2.697262710828323695e-01
6.201201201201201485e+01 2.548815727165458234e-01
6.216216216216216139e+01 2.477214833889589130e-01
6.231231231231231504e+01 2.433007680595556943e-01
6.246246246246246159e+01 4.631019354334828253e-01
6.261261261261261524e+01 5.123533605000870628e-01
6.276276276276276178e+01 5.595899629379138540e-01
6.291291291291291543e+01 5.857426780017932488e-01
6.306306306306306197e+01 6.120033109283606887e-01
6.321321321321321562e+01 6.319009088142738539e-01
6.336336336336336217e+01 5.955397413610146184e-01
6.351351351351351582e+01 5.508509279284460325e-01
6.366366366366366236e+01 5.291006216877424118e-01
6.381381381381381601e+01 5.492354278850366534e-01
6.396396396396396256e+01 6.116290477044844520e-01
6.411411411411411621e+01 7.632491346092715734e-01
6.426426426426426985e+01 8.540194301464809623e-01
6.441441441441440929e+01 9.014871890966589252e-01
6.456456456456456294e+01 8.939567049011581945e-01
6.471471471471471659e+01 8.448151859446835221e-01
6.486486486486487024e+01 7.867496779756388836e-01
6.501501501501500968e+01 7.304105360204260489e-01
6.516516516516516333e+01 7.236737885803434800e-01
6.531531531531531698e+01 7.326999684764331500e-01
6.546546546546547063e+01 7.595104754978956318e-01
6.561561561561561007e+01 7.970459730899491779e-01
6.576576576576576372e+01 8.536419553197842625e-01
6.591591591591591737e+01 8.660761637610632224e-01
6.606606606606607102e+01 8.407160725569131632e-01
6.621621621621621046e+01 7.789066008029772448e-01
6.636636636636636410e+01 7.263472466341991396e-01
6.651651651651651775e+01 6.712398001528989688e-01
6.666666666666667140e+01 6.176001493646069429e-01
6.681681681681681084e+01 5.682902539411499587e-01
6.696696696696696449e+01 5.247001355041540638e-01
6.711711711711711814e+01 4.867547136774895145e-01
6.726726726726727179e+01 4.531725989539002186e-01
6.741741741741742544e+01 4.219426147002668936e-01
6.756756756756756488e+01 3.910566257132110923e-01
6.771771771771771853e+01 3.589812065645693884e-01
6.786786786786787218e+01 3.251187136026818525e-01
6.801801801801802583e+01 2.922254252876348435e-01
6.816816816816816527e+01 2.672024434907508406e-01
6.831831831831831892e+01 2.538617872485147142e-01
6.846846846846847257e+01 2.474170136274285170e-01
6.861861861861862621e+01 4.225484759309296456e-01
6.876876876876876565e+01 4.708268964725174643e-01
6.891891891891891930e+01 5.197256197351065587e-01
6.906906906906907295e+01 5.662887279767772064e-01
6.921921921921922660e+01 5.859118348472589499e-01
6.936936936936936604e+01 6.192759450775648933e-01
6.951951951951951969e+01 6.342265788160501572e-01
6.966966966966967334e+01 5.879548554432911800e-01
6.981981981981982699e+01 5.435534520625400212e-01
6.996996996996996643e+01 5.297886926393107210e-01
7.012012012012012008e+01 5.566492394040581937e-01
7.027027027027027373e+01 6.246505895467342473e-01
7.042042042042042738e+01 7.779571570855310370e-01
7.057057057057056682e+01 8.644549197690952758e-01
7.072072072072072046e+01 9.038220233311047291e-01
7.087087087087087411e+01 8.858518354764234326e-01
7.102102102102102776e+01 8.349912319790564474e-01
7.117117117117116720e+01 7.548458369054510397e-01
7.132132132132132085e+01 7.274053284180175272e-01
7.147147147147147450e+01 7.240288856875873869e-01
7.162162162162162815e+01 7.352832884737358077e-01
7.177177177177176759e+01 7.645154431206221401e-01
7.192192192192192124e+01 8.239328077742267276e-01
7.207207207207207489e+01 8.570793405898643469e-01
7.222222222222222854e+01 8.652997810131861645e-01
7.237237237237236798e+01 8.339533319267133926e-01
7.252252252252252163e+01 7.709734585727484601e-01
7.267267267267267528e+01 7.176784563464043698e-01
7.282282282282282893e+01 6.626237518772069013e-01
7.297297297297296836e+01 6.096875317078858103e-01
7.312312312312312201e+01 5.614046869591400313e-01
7.327327327327327566e+01 5.187939619884589515e-01
7.342342342342342931e+01 4.815546555886117686e-01
7.357357357357356875e+01 4.484004054541509410e-01
7.372372372372372240e+01 4.174400943865712588e-01
7.387387387387387605e+01 3.866609545796997893e-01
7.402402402402402970e+01 3.544020435998183061e-01
7.417417417417416914e+01 3.203365309136435024e-01
7.432432432432432279e+01 2.879349454765928185e-01
7.447447447447447644e+01 2.648177860835988495e-01
7.462462462462463009e+01 2.529904006165705765e-01
7.477477477477476953e+01 2.471558474976958686e-01
7.492492492492492318e+01 4.299255390136752508e-01
7.507507507507507682e+01 4.783466806368382729e-01
7.522522522522523047e+01 5.270232257443943080e-01
7.537537537537536991e+01 5.730142363113829296e-01
7.552552552552552356e+01 5.929904091274917910e-01
7.567567567567567721e+01 6.243359894797175791e-01
7.582582582582583086e+01 6.328151885284665212e-01
7.597597597597597030e+01 5.806551399302370964e-01
7.612612612612612395e+01 5.395719365057185524e-01
7.627627627627627760e+01 5.327145058028945890e-01
7.642642642642643125e+01 5.642209788356254974e-01
7.657657657657657069e+01 6.377483605746374629e-01
7.672672672672672434e+01 7.936133224990224999e-01
7.687687687687687799e+01 8.741546365252581552e-01
7.702702702702703164e+01 9.025135926911984630e-01
7.717717717717718529e+01 8.792579028360950621e-01
7.732732732732732472e+01 8.250492075629566324e-01
7.747747747747747837e+01 7.484833632730155673e-01
7.762762762762763202e+01 7.259401954065038964e-01
7.777777777777778567e+01 7.248480911724139997e-01
7.792792792792792511e+01 7.382378519647123660e-01
7.807807807807807876e+01 7.701844721047926834e-01
7.822822822822823241e+01 8.315326508198177535e-01
7.837837837837838606e+01 8.596147063250157982e-01
7.852852852852852550e+01 8.641001685544966726e-01
7.867867867867867915e+01 8.269166805917942398e-01
7.882882882882883280e+01 7.627315002143452149e-01
7.897897897897898645e+01 7.090402000782928260e-01
7.912912912912912589e+01 6.543098673065124160e-01
7.927927927927927954e+01 6.021200997126755494e-01
7.942942942942943318e+01 5.546866840447014502e-01
7.957957957957958683e+01 5.128622770921901219e-01
7.972972972972972627e+01 4.763298784792353580e-01
7.987987987987987992e+01 4.437714121390385347e-01
8.003003003003003357e+01 4.131217641685946962e-01
8.018018018018018722e+01 3.821986519826334749e-01
8.033033033033032666e+01 3.494348690404631697e-01
8.048048048048048031e+01 3.152267885002822956e-01
8.063063063063063396e+01 2.838232478118630220e-01
8.078078078078078761e+01 2.627967629722857135e-01
8.093093093093092705e+01 2.522322856694085846e-01
8.108108108108108070e+01 2.467937391045372242e-01
8.123123123123123435e+01 4.372602400431931935e-01
8.138138138138138800e+01 4.859557974905763245e-01
8.153153153153152743e+01 5.344098691331311546e-01
8.168168168168168108e+01 5.794729466746062485e-01
8.183183183183183473e+01 5.985291877270795258e-01
8.198198198198198838e+01 6.245415796224284000e-01
8.213213213213212782e+01 6.304444464324172603e-01
8.228228228228228147e+01 5.746708831324397471e-01
8.243243243243243512e+01 5.365301211738142673e-01
8.258258258258258877e+01 5.346941553675367276e-01
8.273273273273272821e+01 5.719182334848511573e-01
8.288288288288288186e+01 6.526350811459565859e-01
8.303303303303303551e+01 8.089517072230739680e-01
8.318318318318318916e+01 8.817935266850784881e-01
8.333333333333332860e+01 9.017634716791557148e-01
8.348348348348348225e+01 8.722063878070968057e-01
8.363363363363363590e+01 8.157324676012749354e-01
8.378378378378378954e+01 7.434562279529384199e-01
8.393393393393392898e+01 7.245805334548837129e-01
8.408408408408408263e+01 7.255081346924285857e-01
8.423423423423423628e+01 7.416918488426482714e-01
8.438438438438438993e+01 7.760152601839911402e-01
8.453453453453452937e+01 8.367797141962668439e-01
8.468468468468468302e+01 8.617035365261350721e-01
8.483483483483483667e+01 8.607174254252371037e-01
8.498498498498499032e+01 8.197208503909667598e-01
8.513513513513512976e+01 7.546395328956477799e-01
8.528528528528528341e+01 7.006924927705476813e-01
8.543543543543543706e+01 6.462130896974114247e-01
8.558558558558559071e+01 5.945762045185762901e-01
8.573573573573573015e+01 5.478929427537341246e-01
8.588588588588588379e+01 5.069582109768020484e-01
8.603603603603603744e+01 4.712907672363356726e-01
8.618618618618619109e+01 4.392754675549015442e-01
8.633633633633633053e+01 4.086379706849390114e-01
8.648648648648648418e+01 3.773419492973176803e-01
8.663663663663663783e+01 3.441733536890581036e-01
8.678678678678679148e+01 3.102487240666641499e-01
8.693693693693694513e+01 2.801601884147595922e-01
8.708708708708708457e+01 2.609775938989313815e-01
8.723723723723723822e+01 2.514083924752639199e-01
8.738738738738739187e+01 2.462810375640356320e-01
8.753753753753754552e+01 4.448147715264419988e-01
8.768768768768768496e+01 4.936615652946305666e-01
8.783783783783783861e+01 5.416689955084316166e-01
8.798798798798799226e+01 5.827785896708961300e-01
8.813813813813814591e+01 5.993266436840531952e-01
8.828828828828828534e+01 6.185738144704107100e-01
8.843843843843843899e+01 6.051034004418247569e-01
8.858858858858859264e+01 5.675614185702301251e-01
8.873873873873874629e+01 5.320617659538996458e-01
8.888888888888888573e+01 5.365379166914407971e-01
8.903903903903903938e+01 5.818208824286785763e-01
8.918918918918919303e+01 6.683184933067063405e-01
8.933933933933934668e+01 8.222751118454959540e-01
8.948948948948948612e+01 8.880560054167971895e-01
8.963963963963963977e+01 9.004166984307149235e-01
8.978978978978979342e+01 8.646629136069231558e-01
8.993993993993994707e+01 8.067363704927537071e-01
9.009009009009008651e+01 7.383245686937656149e-01
9.024024024024024015e+01 7.229722635816284715e-01
9.039039039039039380e+01 7.265428792936282631e-01
9.054054054054054745e+01 7.456152879661740451e-01
9.069069069069068689e+01 7.816082065316403149e-01
9.084084084084084054e+01 8.417756600294168390e-01
9.099099099099099419e+01 8.635227651116151870e-01
9.114114114114114784e+01 8.550723479075925670e-01
9.129129129129128728e+01 8.124173907899236990e-01
9.144144144144144093e+01 7.466742028571365930e-01
9.159159159159159458e+01 6.923258384129022946e-01
9.174174174174174823e+01 6.379745867113967295e-01
9.189189189189188767e+01 5.869415254087101408e-01
9.204204204204204132e+01 5.412099334216977642e-01
9.219219219219219497e+01 5.012954502480478913e-01
9.234234234234234862e+01 4.663730832384691549e-01
9.249249249249248805e+01 4.346125884160862429e-01
9.264264264264264170e+01 4.038668152472369988e-01
9.279279279279279535e+01 3.724015384710442911e-01
9.294294294294294900e+01 3.390426978199528874e-01
9.309309309309308844e+01 3.055593198413543155e-01
9.324324324324324209e+01 2.766826687076328062e-01
9.339339339339339574e+01 2.591673761795089126e-01
9.354354354354354939e+01 2.505643377922393555e-01
9.369369369369368883e+01 2.457668248929132104e-01
9.384384384384384248e+01 4.524183290173774963e-01
9.399399399399399613e+01 5.011733253705948909e-01
9.414414414414414978e+01 5.486467764800537772e-01
9.429429429429428922e+01 5.803007730518017215e-01
9.444444444444444287e+01 6.038712846437876980e-01
9.459459459459459651e+01 6.264677952158069774e-01
9.474474474474475016e+01 6.013260210219251167e-01
9.489489489489488960e+01 5.589707079707836312e-01
9.504504504504504325e+01 5.289123863905856870e-01
9.519519519519519690e+01 5.410402108118296249e-01
9.534534534534535055e+01 5.933782813276333723e-01
9.549549549549548999e+01 6.829599926468683524e-01
9.564564564564564364e+01 8.347471208549097632e-01
9.579579579579579729e+01 8.938574469213192986e-01
9.594594594594595094e+01 8.979513557285959680e-01
9.609609609609609038e+01 8.562747029203765514e-01
9.624624624624624403e+01 7.973977458954202291e-01
9.639639639639639768e+01 7.334530714986489119e-01
9.654654654654655133e+01 7.222953643812399793e-01
9.669669669669670498e+01 7.283901096819616061e-01
9.684684684684684441e+01 7.498640334764166138e-01
9.699699699699699806e+01 7.874300080602530949e-01
9.714714714714715171e+01 8.467360326371260459e-01
9.729729729729730536e+01 8.645597402344773474e-01
9.744744744744744480e+01 8.491900644662819797e-01
9.759759759759759845e+01 8.048833753397766078e-01
9.774774774774775210e+01 7.383791156234367214e-01
9.789789789789790575e+01 6.836717985125424502e-01
9.804804804804804519e+01 6.296734009771289831e-01
9.819819819819819884e+01 5.795118932363615416e-01
9.834834834834835249e+01 5.348197212672939349e-01
9.849849849849850614e+01 4.957652090000799205e-01
9.864864864864864558e+01 4.613508022547516130e-01
9.879879879879879923e+01 4.298191742591402909e-01
9.894894894894895288e+01 3.991840503843248067e-01
9.909909909909910652e+01 3.676924076703087518e-01
9.924924924924924596e+01 3.341953556483790999e-01
9.939939939939939961e+01 3.007654532894556976e-01
9.954954954954955326e+01 2.732469517320317842e-01
9.969969969969970691e+01 2.575143314289384811e-01
9.984984984984984635e+01 2.498676514889481282e-01
1.000000000000000000e+02 2.452989545037749797e-01
1.001501501501501536e+02 4.598629128234986707e-01
1.003003003003003073e+02 5.085337094777723221e-01
1.004504504504504467e+02 5.555927497489724365e-01
1.006006006006006004e+02 5.819422866665815430e-01
1.007507507507507540e+02 6.126016798481392911e-01
1.009009009009009077e+02 6.305951275811543244e-01
1.010510510510510471e+02 5.953938882278901890e-01
1.012012012012012008e+02 5.520984382259163104e-01
1.013513513513513544e+02 5.293490889312276737e-01
1.015015015015015081e+02 5.471905210848436729e-01
1.016516516516516475e+02 6.047428009134196980e-01
1.018018018018018012e+02 7.536285109668331428e-01
1.019519519519519548e+02 8.474019116369643223e-01
1.021021021021021085e+02 8.983384630280896177e-01
1.022522522522522479e+02 8.939057719485534736e-01
1.024024024024024015e+02 8.471856821451151376e-01
1.025525525525525552e+02 7.884708826825608252e-01
1.027027027027027088e+02 7.302561035863246452e-01
1.028528528528528483e+02 7.226742781311423780e-01
1.030030030030030019e+02 7.306287116533299875e-01
1.031531531531531556e+02 7.546323155584051534e-01
1.033033033033033092e+02 7.936757633104860599e-01
1.034534534534534487e+02 8.510070384888777095e-01
1.036036036036036023e+02 8.647809046533301292e-01
1.037537537537537560e+02 8.429775518166037207e-01
1.039039039039039096e+02 7.818588759151454681e-01
1.040540540540540491e+02 7.298290508889366812e-01
1.042042042042042027e+02 6.750993717190515442e-01
1.043543543543543564e+02 6.217016993512999301e-01
1.045045045045045100e+02 5.724163744910429896e-01
1.046546546546546494e+02 5.285697984009456452e-01
1.048048048048048031e+02 4.902082282108356504e-01
1.049549549549549567e+02 4.563539365785449498e-01
1.051051051051051104e+02 4.252331700751891264e-01
1.052552552552552498e+02 3.947014905522435724e-01
1.054054054054054035e+02 3.628962621398496013e-01
1.055555555555555571e+02 3.290304647950811900e-01
1.057057057057057108e+02 2.958622637810794376e-01
1.058558558558558644e+02 2.701656573915435233e-01
1.060060060060060039e+02 2.561573834352350310e-01
1.061561561561561575e+02 2.492585784625659939e-01
1.063063063063063112e+02 4.196331704215500724e-01
1.064564564564564648e+02 4.672910295626988009e-01
1.066066066066066043e+02 5.159822274649997764e-01
1.067567567567567579e+02 5.626014914668368005e-01
1.069069069069069116e+02 5.888432210419557444e-01
1.070570570570570652e+02 6.170915046551712635e-01
1.072072072072072046e+02 6.312406054397032840e-01
1.073573573573573583e+02 5.900824313280480515e-01
1.075075075075075119e+02 5.475081075737977532e-01
1.076576576576576656e+02 5.304968749507568138e-01
1.078078078078078050e+02 5.527164622794330517e-01
1.079579579579579587e+02 6.169353541545494757e-01
1.081081081081081123e+02 7.703391610263292666e-01
1.082582582582582660e+02 8.587991452696119854e-01
1.084084084084084054e+02 9.008701997253747429e-01
1.085585585585585591e+02 8.866123199685980172e-01
1.087087087087087127e+02 8.380130771008621471e-01
1.088588588588588664e+02 7.572237410157340864e-01
1.090090090090090058e+02 7.281375866178283474e-01
1.091591591591591595e+02 7.229904457769289472e-01
1.093093093093093131e+02 7.330431269701879193e-01
1.094594594594594668e+02 7.615244407169696750e-01
1.096096096096096062e+02 7.996810188870336900e-01
1.097597597597597598e+02 8.544553490043074184e-01
1.099099099099099135e+02 8.646872252474552267e-01
1.100600600600600671e+02 8.364955928823811782e-01
1.102102102102102066e+02 7.740622466480487907e-01
1.103603603603603602e+02 7.215086946690660863e-01
1.105105105105105139e+02 6.668941948104014639e-01
1.106606606606606675e+02 6.140013067842696737e-01
1.108108108108108070e+02 5.653931857603532452e-01
1.109609609609609606e+02 5.223158192104699893e-01
1.111111111111111143e+02 4.847693828612926192e-01
1.112612612612612679e+02 4.516075526175226673e-01
1.114114114114114074e+02 4.207778960334386809e-01
1.115615615615615610e+02 3.900279457884228140e-01
1.117117117117117147e+02 3.577332096727292576e-01
1.118618618618618683e+02 3.237226481118542498e-01
1.120120120120120077e+02 2.913127978525150708e-01
1.121621621621621614e+02 2.675398931957251314e-01
1.123123123123123150e+02 2.549204514810579081e-01
1.124624624624624687e+02 2.485675335721459767e-01
1.126126126126126081e+02 4.267418938594271793e-01
1.127627627627627618e+02 4.748672839364734832e-01
1.129129129129129154e+02 5.234341917532324695e-01
1.130630630630630691e+02 5.693963048052017584e-01
1.132132132132132085e+02 5.912411656524148018e-01
1.133633633633633622e+02 6.181895166922758422e-01
1.135135135135135158e+02 6.320711603074018470e-01
1.136636636636636695e+02 5.847189600661115705e-01
1.138138138138138089e+02 5.420670656502191154e-01
1.139639639639639626e+02 5.302979767560672686e-01
1.141141141141141162e+02 5.589412230981940510e-01
1.142642642642642699e+02 6.312105328747897870e-01
1.144144144144144093e+02 7.861380150838452874e-01
1.145645645645645629e+02 8.681026756285741275e-01
1.147147147147147166e+02 9.023405958866992371e-01
1.148648648648648702e+02 8.813048071301909925e-01
1.150150150150150097e+02 8.290066996723743920e-01
1.151651651651651633e+02 7.511259744101230762e-01
1.153153153153153170e+02 7.257004824807821164e-01
1.154654654654654706e+02 7.231336897622721027e-01
1.156156156156156243e+02 7.359402188216932483e-01
1.157657657657657637e+02 7.669309867270523995e-01
1.159159159159159174e+02 8.261769184195983939e-01
1.160660660660660710e+02 8.576285629212481165e-01
1.162162162162162247e+02 8.641984432035223485e-01
1.163663663663663641e+02 8.298118918803987221e-01
1.165165165165165178e+02 7.664010401904129965e-01
1.166666666666666714e+02 7.132922759626383336e-01
1.168168168168168251e+02 6.586405988031573955e-01
1.169669669669669645e+02 6.061369615551625012e-01
1.171171171171171181e+02 5.582788411954447971e-01
1.172672672672672718e+02 5.161715773481507785e-01
1.174174174174174254e+02 4.795317354851948433e-01
1.175675675675675649e+02 4.468857565843624147e-01
1.177177177177177185e+02 4.160609383284507024e-01
1.178678678678678722e+02 3.850451893568759276e-01
1.180180180180180258e+02 3.525257860947379474e-01
1.181681681681681653e+02 3.186764646218880337e-01
1.183183183183183189e+02 2.871291479850610617e-01
1.184684684684684726e+02 2.650766870633179950e-01
1.186186186186186262e+02 2.536739968386598765e-01
1.187687687687687657e+02 2.478572941642770144e-01
1.189189189189189193e+02 4.341528215413170133e-01
1.190690690690690730e+02 4.825011293020946557e-01
1.192192192192192266e+02 5.307159907196288273e-01
1.193693693693693660e+02 5.759539377182629760e-01
1.195195195195195197e+02 5.911484435782932145e-01
1.196696696696696733e+02 6.223676957778692120e-01
1.198198198198198270e+02 6.324174269405500315e-01
1.199699699699699664e+02 5.771560227996753722e-01
1.201201201201201201e+02 5.357637319529979791e-01
1.202702702702702737e+02 5.314086321087054809e-01
1.204204204204204274e+02 5.677041868393668533e-01
1.205705705705705668e+02 6.458301937580510632e-01
1.207207207207207205e+02 8.002475398082443681e-01
1.208708708708708741e+02 8.765887509534894262e-01
1.210210210210210278e+02 9.012883755203684455e-01
1.211711711711711672e+02 8.750118704460052577e-01
1.213213213213213209e+02 8.196903683189027401e-01
1.214714714714714745e+02 7.447252432589079874e-01
1.216216216216216282e+02 7.235390660632120552e-01
1.217717717717717676e+02 7.239900732199289202e-01
1.219219219219219212e+02 7.393513949706457256e-01
1.220720720720720749e+02 7.723673474702048569e-01
1.222222222222222285e+02 8.335326364872459592e-01
1.223723723723723680e+02 8.604152973496949075e-01
1.225225225225225216e+02 8.628203445802161697e-01
1.226726726726726753e+02 8.229214523306110918e-01
1.228228228228228289e+02 7.585919809909560385e-01
1.229729729729729684e+02 7.048217706930778315e-01
1.231231231231231220e+02 6.501763051660477410e-01
1.232732732732732757e+02 5.982820731830489347e-01
1.234234234234234293e+02 5.514064442364398078e-01
1.235735735735735688e+02 5.102968956878417561e-01
1.237237237237237224e+02 4.743552149632043191e-01
1.238738738738738761e+02 4.420009417981203281e-01
1.240240240240240297e+02 4.112284330902128970e-01
1.241741741741741691e+02 3.802016158284534653e-01
1.243243243243243228e+02 3.475653779699412471e-01
1.244744744744744764e+02 3.137531057534068135e-01
1.246246246246246301e+02 2.829821577480192696e-01
1.247747747747747695e+02 2.627118801022499950e-01
1.249249249249249232e+02 2.525587797170805171e-01
1.250750750750750768e+02 2.472609088747389494e-01
1.252252252252252305e+02 4.415341118285782684e-01
1.253753753753753841e+02 4.899367783447047264e-01
1.255255255255255236e+02 5.378224206631438964e-01
1.256756756756756772e+02 5.763803992812065458e-01
1.258258258258258309e+02 5.973265457719596494e-01
1.259759759759759845e+02 5.853247463063958600e-01
1.261261261261261239e+02 6.296979806150304615e-01
1.262762762762762776e+02 5.689039228604696463e-01
1.264264264264264312e+02 5.322733753635870979e-01
1.265765765765765849e+02 5.354811005999221551e-01
1.267267267267267243e+02 5.774856062198944207e-01
1.268768768768768780e+02 6.597819483380716887e-01
1.270270270270270316e+02 8.144601076453644728e-01
1.271771771771771853e+02 8.846093404811825600e-01
1.273273273273273247e+02 9.005659825830618637e-01
1.274774774774774784e+02 8.675716497793835025e-01
1.276276276276276320e+02 8.100042487779329781e-01
1.277777777777777857e+02 7.392091036602695953e-01
1.279279279279279251e+02 7.227827083945465025e-01
1.280780780780780788e+02 7.255894426131146435e-01
1.282282282282282324e+02 7.431454452838452962e-01
1.283783783783783861e+02 7.783260710523077774e-01
1.285285285285285397e+02 8.392485814850841885e-01
1.286786786786786934e+02 8.623013456489470041e-01
1.288288288288288186e+02 8.574821251145221535e-01
1.289789789789789722e+02 8.157449759330517303e-01
1.291291291291291259e+02 7.503643121436929242e-01
1.292792792792792795e+02 6.961639732398209324e-01
1.294294294294294332e+02 6.418472002396614640e-01
1.295795795795795868e+02 5.907714426470428437e-01
1.297297297297297405e+02 5.448349414961191073e-01
1.298798798798798941e+02 5.045107265100154947e-01
1.300300300300300194e+02 4.691285324205339835e-01
1.301801801801801730e+02 4.371728628197470434e-01
1.303303303303303267e+02 4.066374414864093456e-01
1.304804804804804803e+02 3.755428008352308944e-01
1.306306306306306340e+02 3.424154327440400714e-01
1.307807807807807876e+02 3.085911500416252951e-01
1.309309309309309413e+02 2.789587709961120487e-01
1.310810810810810949e+02 2.606758188270161813e-01
1.312312312312312201e+02 2.516602979016434594e-01
1.313813813813813738e+02 2.467004851473444671e-01
1.315315315315315274e+02 4.487903512779422011e-01
1.316816816816816811e+02 4.973452799761974852e-01
1.318318318318318347e+02 5.449912827500902335e-01
1.319819819819819884e+02 5.799197991290111487e-01
1.321321321321321420e+02 6.054426775295711494e-01
1.322822822822822957e+02 6.230426550251871864e-01
1.324324324324324209e+02 6.014879661470666772e-01
1.325825825825825746e+02 5.626193567016165575e-01
1.327327327327327282e+02 5.315779087861433050e-01
1.328828828828828819e+02 5.398948887895744786e-01
1.330330330330330355e+02 5.870747910829411387e-01
1.331831831831831892e+02 6.747528048961617397e-01
1.333333333333333428e+02 8.288276519012534038e-01
1.334834834834834965e+02 8.908796293267550181e-01
1.336336336336336217e+02 8.982567760298416637e-01
1.337837837837837753e+02 8.594942495384532144e-01
1.339339339339339290e+02 8.009387615003841221e-01
1.340840840840840826e+02 7.354276334588777386e-01
1.342342342342342363e+02 7.226769267134767194e-01
1.343843843843843899e+02 7.272434362281430253e-01
1.345345345345345436e+02 7.474426027470026934e-01
1.346846846846846972e+02 7.846044941911402004e-01
1.348348348348348509e+02 8.441462533997943218e-01
1.349849849849849761e+02 8.635078607958066588e-01
1.351351351351351298e+02 8.517548391047971013e-01
1.352852852852852834e+02 8.083258850708053833e-01
1.354354354354354371e+02 7.420562386826600187e-01
1.355855855855855907e+02 6.877385376658464722e-01
1.357357357357357444e+02 6.338622040128712998e-01
1.358858858858858980e+02 5.834824931225069955e-01
1.360360360360360517e+02 5.382930702156640823e-01
1.361861861861861769e+02 4.987154541692905285e-01
1.363363363363363305e+02 4.640435362736935465e-01
1.364864864864864842e+02 4.325887822098202218e-01
1.366366366366366378e+02 4.021101066786153533e-01
1.367867867867867915e+02 3.706210322074486863e-01
1.369369369369369451e+02 3.370058252315952796e-01
1.370870870870870988e+02 3.034394538780280648e-01
1.372372372372372524e+02 2.754217725327902100e-01
1.373873873873873777e+02 2.589690070293133028e-01
1.375375375375375313e+02 2.508157705250018132e-01
1.376876876876876850e+02 2.460246931625880984e-01
1.378378378378378386e+02 4.561938504075297995e-01
1.379879879879879923e+02 5.049081085467118646e-01
1.381381381381381459e+02 5.521590699940900349e-01
1.382882882882882996e+02 5.855650171030926110e-01
1.384384384384384532e+02 6.082040932598110627e-01
1.385885885885885784e+02 6.263655451024170429e-01
1.387387387387387321e+02 5.983716984205861289e-01
1.388888888888888857e+02 5.568984206420415362e-01
1.390390390390390394e+02 5.300868122259737580e-01
1.391891891891891930e+02 5.434262273134241594e-01
1.393393393393393467e+02 5.981949024047580332e-01
1.394894894894895003e+02 6.909357022248474589e-01
1.396396396396396540e+02 8.414250867263275424e-01
1.397897897897897792e+02 8.953223890284698339e-01
1.399399399399399329e+02 8.951621536168840043e-01
1.400900900900900865e+02 8.512027171138550896e-01
1.402402402402402402e+02 7.928125481871722835e-01
1.403903903903903938e+02 7.320638197886115695e-01
1.405405405405405475e+02 7.221680904548134494e-01
1.406906906906907011e+02 7.290100418533947968e-01
1.408408408408408548e+02 7.521722330911880805e-01
1.409909909909909800e+02 7.905213393498242702e-01
1.411411411411411336e+02 8.484263216677205843e-01
1.412912912912912873e+02 8.644516662736038137e-01
1.414414414414414409e+02 8.457448407181609173e-01
1.415915915915915946e+02 8.007788879058589382e-01
1.417417417417417482e+02 7.339633553364957042e-01
1.418918918918919019e+02 6.794972150807173650e-01
1.420420420420420555e+02 6.258966846955257290e-01
1.421921921921921808e+02 5.761018390515969534e-01
1.423423423423423344e+02 5.317437062380878654e-01
1.424924924924924881e+02 4.930960200250855685e-01
1.426426426426426417e+02 4.591651460960521347e-01
1.427927927927927954e+02 4.279707088398408410e-01
1.429429429429429490e+02 3.972774765722286161e-01
1.430930930930931027e+02 3.654201768341622802e-01
1.432432432432432563e+02 3.317286289274297140e-01
1.433933933933933815e+02 2.986820598000989868e-01
1.435435435435435352e+02 2.722783873448935688e-01
1.436936936936936888e+02 2.573452224328871552e-01
1.438438438438438425e+02 2.499281815400928863e-01
1.439939939939939961e+02 2.452884921493894421e-01
1.441441441441441498e+02 4.638005816968525097e-01
1.442942942942943034e+02 5.124288749986677383e-01
1.444444444444444571e+02 5.590808098100665813e-01
1.445945945945946107e+02 5.851244725479203268e-01
1.447447447447447360e+02 6.108592658900007244e-01
1.448948948948948896e+02 6.307570096748380539e-01
1.450450450450450433e+02 5.937223453660478434e-01
1.451951951951951969e+02 5.494518272274538928e-01
1.453453453453453506e+02 5.280674042603801244e-01
1.454954954954955042e+02 5.485743320602582962e-01
1.456456456456456579e+02 6.113398920668757786e-01
1.457957957957958115e+02 7.623563510760681394e-01
1.459459459459459367e+02 8.523172012371342809e-01
1.460960960960960904e+02 8.990337601910163290e-01
1.462462462462462440e+02 8.912769309492205583e-01
1.463963963963963977e+02 8.425212568991120587e-01
1.465465465465465513e+02 7.846322271728202180e-01
1.466966966966967050e+02 7.284114300312798385e-01
1.468468468468468586e+02 7.218798114851764369e-01
1.469969969969970123e+02 7.313881149930114844e-01
1.471471471471471375e+02 7.570354513569321764e-01
1.472972972972972912e+02 7.962185099375962416e-01
1.474474474474474448e+02 8.525787375763770326e-01
1.475975975975975985e+02 8.647952544832117061e-01
1.477477477477477521e+02 8.395323262859839542e-01
1.478978978978979058e+02 7.779655399745927236e-01
1.480480480480480594e+02 7.257826812611292144e-01
1.481981981981982130e+02 6.710565088179241133e-01
1.483483483483483383e+02 6.177754315888126513e-01
1.484984984984984919e+02 5.687791911302177983e-01
1.486486486486486456e+02 5.254441847665448639e-01
1.487987987987987992e+02 4.876919338783354818e-01
1.489489489489489529e+02 4.542505904560888985e-01
1.490990990990991065e+02 4.231293573493147830e-01
1.492492492492492602e+02 3.923452940339062778e-01
1.493993993993994138e+02 3.603985415402668480e-01
1.495495495495495391e+02 3.267350129217519994e-01
1.496996996996996927e+02 2.941062310026575366e-01
1.498498498498498464e+02 2.692384108842079682e-01
1.500000000000000000e+02 2.557892208535330059e-01
