0.000000000000000000e+00 9.508811529674572605e-02
1.501501501501501523e-01 2.637894679185296964e-01
3.003003003003003046e-01 4.337432981185195824e-01
4.504504504504504570e-01 5.627103363850639584e-01
6.006006006006006093e-01 7.200662334356905392e-01
7.507507507507507061e-01 8.279817855872213528e-01
9.009009009009009139e-01 8.462201554165920125e-01
1.051051051051051122e+00 7.849956894404943597e-01
1.201201201201201219e+00 8.158659601288497099e-01
1.351351351351351315e+00 8.417326998736344157e-01
1.501501501501501412e+00 8.613213509202768403e-01
1.651651651651651731e+00 8.738569794205168773e-01
1.801801801801801828e+00 8.790535269048043165e-01
1.951951951951951925e+00 8.770749357434736160e-01
2.102102102102102243e+00 8.690333883340729537e-01
2.252252252252252340e+00 8.666204340473671053e-01
2.402402402402402437e+00 8.667628117212313743e-01
2.552552552552552534e+00 8.790885790904554575e-01
2.702702702702702631e+00 8.870667181061884232e-01
2.852852852852852727e+00 8.775416271117355560e-01
3.003003003003002824e+00 8.586845999660830397e-01
3.153153153153153365e+00 8.483207322977466269e-01
3.303303303303303462e+00 8.328534108590892604e-01
3.453453453453453559e+00 8.095444778887237458e-01
3.603603603603603656e+00 7.796649976561402795e-01
3.753753753753753752e+00 7.448347729785190774e-01
3.903903903903903849e+00 7.068899982034958507e-01
4.054054054054054390e+00 6.677542667105432761e-01
4.204204204204204487e+00 6.454366311734029971e-01
4.354354354354354584e+00 7.591089656720785284e-01
4.504504504504504681e+00 8.635521368492177219e-01
4.654654654654654777e+00 9.016448128248960581e-01
4.804804804804804874e+00 8.519638664958149032e-01
4.954954954954954971e+00 7.531352310004949535e-01
5.105105105105105068e+00 6.733182358905862586e-01
5.255255255255255165e+00 6.534522723553776169e-01
5.405405405405405261e+00 6.422776480520537845e-01
5.555555555555555358e+00 6.237666801380803427e-01
5.705705705705705455e+00 5.994902089570955939e-01
5.855855855855855552e+00 5.713533551701647228e-01
6.006006006006005649e+00 5.413995526154032900e-01
6.156156156156156634e+00 5.116087730109050158e-01
6.306306306306306730e+00 4.998672419055899541e-01
6.456456456456456827e+00 5.852232226293599959e-01
6.606606606606606924e+00 7.191919792459867677e-01
6.756756756756757021e+00 8.315027652966058280e-01
6.906906906906907118e+00 8.553999154626494850e-01
7.057057057057057214e+00 7.945510158431909886e-01
7.207207207207207311e+00 7.019965824724274661e-01
7.357357357357357408e+00 6.526068185816773504e-01
7.507507507507507505e+00 6.650842337859328435e-01
7.657657657657657602e+00 6.696392491959135551e-01
7.807807807807807698e+00 6.667829313542015246e-01
7.957957957957957795e+00 6.573310568265516851e-01
8.108108108108108780e+00 6.422641149840397912e-01
8.258258258258258877e+00 6.226548741165573997e-01
8.408408408408408974e+00 6.197372038499077140e-01
8.558558558558559071e+00 6.872557958655760579e-01
8.708708708708709167e+00 7.731456815712787201e-01
8.858858858858859264e+00 8.637444254247336195e-01
9.009009009009009361e+00 9.017948462011505795e-01
9.159159159159159458e+00 8.653561623089647270e-01
9.309309309309309555e+00 7.856796486084234310e-01
9.459459459459459651e+00 7.354431854317553530e-01
9.609609609609609748e+00 7.435589189086531103e-01
9.759759759759759845e+00 7.426171037412300224e-01
9.909909909909909942e+00 7.331067352577765872e-01
1.006006006006006004e+01 7.159397042894372065e-01
1.021021021021021014e+01 6.923476367162058054e-01
1.036036036036036023e+01 6.638481322308646959e-01
1.051051051051051033e+01 6.599100359337196631e-01
1.066066066066066043e+01 7.339009612151853323e-01
1.081081081081081052e+01 8.215030341362553612e-01
1.096096096096096062e+01 8.946454234701887165e-01
1.111111111111111072e+01 9.040912585443556804e-01
1.126126126126126081e+01 8.444034579365545801e-01
1.141141141141141091e+01 7.604036820685365905e-01
1.156156156156156101e+01 7.201351662606082504e-01
1.171171171171171110e+01 7.197916686729242119e-01
1.186186186186186120e+01 7.104558146333715962e-01
1.201201201201201130e+01 6.930596025175596031e-01
1.216216216216216317e+01 6.689211720948382567e-01
1.231231231231231327e+01 6.396431304669367712e-01
1.246246246246246336e+01 6.070798998715482009e-01
1.261261261261261346e+01 6.071251419445802266e-01
1.276276276276276356e+01 6.890688977699346296e-01
1.291291291291291365e+01 7.986593603115532680e-01
1.306306306306306375e+01 8.850765902161199516e-01
1.321321321321321385e+01 8.900473813409811585e-01
1.336336336336336394e+01 8.183468186186803051e-01
1.351351351351351404e+01 7.277264072596963951e-01
1.366366366366366414e+01 6.898146443334116640e-01
1.381381381381381424e+01 6.913267354551652089e-01
1.396396396396396433e+01 6.840445290580038362e-01
1.411411411411411443e+01 6.689010462754341191e-01
1.426426426426426453e+01 6.471507048749738367e-01
1.441441441441441462e+01 6.202977795234061453e-01
1.456456456456456472e+01 5.900860236694212002e-01
1.471471471471471482e+01 5.966310631808581233e-01
1.486486486486486491e+01 6.754005767241737512e-01
1.501501501501501501e+01 7.850812282267074504e-01
1.516516516516516511e+01 8.778025407345809716e-01
1.531531531531531520e+01 8.898498963046594934e-01
1.546546546546546530e+01 8.216506784201547120e-01
1.561561561561561540e+01 7.300073225801051446e-01
1.576576576576576549e+01 6.944307511545378953e-01
1.591591591591591559e+01 6.984098609544715508e-01
1.606606606606606746e+01 6.934556943894217840e-01
1.621621621621621756e+01 6.803274611552451168e-01
1.636636636636636766e+01 6.600987273135274780e-01
1.651651651651651775e+01 6.341545327957042177e-01
1.666666666666666785e+01 6.042061217319192323e-01
1.681681681681681795e+01 6.158512263228352879e-01
1.696696696696696804e+01 6.932174707259390889e-01
1.711711711711711814e+01 7.971511098137989970e-01
1.726726726726726824e+01 8.841459983517747645e-01
1.741741741741741833e+01 8.929996852858392842e-01
1.756756756756756843e+01 8.240922374535391004e-01
1.771771771771771853e+01 7.346146525872747635e-01
1.786786786786786863e+01 7.024343435259109425e-01
1.801801801801801872e+01 7.045312615567588255e-01
1.816816816816816882e+01 6.976363597086603363e-01
1.831831831831831892e+01 6.825252395215116730e-01
1.846846846846846901e+01 6.603145050092456003e-01
1.861861861861861911e+01 6.324943240163989344e-01
1.876876876876876921e+01 6.009234006107685433e-01
1.891891891891891930e+01 6.170923724388140963e-01
1.906906906906906940e+01 6.959396970952249628e-01
1.921921921921921950e+01 8.032650778375185485e-01
1.936936936936936959e+01 8.874133991730440707e-01
1.951951951951951969e+01 8.883601849667529526e-01
1.966966966966966979e+01 8.135591596062539121e-01
1.981981981981981988e+01 7.251119556672938060e-01
1.996996996996996998e+01 6.964943668488927653e-01
2.012012012012012008e+01 6.971925115201480505e-01
2.027027027027027017e+01 6.890164895000033818e-01
2.042042042042042027e+01 6.727729173368843796e-01
2.057057057057057037e+01 6.496286134426234593e-01
2.072072072072072046e+01 6.211542367093638717e-01
2.087087087087087056e+01 5.892794787831397985e-01
2.102102102102102066e+01 6.107549125163793668e-01
2.117117117117117076e+01 6.913129398993582697e-01
2.132132132132132085e+01 8.028542655795803951e-01
2.147147147147147095e+01 8.869588585983361195e-01
2.162162162162162105e+01 8.842559608530187187e-01
2.177177177177177114e+01 8.066092824352776303e-01
2.192192192192192124e+01 7.179496758074211948e-01
2.207207207207207134e+01 6.948260937892710709e-01
2.222222222222222143e+01 6.959252448797765833e-01
2.237237237237237153e+01 6.881782567317504817e-01
2.252252252252252163e+01 6.723332204573629900e-01
2.267267267267267172e+01 6.495421593301833330e-01
2.282282282282282182e+01 6.213908236953050723e-01
2.297297297297297192e+01 5.898080874831490572e-01
2.312312312312312201e+01 6.168639737806824730e-01
2.327327327327327211e+01 6.972131857145031919e-01
2.342342342342342221e+01 8.079673502786173245e-01
2.357357357357357230e+01 8.892258370903992626e-01
2.372372372372372240e+01 8.831385008781886814e-01
2.387387387387387250e+01 8.042440096704821517e-01
2.402402402402402259e+01 7.164280426293524462e-01
2.417417417417417624e+01 6.969599539886698336e-01
2.432432432432432634e+01 6.975581271906203806e-01
2.447447447447447644e+01 6.892716597330799111e-01
2.462462462462462653e+01 6.728445071432413993e-01
2.477477477477477663e+01 6.494779650268152071e-01
2.492492492492492673e+01 6.208228238398355581e-01
2.507507507507507682e+01 5.888486551506556532e-01
2.522522522522522692e+01 6.207895582349625130e-01
2.537537537537537702e+01 7.014010956871800095e-01
2.552552552552552712e+01 8.133083555562606870e-01
2.567567567567567721e+01 8.910237174045413377e-01
2.582582582582582731e+01 8.793115434483007586e-01
2.597597597597597741e+01 7.977005452086575188e-01
2.612612612612612750e+01 7.111529093930051282e-01
2.627627627627627760e+01 6.947370754678903193e-01
2.642642642642642770e+01 6.945906807090322932e-01
2.657657657657657779e+01 6.855725715798717257e-01
2.672672672672672789e+01 6.684639863612885646e-01
2.687687687687687799e+01 6.445393494612716712e-01
2.702702702702702808e+01 6.155071270837734199e-01
2.717717717717717818e+01 5.833521893710618134e-01
2.732732732732732828e+01 6.203914659160287837e-01
2.747747747747747837e+01 7.031246616060432553e-01
2.762762762762762847e+01 8.171428938934243158e-01
2.777777777777777857e+01 8.920248023040013852e-01
2.792792792792792866e+01 8.760847648378733421e-01
2.807807807807807876e+01 7.924848846840008010e-01
2.822822822822822886e+01 7.065359873006704650e-01
2.837837837837837895e+01 6.957945903028419643e-01
2.852852852852852905e+01 6.955960443959386952e-01
2.867867867867867915e+01 6.865042068858766555e-01
2.882882882882882924e+01 6.693297050336644016e-01
2.897897897897897934e+01 6.453917634192503083e-01
2.912912912912912944e+01 6.164078565109822883e-01
2.927927927927927954e+01 5.843344360750588606e-01
2.942942942942942963e+01 6.264432552373075946e-01
2.957957957957957973e+01 7.102082311749735588e-01
2.972972972972972983e+01 8.237489907484416563e-01
2.987987987987987992e+01 8.943625096180540801e-01
3.003003003003003002e+01 8.741457255102166313e-01
3.018018018018018012e+01 7.890300182624058190e-01
3.033033033033033021e+01 7.046723018036273878e-01
3.048048048048048031e+01 6.972463156504555837e-01
3.063063063063063041e+01 6.963281511093627474e-01
3.078078078078078050e+01 6.864904040182677747e-01
3.093093093093093060e+01 6.686201957237883908e-01
3.108108108108108070e+01 6.441034466657645785e-01
3.123123123123123079e+01 6.146805645489639147e-01
3.138138138138138089e+01 5.823089735469669792e-01
3.153153153153153099e+01 6.289537789495999176e-01
3.168168168168168108e+01 7.143644026226704247e-01
3.183183183183183118e+01 8.288922781822476438e-01
3.198198198198198128e+01 8.950806189145810166e-01
3.213213213213213493e+01 8.695372241244366807e-01
3.228228228228228147e+01 7.819773982054206707e-01
3.243243243243243512e+01 6.997997494063703527e-01
3.258258258258258167e+01 6.945437198500451492e-01
3.273273273273273531e+01 6.929955287411340148e-01
3.288288288288288186e+01 6.825629473107366341e-01
3.303303303303303551e+01 6.642105082604068400e-01
3.318318318318318205e+01 6.393648776614707652e-01
3.333333333333333570e+01 6.097604685202711039e-01
3.348348348348348225e+01 5.773398729617684744e-01
3.363363363363363590e+01 6.291310185836889168e-01
3.378378378378378244e+01 7.177278242515965356e-01
3.393393393393393609e+01 8.329826231471271214e-01
3.408408408408408263e+01 8.955575156894850508e-01
3.423423423423423628e+01 8.664002808790879362e-01
3.438438438438438283e+01 7.772322588812460298e-01
3.453453453453453648e+01 6.966854082985567409e-01
3.468468468468468302e+01 6.961332538017092064e-01
3.483483483483483667e+01 6.945233636461739524e-01
3.498498498498498321e+01 6.840507799431991831e-01
3.513513513513513686e+01 6.657183638964992989e-01
3.528528528528528341e+01 6.409426911090903012e-01
3.543543543543543706e+01 6.114184204931822908e-01
3.558558558558558360e+01 5.790637632166124593e-01
3.573573573573573725e+01 6.361782952681657166e-01
3.588588588588588379e+01 7.264958180572131941e-01
3.603603603603603744e+01 8.397593451646048202e-01
3.618618618618618399e+01 8.973936117937855172e-01
3.633633633633633764e+01 8.643246378474533920e-01
3.648648648648648418e+01 7.741488241035296980e-01
3.663663663663663783e+01 6.963626900449954027e-01
3.678678678678678438e+01 6.978039638600197492e-01
3.693693693693693803e+01 6.953747115723587502e-01
3.708708708708708457e+01 6.841293215317431065e-01
3.723723723723723822e+01 6.651246482995459841e-01
3.738738738738738476e+01 6.397844616365576664e-01
3.753753753753753841e+01 6.098032175187806381e-01
3.768768768768768496e+01 5.771283131302985536e-01
3.783783783783783861e+01 6.392875947504874645e-01
3.798798798798798515e+01 7.318883224908989682e-01
3.813813813813813880e+01 8.447117330292879256e-01
3.828828828828828534e+01 8.972807558674238404e-01
3.843843843843843899e+01 8.590185313552473056e-01
3.858858858858859264e+01 7.671579379711990221e-01
3.873873873873873919e+01 6.926617910321120064e-01
3.888888888888889284e+01 6.948949297565710781e-01
3.903903903903903938e+01 6.917931476030290128e-01
3.918918918918919303e+01 6.799850250435656163e-01
3.933933933933933957e+01 6.605540116603487721e-01
3.948948948948949322e+01 6.349102440316594098e-01
3.963963963963963977e+01 6.047429221424894807e-01
3.978978978978979342e+01 5.720230016541600904e-01
3.993993993993993996e+01 6.402952053215893446e-01
4.009009009009009361e+01 7.360737625099526005e-01
4.024024024024024015e+01 8.483079838617481050e-01
4.039039039039039380e+01 8.970975157874193640e-01
4.054054054054054035e+01 8.553052713479414315e-01
4.069069069069069400e+01 7.626209741971576861e-01
4.084084084084084054e+01 6.902016627461692311e-01
4.099099099099099419e+01 6.963747934429889153e-01
4.114114114114114074e+01 6.932523374349677248e-01
4.129129129129129439e+01 6.814925358790291376e-01
4.144144144144144093e+01 6.621473905463929333e-01
4.159159159159159458e+01 6.365835918221678380e-01
4.174174174174174112e+01 6.064790411463012454e-01
4.189189189189189477e+01 5.768835601084831843e-01
4.204204204204204132e+01 6.482634813507832661e-01
4.219219219219219497e+01 7.449795889671775306e-01
4.234234234234234151e+01 8.541743308293403558e-01
4.249249249249249516e+01 8.981743271414004415e-01
4.264264264264264170e+01 8.526905851205577314e-01
4.279279279279279535e+01 7.600430482831976864e-01
4.294294294294294190e+01 6.925507784516453658e-01
4.309309309309309555e+01 6.979182993694929005e-01
4.324324324324324209e+01 6.940269344573387622e-01
4.339339339339339574e+01 6.815646720635724076e-01
4.354354354354354228e+01 6.615757913291614445e-01
4.369369369369369593e+01 6.354333747067739679e-01
4.384384384384384248e+01 6.048617330258267977e-01
4.399399399399399613e+01 5.805713827920369052e-01
4.414414414414414267e+01 6.520535759716912239e-01
4.429429429429429632e+01 7.504932472685520439e-01
4.444444444444444287e+01 8.583251082352035821e-01
4.459459459459459651e+01 8.971374703392096528e-01
4.474474474474474306e+01 8.466000234757700138e-01
4.489489489489489671e+01 7.534815305292827947e-01
4.504504504504504325e+01 6.902178265586010886e-01
4.519519519519519690e+01 6.948923944385362317e-01
4.534534534534534345e+01 6.903977026403347317e-01
4.549549549549549710e+01 6.774293670412968593e-01
4.564564564564564364e+01 6.570167160436061193e-01
4.579579579579579729e+01 6.305466058407317442e-01
4.594594594594594383e+01 5.997883484434416435e-01
4.609609609609609748e+01 5.806236531264479250e-01
4.624624624624624403e+01 6.535958566406183667e-01
4.639639639639639768e+01 7.545421896041788479e-01
4.654654654654654422e+01 8.612391124675539134e-01
4.669669669669669787e+01 8.962142552460844458e-01
4.684684684684684441e+01 8.423339574049211187e-01
4.699699699699699806e+01 7.490894348234480304e-01
4.714714714714714461e+01 6.916993565004112554e-01
4.729729729729729826e+01 6.963539052667518936e-01
4.744744744744744480e+01 6.919062862785377854e-01
4.759759759759759845e+01 6.790030230303818470e-01
4.774774774774774500e+01 6.586375040699348204e-01
4.789789789789789864e+01 6.322063705776955755e-01
4.804804804804804519e+01 6.015081418929703050e-01
4.819819819819819884e+01 5.881002099393736193e-01
4.834834834834835249e+01 6.614245095890172177e-01
4.849849849849849903e+01 7.627001430753553857e-01
4.864864864864865268e+01 8.662583254902888052e-01
4.879879879879879923e+01 8.964647198904823755e-01
4.894894894894895288e+01 8.393476491835791808e-01
4.909909909909909942e+01 7.466141665502186164e-01
4.924924924924925307e+01 6.938767748839488325e-01
4.939939939939939961e+01 6.977932987465295112e-01
4.954954954954955326e+01 6.926295896210686864e-01
4.969969969969969981e+01 6.790168766284162549e-01
4.984984984984985346e+01 6.579709633838871641e-01
5.000000000000000000e+01 6.309538321368011182e-01
5.015015015015015365e+01 5.998283998429846386e-01
5.030030030030030019e+01 5.917815178107447283e-01
5.045045045045045384e+01 6.648082327473593400e-01
5.060060060060060039e+01 7.679456633808476873e-01
5.075075075075075404e+01 8.697778944745289120e-01
5.090090090090090058e+01 8.944080013365431903e-01
5.105105105105105423e+01 8.328445311848848842e-01
5.120120120120120077e+01 7.400435108541136842e-01
5.135135135135135442e+01 6.914123063858026441e-01
5.150150150150150097e+01 6.947068346115042869e-01
5.165165165165165462e+01 6.889668762916577593e-01
5.180180180180180116e+01 6.748182569669385344e-01
5.195195195195195481e+01 6.533159465188703718e-01
5.210210210210210136e+01 6.259849828674393102e-01
5.225225225225225500e+01 5.947252755051537498e-01
5.240240240240240155e+01 5.919767482586590912e-01
5.255255255255255520e+01 6.660090458112266631e-01
5.270270270270270174e+01 7.718731706176810148e-01
5.285285285285285539e+01 8.722815335642238876e-01
5.300300300300300194e+01 8.927810227194650228e-01
5.315315315315315559e+01 8.284557983784732738e-01
5.330330330330330213e+01 7.354081813381563304e-01
5.345345345345345578e+01 6.929152235761787404e-01
5.360360360360360232e+01 6.962488990528972188e-01
5.375375375375375597e+01 6.905435195123064140e-01
5.390390390390390252e+01 6.764057035287006636e-01
5.405405405405405617e+01 6.549219341300817065e-01
5.420420420420420271e+01 6.276517290361911527e-01
5.435435435435435636e+01 5.964903509742527365e-01
5.450450450450450290e+01 5.993334976014204063e-01
5.465465465465465655e+01 6.733470171314909214e-01
5.480480480480480310e+01 7.797836486894255126e-01
5.495495495495495675e+01 8.767715407916241155e-01
5.510510510510510329e+01 8.923627968972117630e-01
5.525525525525525694e+01 8.254720235307465570e-01
5.540540540540540349e+01 7.328985354644746986e-01
5.555555555555555713e+01 6.950263546955495197e-01
5.570570570570570368e+01 6.976388284696476427e-01
5.585585585585585733e+01 6.911722482030988601e-01
5.600600600600600387e+01 6.762771624352156286e-01
5.615615615615615752e+01 6.541193374942293470e-01
5.630630630630630407e+01 6.263174811245285634e-01
5.645645645645645772e+01 5.947844790783077817e-01
5.660660660660660426e+01 6.026744426393524368e-01
5.675675675675675791e+01 6.765740812245705227e-01
5.690690690690690445e+01 7.854011448617010949e-01
5.705705705705705810e+01 8.797588058066485583e-01
5.720720720720720465e+01 8.895029432002663494e-01
5.735735735735735830e+01 8.188051569687793130e-01
5.750750750750750484e+01 7.264876029970559479e-01
5.765765765765765849e+01 6.925354706148721950e-01
5.780780780780781214e+01 6.945151967457272590e-01
5.795795795795795868e+01 6.874192084716391760e-01
5.810810810810811233e+01 6.719632145507816734e-01
5.825825825825825888e+01 6.493852760276543901e-01
5.840840840840841253e+01 6.213335607015531004e-01
5.855855855855855907e+01 5.897093205703513030e-01
5.870870870870871272e+01 6.026262078610353790e-01
5.885885885885885926e+01 6.782151804017693131e-01
5.900900900900901291e+01 7.897888776189143645e-01
5.915915915915915946e+01 8.818393996269018320e-01
5.930930930930931311e+01 8.874691660826951045e-01
5.945945945945945965e+01 8.143174986025697448e-01
5.960960960960961330e+01 7.221549495516429440e-01
5.975975975975975985e+01 6.940616015174786435e-01
5.990990990990991349e+01 6.960293335021247030e-01
6.006006006006006004e+01 6.889052734220757479e-01
6.021021021021021369e+01 6.734519493424930836e-01
6.036036036036036023e+01 6.509362063125276876e-01
6.051051051051051388e+01 6.229865826856312294e-01
6.066066066066066043e+01 5.914642431455257032e-01
6.081081081081081408e+01 6.096179642808114973e-01
6.096096096096096062e+01 6.862406367859215095e-01
6.111111111111111427e+01 7.978823039123175143e-01
6.126126126126126081e+01 8.856637923052654848e-01
6.141141141141141446e+01 8.866397616029753070e-01
6.156156156156156101e+01 8.112367236497993739e-01
6.171171171171171466e+01 7.203829296567861862e-01
6.186186186186186120e+01 6.961307614360682239e-01
6.201201201201201485e+01 6.973115581450790579e-01
6.216216216216216139e+01 6.893911112178952028e-01
6.231231231231231504e+01 6.732143871657900736e-01
6.246246246246246159e+01 6.500922687059694782e-01
6.261261261261261524e+01 6.216562375198481094e-01
6.276276276276276178e+01 5.897719114051083178e-01
6.291291291291291543e+01 6.126688487643202619e-01
6.306306306306306197e+01 6.905398933354283120e-01
6.321321321321321562e+01 8.038398305644222086e-01
6.336336336336336217e+01 8.878193067381877635e-01
6.351351351351351582e+01 8.831558864509312379e-01
6.366366366366366236e+01 8.042863121669259208e-01
6.381381381381381601e+01 7.150016056437139556e-01
6.396396396396396256e+01 6.935770555181079988e-01
6.411411411411411621e+01 6.940632483617399373e-01
6.426426426426426985e+01 6.855105071026044161e-01
6.441441441441440929e+01 6.688329184605149580e-01
6.456456456456456294e+01 6.453562590277834854e-01
6.471471471471471659e+01 6.166958728569584824e-01
6.486486486486487024e+01 5.847158780978830572e-01
6.501501501501500968e+01 6.127577984847218939e-01
6.516516516516516333e+01 6.935408104430679233e-01
6.531531531531531698e+01 8.084009665458737892e-01
6.546546546546547063e+01 8.892443039186690434e-01
6.561561561561561007e+01 8.806877192677597943e-01
6.576576576576576372e+01 7.995843676250651288e-01
6.591591591591591737e+01 7.115560297588375827e-01
6.606606606606607102e+01 6.951072056588188941e-01
6.621621621621621046e+01 6.955366337465149762e-01
6.636636636636636410e+01 6.869812308662346378e-01
6.651651651651651775e+01 6.703660728675873148e-01
6.666666666666667140e+01 6.469808773883920505e-01
6.681681681681681084e+01 6.184024313397352701e-01
6.696696696696696449e+01 5.864890791818742066e-01
6.711711711711711814e+01 6.200401903486748578e-01
6.726726726726727179e+01 7.024536005966414143e-01
6.741741741741742544e+01 8.160082416210240330e-01
6.756756756756756488e+01 8.921811759901707717e-01
6.771771771771771853e+01 8.792825543662270427e-01
6.786786786786787218e+01 7.964404950655589177e-01
6.801801801801802583e+01 7.106661965501761546e-01
6.816816816816816527e+01 6.969807210461343994e-01
6.831831831831831892e+01 6.966062894843866315e-01
6.846846846846847257e+01 6.873063793632474550e-01
6.861861861861862621e+01 6.700279324904617750e-01
6.876876876876876565e+01 6.460533859316031080e-01
6.891891891891891930e+01 6.169732280728972285e-01
6.906906906906907295e+01 5.846951144527104960e-01
6.921921921921922660e+01 6.234314865690255836e-01
6.936936936936936604e+01 7.074403130302047149e-01
6.951951951951951969e+01 8.214835527208326216e-01
6.966966966966967334e+01 8.933709096920073867e-01
6.981981981981982699e+01 8.749061641304489712e-01
6.996996996996996643e+01 7.893982380596429316e-01
7.012012012012012008e+01 7.060214997938973891e-01
7.027027027027027373e+01 6.942397809929304886e-01
7.042042042042042738e+01 6.931995072401161417e-01
7.057057057057056682e+01 6.833430453043041197e-01
7.072072072072072046e+01 6.656162455745062712e-01
7.087087087087087411e+01 6.412884963336457078e-01
7.102102102102102776e+01 6.119686136471095272e-01
7.117117117117116720e+01 5.796053134275601648e-01
7.132132132132132085e+01 6.241579858817269955e-01
7.147147147147147450e+01 7.109097836494193690e-01
7.162162162162162815e+01 8.254717150560230143e-01
7.177177177177176759e+01 8.940694878129950007e-01
7.192192192192192124e+01 8.716997448839157725e-01
7.207207207207207489e+01 7.847192475846740400e-01
7.222222222222222854e+01 7.026994746182118057e-01
7.237237237237236798e+01 6.957075580977374329e-01
7.252252252252252163e+01 6.946715685690388886e-01
7.267267267267267528e+01 6.848778673633786340e-01
7.282282282282282893e+01 6.672234459121166861e-01
7.297297297297296836e+01 6.429499548537566112e-01
7.312312312312312201e+01 6.136801324233024379e-01
7.327327327327327566e+01 5.813859744068956559e-01
7.342342342342342931e+01 6.318278172922893177e-01
7.357357357357356875e+01 7.195018092754243977e-01
7.372372372372372240e+01 8.321218868005348934e-01
7.387387387387387605e+01 8.961801885935821721e-01
7.402402402402402970e+01 8.695609956061808310e-01
7.417417417417416914e+01 7.817414060079531657e-01
7.432432432432432279e+01 7.017316343616404328e-01
7.447447447447447644e+01 6.974318264970124082e-01
7.462462462462463009e+01 6.956609766844288334e-01
7.477477477477476953e+01 6.851661844599274964e-01
7.492492492492492318e+01 6.668348734898796870e-01
7.507507507507507682e+01 6.419399594950095933e-01
7.522522522522523047e+01 6.121699729449071592e-01
7.537537537537536991e+01 5.795531776773376054e-01
7.552552552552552356e+01 6.352998721299247809e-01
7.567567567567567721e+01 7.242206565069781998e-01
7.582582582582583086e+01 8.369504658798869734e-01
7.597597597597597030e+01 8.964535773705271104e-01
7.612612612612612395e+01 8.642727627408035573e-01
7.627627627627627760e+01 7.747864760107050497e-01
7.642642642642643125e+01 6.969659862828810892e-01
7.657657657657657069e+01 6.945564800407334483e-01
7.672672672672672434e+01 6.921850772305094823e-01
7.687687687687687799e+01 6.811490814891322243e-01
7.702702702702703164e+01 6.623365602400460572e-01
7.717717717717718529e+01 6.370638783214772616e-01
7.732732732732732472e+01 6.070758374206443042e-01
7.747747747747747837e+01 5.744252959371288769e-01
7.762762762762763202e+01 6.359737820201569747e-01
7.777777777777778567e+01 7.274069276005220575e-01
7.792792792792792511e+01 8.404375421211489616e-01
7.807807807807807876e+01 8.964576157682002666e-01
7.822822822822823241e+01 8.605320582879865121e-01
7.837837837837838606e+01 7.700793001943386784e-01
7.852852852852852550e+01 6.932594464305995574e-01
7.867867867867867915e+01 6.960075050161819155e-01
7.882882882882883280e+01 6.936896791737063861e-01
7.897897897897898645e+01 6.826963139238592104e-01
7.912912912912912589e+01 6.639070520326777469e-01
7.927927927927927954e+01 6.386717631660601135e-01
7.942942942942943318e+01 6.087607986258860571e-01
7.957957957957958683e+01 5.762140068398583503e-01
7.972972972972972627e+01 6.431858117319352308e-01
7.987987987987987992e+01 7.354892105971302385e-01
8.003003003003003357e+01 8.465241943292577398e-01
8.018018018018018722e+01 8.978187149534712086e-01
8.033033033033032666e+01 8.580483654801123183e-01
8.048048048048048031e+01 7.671252151494620808e-01
8.063063063063063396e+01 6.922774213912924468e-01
8.078078078078078761e+01 6.977033785414571421e-01
8.093093093093092705e+01 6.946617558649783586e-01
8.108108108108108070e+01 6.829242458400237581e-01
8.123123123123123435e+01 6.634234556765024049e-01
8.138138138138138800e+01 6.375859707309805557e-01
8.153153153153152743e+01 6.072315885024393012e-01
8.168168168168168108e+01 5.746151486618047421e-01
8.183183183183183473e+01 6.461024802649518728e-01
8.198198198198198838e+01 7.403758078239495166e-01
8.213213213213212782e+01 8.511124334211704889e-01
8.228228228228228147e+01 8.971834290082632002e-01
8.243243243243243512e+01 8.523312730727469200e-01
8.258258258258258877e+01 7.600945060592283475e-01
8.273273273273272821e+01 6.893037392833696320e-01
8.288288288288288186e+01 6.948136385290323291e-01
8.303303303303303551e+01 6.911519325189839913e-01
8.318318318318318916e+01 6.788232104879774464e-01
8.333333333333332860e+01 6.588276760627568285e-01
8.348348348348348225e+01 6.326546054577200096e-01
8.363363363363363590e+01 6.021410784782288417e-01
8.378378378378378954e+01 5.749002719714515486e-01
8.393393393393392898e+01 6.465101160721113960e-01
8.408408408408408263e+01 7.440344839025390122e-01
8.423423423423423628e+01 8.544860154403917107e-01
8.438438438438438993e+01 8.965829462678032158e-01
8.453453453453452937e+01 8.484647322894472987e-01
8.468468468468468302e+01 7.552537063216095969e-01
8.483483483483483667e+01 6.908147995349959158e-01
8.498498498498499032e+01 6.963473192017748392e-01
8.513513513513512976e+01 6.926840542889015628e-01
8.528528528528528341e+01 6.803444768382576058e-01
8.543543543543543706e+01 6.603746190907648916e-01
8.558558558558559071e+01 6.342817792577051250e-01
8.573573573573573015e+01 6.038763037485174179e-01
8.588588588588588379e+01 5.825704549877621652e-01
8.603603603603603744e+01 6.535878053633529250e-01
8.618618618618619109e+01 7.524877206801057206e-01
8.633633633633633053e+01 8.601991068868383161e-01
8.648648648648648418e+01 8.972860726716388458e-01
8.663663663663663783e+01 8.458909868700417167e-01
8.678678678678679148e+01 7.524273808277559539e-01
8.693693693693694513e+01 6.931392853377948970e-01
8.708708708708708457e+01 6.979309058135410027e-01
8.723723723723723822e+01 6.934751448089284676e-01
8.738738738738739187e+01 6.803640916683981743e-01
8.753753753753754552e+01 6.597211626141217256e-01
8.768768768768768496e+01 6.330883246217876570e-01
8.783783783783783861e+01 6.022774761042821723e-01
8.798798798798799226e+01 5.863109577311752529e-01
8.813813813813814591e+01 6.566668563369464362e-01
8.828828828828828534e+01 7.581927901103280298e-01
8.843843843843843899e+01 8.643584155792656265e-01
8.858858858858859264e+01 8.958331762561824174e-01
8.873873873873874629e+01 8.398432657918866173e-01
8.888888888888888573e+01 7.456814327105103501e-01
8.903903903903903938e+01 6.908501894533136678e-01
8.918918918918919303e+01 6.949726442529364778e-01
8.933933933933934668e+01 6.898548982142994612e-01
8.948948948948948612e+01 6.761726994592736073e-01
8.963963963963963977e+01 6.551065719278295063e-01
8.978978978978979342e+01 6.282030281107617853e-01
8.993993993993994707e+01 5.972571956927723580e-01
9.009009009009008651e+01 5.863866533262556135e-01
9.024024024024024015e+01 6.579672440729888994e-01
9.039039039039039380e+01 7.627236212686492323e-01
9.054054054054054745e+01 8.673457569145085477e-01
9.069069069069068689e+01 8.947491675888959994e-01
9.084084084084084054e+01 8.357120043659296282e-01
9.099099099099099419e+01 7.412645163571537354e-01
9.114114114114114784e+01 6.924093893841305469e-01
9.129129129129128728e+01 6.964776856326533316e-01
9.144144144144144093e+01 6.913179205313635389e-01
9.159159159159159458e+01 6.776517649254023556e-01
9.174174174174174823e+01 6.566610349514553358e-01
9.189189189189188767e+01 6.298530423981150150e-01
9.204204204204204132e+01 5.989897588578334542e-01
9.219219219219219497e+01 5.936478458969171035e-01
9.234234234234234862e+01 6.660284123980469984e-01
9.249249249249248805e+01 7.714600369334814189e-01
9.264264264264264170e+01 8.722805137663766084e-01
9.279279279279279535e+01 8.948531419056570124e-01
9.294294294294294900e+01 8.328011051859157687e-01
9.309309309309308844e+01 7.391193641650202206e-01
9.324324324324324209e+01 6.946056808776347458e-01
9.339339339339339574e+01 6.978666183733217565e-01
9.354354354354354939e+01 6.919154366935673650e-01
9.369369369369368883e+01 6.775385483937550468e-01
9.384384384384384248e+01 6.559323714753855228e-01
9.399399399399399613e+01 6.285991866894213853e-01
9.414414414414414978e+01 5.973217672506550002e-01
9.429429429429428922e+01 5.970348641333822481e-01
9.444444444444444287e+01 6.701209949744586503e-01
9.459459459459459651e+01 7.774597760080801390e-01
9.474474474474475016e+01 8.755556306429056468e-01
9.489489489489488960e+01 8.925725326066340504e-01
9.504504504504504325e+01 8.261870393608080620e-01
9.519519519519519690e+01 7.331565355149766150e-01
9.534534534534535055e+01 6.921731818645118217e-01
9.549549549549548999e+01 6.947288573809031753e-01
9.564564564564564364e+01 6.881559385375127791e-01
9.579579579579579729e+01 6.732826672056634321e-01
9.594594594594595094e+01 6.512973277647245984e-01
9.609609609609609038e+01 6.236919368726165924e-01
9.624624624624624403e+01 5.922703907196814610e-01
9.639639639639639768e+01 5.971265611455401912e-01
9.654654654654655133e+01 6.725195402176309400e-01
9.669669669669670498e+01 7.820233245329014649e-01
9.684684684684684441e+01 8.777933759809667391e-01
9.699699699699699806e+01 8.908427315155386106e-01
9.714714714714715171e+01 8.216416677316794592e-01
9.729729729729730536e+01 7.292736645873574286e-01
9.744744744744744480e+01 6.936747993062239992e-01
9.759759759759759845e+01 6.961812254177046633e-01
9.774774774774775210e+01 6.896312730417923920e-01
9.789789789789790575e+01 6.748307157513525611e-01
9.804804804804804519e+01 6.529209460756008054e-01
9.819819819819819884e+01 6.253740796327232898e-01
9.834834834834835249e+01 5.940099523300542694e-01
9.849849849849850614e+01 6.044846005600791328e-01
9.864864864864864558e+01 6.810479566576542743e-01
9.879879879879879923e+01 7.900836242331295001e-01
9.894894894894895288e+01 8.817692773415579666e-01
9.909909909909910652e+01 8.901777987704572181e-01
9.924924924924924596e+01 8.184654634902327475e-01
9.939939939939939961e+01 7.275774971929398482e-01
9.954954954954955326e+01 6.957040775365577190e-01
9.969969969969970691e+01 6.974378919558072987e-01
9.984984984984984635e+01 6.901676401802543381e-01
1.000000000000000000e+02 6.746933738873723829e-01
1.001501501501501536e+02 6.521536608224832721e-01
1.003003003003003073e+02 6.240592022671205275e-01
1.004504504504504467e+02 5.922935951533455645e-01
1.006006006006006004e+02 6.080238257422827530e-01
1.007507507507507540e+02 6.852953593452539849e-01
1.009009009009009077e+02 7.956335312785263181e-01
1.010510510510510471e+02 8.841601173282299664e-01
1.012012012012012008e+02 8.868617642673104484e-01
1.013513513513513544e+02 8.115248086318221921e-01
1.015015015015015081e+02 7.218836762302635046e-01
1.016516516516516475e+02 6.930981902285680007e-01
1.018018018018018012e+02 6.941829433022993490e-01
1.019519519519519548e+02 6.863503567442744702e-01
1.021021021021021085e+02 6.703861196040087345e-01
1.022522522522522479e+02 6.474352587044958085e-01
1.024024024024024015e+02 6.190534566934068339e-01
1.025525525525525552e+02 5.871715187888496557e-01
1.027027027027027088e+02 6.083738091882148202e-01
1.028528528528528483e+02 6.876248629167152071e-01
1.030030030030030019e+02 7.996849784849138221e-01
1.031531531531531556e+02 8.857350674712780592e-01
1.033033033033033092e+02 8.843344028480846220e-01
1.034534534534534487e+02 8.068479174179934432e-01
1.036036036036036023e+02 7.177757825114867707e-01
1.037537537537537560e+02 6.945443099873240822e-01
1.039039039039039096e+02 6.956599724558341080e-01
1.040540540540540491e+02 6.878889332257404066e-01
1.042042042042042027e+02 6.719711736547279157e-01
1.043543543543543564e+02 6.490523000387879993e-01
1.045045045045045100e+02 6.207204332865811081e-01
1.046546546546546494e+02 5.889224553564655906e-01
1.048048048048048031e+02 6.157458984142951675e-01
1.049549549549549567e+02 6.955620703389086001e-01
1.051051051051051104e+02 8.069854353333832941e-01
1.052552552552552498e+02 8.889819463850252568e-01
1.054054054054054035e+02 8.829296984341329368e-01
1.055555555555555571e+02 8.037095583254711961e-01
1.057057057057057108e+02 7.158876348763524300e-01
1.058558558558558644e+02 6.964514964231499627e-01
1.060060060060060039e+02 6.968506179542730550e-01
1.061561561561561575e+02 6.883565814290594220e-01
1.063063063063063112e+02 6.717191211021910080e-01
1.064564564564564648e+02 6.481439329627449730e-01
1.066066066066066043e+02 6.192911214165636169e-01
1.067567567567567579e+02 5.871477658631528707e-01
1.069069069069069116e+02 6.190050194168913444e-01
1.070570570570570652e+02 6.994029728134792956e-01
1.072072072072072046e+02 8.122945268185479684e-01
1.073573573573573583e+02 8.906194242530665051e-01
1.075075075075075119e+02 8.787389081154497461e-01
1.076576576576576656e+02 7.967113417991890101e-01
1.078078078078078050e+02 7.101186458343006214e-01
1.079579579579579587e+02 6.937813032042923211e-01
1.081081081081081123e+02 6.935789315866806026e-01
1.082582582582582660e+02 6.845066576523668456e-01
1.084084084084084054e+02 6.673443800017888616e-01
1.085585585585585591e+02 6.433638955658126379e-01
1.087087087087087127e+02 6.142761336705143682e-01
1.088588588588588664e+02 5.820742971448389369e-01
1.090090090090090058e+02 6.191660962251075428e-01
1.091591591591591595e+02 7.017278817798671131e-01
1.093093093093093131e+02 8.163082501416728531e-01
1.094594594594594668e+02 8.916645026869857160e-01
1.096096096096096062e+02 8.757692380831010315e-01
1.097597597597597598e+02 7.919894465271470896e-01
1.099099099099099135e+02 7.059592288046151465e-01
1.100600600600600671e+02 6.953150609695730733e-01
1.102102102102102066e+02 6.951401357565951677e-01
1.103603603603603602e+02 6.860696576783202882e-01
1.105105105105105139e+02 6.689076176445853950e-01
1.106606606606606675e+02 6.449678892419343779e-01
1.108108108108108070e+02 6.159687457769544849e-01
1.109609609609609606e+02 5.838724510178113780e-01
1.111111111111111143e+02 6.260855659180515342e-01
1.112612612612612679e+02 7.097123775110150135e-01
1.114114114114114074e+02 8.234460789728169638e-01
1.115615615615615610e+02 8.942490502970547039e-01
1.117117117117117147e+02 8.740255972266720574e-01
1.118618618618618683e+02 7.888452135236710960e-01
1.120120120120120077e+02 7.044893528686766437e-01
1.121621621621621614e+02 6.971583288286539171e-01
1.123123123123123150e+02 6.962245580549513146e-01
1.124624624624624687e+02 6.863695316481595032e-01
1.126126126126126081e+02 6.684749167820768223e-01
1.127627627627627618e+02 6.439246049574195441e-01
1.129129129129129154e+02 6.144630743947265827e-01
1.130630630630630691e+02 5.820547145659793475e-01
1.132132132132132085e+02 6.288244570640959541e-01
1.133633633633633622e+02 7.141702204475866012e-01
1.135135135135135158e+02 8.288499695045331572e-01
1.136636636636636695e+02 8.950469751882970115e-01
1.138138138138138089e+02 8.693521694718687742e-01
1.139639639639639626e+02 7.817177548955926980e-01
1.141141141141141162e+02 6.995890309214284342e-01
1.142642642642642699e+02 6.944308297042860456e-01
1.144144144144144093e+02 6.928428848852312694e-01
1.145645645645645629e+02 6.823711054924651576e-01
1.147147147147147166e+02 6.639767338905439020e-01
1.148648648648648702e+02 6.390880634172715347e-01
1.150150150150150097e+02 6.094455361195407761e-01
1.151651651651651633e+02 5.769974218950734146e-01
1.153153153153153170e+02 6.289476564880523979e-01
1.154654654654654706e+02 7.175505705240399212e-01
1.156156156156156243e+02 8.329678565371864130e-01
1.157657657657657637e+02 8.955075428747141242e-01
1.159159159159159174e+02 8.661724852222947302e-01
1.160660660660660710e+02 7.769222303786418315e-01
1.162162162162162247e+02 6.963949418753547782e-01
1.163663663663663641e+02 6.959808925602296581e-01
1.165165165165165178e+02 6.943542120465352463e-01
1.166666666666666714e+02 6.838638223911424063e-01
1.168168168168168251e+02 6.655102327896738057e-01
1.169669669669669645e+02 6.407129854833761851e-01
1.171171171171171181e+02 6.111717777316216793e-01
1.172672672672672718e+02 5.788074461326108144e-01
1.174174174174174254e+02 6.360777359718021717e-01
1.175675675675675649e+02 7.264022111988892583e-01
1.177177177177177185e+02 8.397695234200279746e-01
1.178678678678678722e+02 8.973519133279985738e-01
1.180180180180180258e+02 8.641436967375755174e-01
1.181681681681681653e+02 7.739137975179559703e-01
1.183183183183183189e+02 6.961328519918950075e-01
1.184684684684684726e+02 6.977252138866634201e-01
1.186186186186186262e+02 6.952887599512346251e-01
1.187687687687687657e+02 6.840328716069187243e-01
1.189189189189189193e+02 6.650140318119367455e-01
1.190690690690690730e+02 6.396601247927830025e-01
1.192192192192192266e+02 6.096694934989943526e-01
1.193693693693693660e+02 5.769900575509870899e-01
1.195195195195195197e+02 6.392919794615733453e-01
1.196696696696696733e+02 7.319178726495971787e-01
1.198198198198198270e+02 8.447960779204689574e-01
1.199699699699699664e+02 8.972641770659117721e-01
1.201201201201201201e+02 8.588695317311891841e-01
1.202702702702702737e+02 7.669659885472497329e-01
1.204204204204204274e+02 6.924956214695252577e-01
1.205705705705705668e+02 6.948629090449577328e-01
1.207207207207207205e+02 6.917465713927452020e-01
1.208708708708708741e+02 6.799198045699182957e-01
1.210210210210210278e+02 6.604685905098809373e-01
1.211711711711711672e+02 6.348082217904359448e-01
1.213213213213213209e+02 6.046306030677861543e-01
1.214714714714714745e+02 5.719057911675471395e-01
1.216216216216216282e+02 6.403145478229216314e-01
1.217717717717717676e+02 7.361613293847000250e-01
1.219219219219219212e+02 8.484327455729049339e-01
1.220720720720720749e+02 8.970841421651128966e-01
1.222222222222222285e+02 8.551532992703996250e-01
1.223723723723723680e+02 7.624154821234334634e-01
1.225225225225225216e+02 6.901818090787702475e-01
1.226726726726726753e+02 6.963413553455521932e-01
1.228228228228228289e+02 6.932021992085546369e-01
1.229729729729729684e+02 6.814222749591930528e-01
1.231231231231231220e+02 6.620582505154242181e-01
1.232732732732732757e+02 6.364814614295136730e-01
1.234234234234234293e+02 6.063703977408428925e-01
1.235735735735735688e+02 5.769737711530457114e-01
1.237237237237237224e+02 6.482856299267641953e-01
1.238738738738738761e+02 7.450970017215357011e-01
1.240240240240240297e+02 8.543080638401917559e-01
1.241741741741741691e+02 8.981578204686453404e-01
1.243243243243243228e+02 8.525476846451626178e-01
1.244744744744744764e+02 7.598458399343692715e-01
1.246246246246246301e+02 6.925548169582259606e-01
1.247747747747747695e+02 6.979130099758813488e-01
1.249249249249249232e+02 6.940080064378668645e-01
1.250750750750750768e+02 6.815298562894507306e-01
1.252252252252252305e+02 6.615280955929432327e-01
1.253753753753753841e+02 6.353785405712203405e-01
1.255255255255255236e+02 6.048039865722902864e-01
1.256756756756756772e+02 5.807151540140774726e-01
1.258258258258258309e+02 6.521348980607909462e-01
1.259759759759759845e+02 7.506787731636280769e-01
1.261261261261261239e+02 8.584820090071917376e-01
1.262762762762762776e+02 8.971238782397971123e-01
1.264264264264264312e+02 8.464644119904971564e-01
1.265765765765765849e+02 7.533036134623737334e-01
1.267267267267267243e+02 6.902466720998170491e-01
1.268768768768768780e+02 6.949053644124708606e-01
1.270270270270270316e+02 6.903903110746948402e-01
1.271771771771771853e+02 6.774017260857617684e-01
1.273273273273273247e+02 6.569740459352000350e-01
1.274774774774774784e+02 6.304949321972630472e-01
1.276276276276276320e+02 5.997311208978001185e-01
1.277777777777777857e+02 5.807555691224487449e-01
1.279279279279279251e+02 6.536980048833427315e-01
1.280780780780780788e+02 7.547584290420978892e-01
1.282282282282282324e+02 8.613992995900644489e-01
1.283783783783783861e+02 8.961973530389144571e-01
1.285285285285285397e+02 8.421903907338154083e-01
1.286786786786786934e+02 7.489161638334919102e-01
1.288288288288288186e+02 6.917183361170868849e-01
1.289789789789789722e+02 6.963536456337410252e-01
1.291291291291291259e+02 6.918837052823328948e-01
1.292792792792792795e+02 6.789609831785713423e-01
1.294294294294294332e+02 6.585824792917222004e-01
1.295795795795795868e+02 6.321434822144229582e-01
1.297297297297297405e+02 6.014395824445931682e-01
1.298798798798798941e+02 5.882107603913174776e-01
1.300300300300300194e+02 6.615460466967271191e-01
1.301801801801801730e+02 7.629228250606993056e-01
1.303303303303303267e+02 8.664019383345313852e-01
1.304804804804804803e+02 8.964414205227660970e-01
1.306306306306306340e+02 8.392017816073176206e-01
1.307807807807807876e+02 7.464616988223653493e-01
1.309309309309309413e+02 6.938818281095507912e-01
1.310810810810810949e+02 6.977766981971844640e-01
1.312312312312312201e+02 6.925908290131055356e-01
1.313813813813813738e+02 6.789612447753984315e-01
1.315315315315315274e+02 6.579050003743884822e-01
1.316816816816816811e+02 6.308812182896814669e-01
1.318318318318318347e+02 5.997505715615869537e-01
1.319819819819819884e+02 5.918930156063090253e-01
1.321321321321321420e+02 6.649742480209919204e-01
1.322822822822822957e+02 7.681940917637267718e-01
1.324324324324324209e+02 8.699180058158821893e-01
1.325825825825825746e+02 8.943801624212659451e-01
1.327327327327327282e+02 8.326902703625842506e-01
1.328828828828828819e+02 7.399117785126277935e-01
1.330330330330330355e+02 6.914376560242596614e-01
1.331831831831831892e+02 6.947142336042149147e-01
1.333333333333333428e+02 6.889583723415143579e-01
1.334834834834834965e+02 6.747996332716968970e-01
1.336336336336336217e+02 6.532914619432247383e-01
1.337837837837837753e+02 6.259552413828110007e-01
1.339339339339339290e+02 5.946899022186162842e-01
1.340840840840840826e+02 5.921113414672023456e-01
1.342342342342342363e+02 6.662121543812080660e-01
1.343843843843843899e+02 7.721107041956501993e-01
1.345345345345345436e+02 8.723981490858864207e-01
1.346846846846846972e+02 8.927435522629478815e-01
1.348348348348348509e+02 8.282997986812410396e-01
1.349849849849849761e+02 7.352995387171871178e-01
1.351351351351351298e+02 6.929363113046855815e-01
1.352852852852852834e+02 6.962481822625261607e-01
1.354354354354354371e+02 6.905256067773518636e-01
1.355855855855855907e+02 6.763765549063173177e-01
1.357357357357357444e+02 6.548841226110686531e-01
1.358858858858858980e+02 6.276049792200535382e-01
1.360360360360360517e+02 5.964354873376944699e-01
1.361861861861861769e+02 5.994722334473394643e-01
1.363363363363363305e+02 6.735696478474685334e-01
1.364864864864864842e+02 7.800254449651196076e-01
1.366366366366366378e+02 8.768861350822937384e-01
1.367867867867867915e+02 8.923130132206043008e-01
1.369369369369369451e+02 8.253002570814248484e-01
1.370870870870870988e+02 7.327860827630512386e-01
1.372372372372372524e+02 6.950372066440800856e-01
1.373873873873873777e+02 6.976266051999482354e-01
1.375375375375375313e+02 6.911426135728391262e-01
1.376876876876876850e+02 6.762346872094594508e-01
1.378378378378378386e+02 6.540649392958090003e-01
1.379879879879879923e+02 6.262511119203729715e-01
1.381381381381381459e+02 5.947089148209242504e-01
1.382882882882882996e+02 6.027933782758370107e-01
1.384384384384384532e+02 6.767678142626898374e-01
1.385885885885885784e+02 7.856046239832705780e-01
1.387387387387387321e+02 8.798469188803712537e-01
1.388888888888888857e+02 8.894298555406651152e-01
1.390390390390390394e+02 8.186230248274199983e-01
1.391891891891891930e+02 7.263647201972102119e-01
1.393393393393393467e+02 6.925499645293796691e-01
1.394894894894895003e+02 6.945151747802007502e-01
1.396396396396396540e+02 6.874104172765127529e-01
1.397897897897897792e+02 6.719476867424551969e-01
1.399399399399399329e+02 6.493614921959639519e-01
1.400900900900900865e+02 6.213007781951217501e-01
1.402402402402402402e+02 5.896703691400521086e-01
1.403903903903903938e+02 6.027956300518351185e-01
1.405405405405405475e+02 6.784316595605152100e-01
1.406906906906907011e+02 7.899984305089007286e-01
1.408408408408408548e+02 8.819296449115161529e-01
1.409909909909909800e+02 8.873872255910719709e-01
1.411411411411411336e+02 8.141394126297702982e-01
1.412912912912912873e+02 7.220286845363618200e-01
1.414414414414414409e+02 6.941259276571301040e-01
1.415915915915915946e+02 6.960793379967845640e-01
1.417417417417417482e+02 6.889447639766206333e-01
1.418918918918919019e+02 6.734800785585206562e-01
1.420420420420420555e+02 6.509503821112633259e-01
1.421921921921921808e+02 6.229870656721657740e-01
1.423423423423423344e+02 5.914551739162579036e-01
1.424924924924924881e+02 6.098023897244758684e-01
1.426426426426426417e+02 6.864408029249291499e-01
1.427927927927927954e+02 7.980831598872925037e-01
1.429429429429429490e+02 8.857489635186561738e-01
1.430930930930931027e+02 8.865383822180376017e-01
1.432432432432432563e+02 8.110452262358759379e-01
1.433933933933933815e+02 7.202277693278054116e-01
1.435435435435435352e+02 6.961402129469017597e-01
1.436936936936936888e+02 6.973010248035838021e-01
1.438438438438438425e+02 6.893625602023941701e-01
1.439939939939939961e+02 6.731661624009641631e-01
1.441441441441441498e+02 6.500237429399295941e-01
1.442942942942943034e+02 6.215713736571846226e-01
1.444444444444444571e+02 5.896780786460124046e-01
1.445945945945946107e+02 6.127667921977831833e-01
1.447447447447447360e+02 6.906510662652078913e-01
1.448948948948948896e+02 8.039986480275829184e-01
1.450450450450450433e+02 8.878807610790735438e-01
1.451951951951951969e+02 8.830334097781596947e-01
1.453453453453453506e+02 8.040835170840837653e-01
1.454954954954955042e+02 7.148108895268028284e-01
1.456456456456456579e+02 6.935567949964021039e-01
1.457957957957958115e+02 6.940302760290891770e-01
1.459459459459459367e+02 6.854641803861875049e-01
1.460960960960960904e+02 6.687706957859287371e-01
1.462462462462462440e+02 6.452789141850427956e-01
1.463963963963963977e+02 6.166088941209498797e-01
1.465465465465465513e+02 5.846262287805688018e-01
1.466966966966967050e+02 6.128499362784144422e-01
1.468468468468468586e+02 6.936384172094174350e-01
1.469969969969970123e+02 8.085544925981508202e-01
1.471471471471471375e+02 8.892999663607954464e-01
1.472972972972972912e+02 8.805730749991789175e-01
1.474474474474474448e+02 7.994014215566991322e-01
1.475975975975975985e+02 7.113753412514280949e-01
1.477477477477477521e+02 6.951086102424559598e-01
1.478978978978979058e+02 6.955285056327159543e-01
1.480480480480480594e+02 6.869606891377748603e-01
1.481981981981982130e+02 6.703307781856548964e-01
1.483483483483483383e+02 6.469331038787156096e-01
1.484984984984984919e+02 6.183479963977982496e-01
1.486486486486486456e+02 5.864333922035341873e-01
1.487987987987987992e+02 6.201486851228319441e-01
1.489489489489489529e+02 7.025787164424851516e-01
1.490990990990991065e+02 8.161854743329193251e-01
1.492492492492492602e+02 8.922412315489500756e-01
1.493993993993994138e+02 8.791757956232425508e-01
1.495495495495495391e+02 7.962668264174663779e-01
1.496996996996996927e+02 7.105048845844759153e-01
1.498498498498498464e+02 6.969874436161223041e-01
1.500000000000000000e+02 6.965976587358417849e-01
