0.000000000000000000e+00 7.482323839148290190e-02
1.501501501501501523e-01 2.925572504838199195e-01
3.003003003003003046e-01 4.499616104515656856e-01
4.504504504504504570e-01 4.455540654786158683e-01
6.006006006006006093e-01 4.216150533224027885e-01
7.507507507507507061e-01 5.327563378988611209e-01
9.009009009009009139e-01 6.568595138195703065e-01
1.051051051051051122e+00 6.819606859008577882e-01
1.201201201201201219e+00 6.842494518004167414e-01
1.351351351351351315e+00 7.141921498747101360e-01
1.501501501501501412e+00 7.036292128169991944e-01
1.651651651651651731e+00 6.984150673171438672e-01
1.801801801801801828e+00 7.292810615589124801e-01
1.951951951951951925e+00 7.190742464957513569e-01
2.102102102102102243e+00 6.760824232908670961e-01
2.252252252252252340e+00 6.721362655552025611e-01
2.402402402402402437e+00 6.752518210260014531e-01
2.552552552552552534e+00 6.856108729104217758e-01
2.702702702702702631e+00 7.469039959565102471e-01
2.852852852852852727e+00 7.966956587686084834e-01
3.003003003003002824e+00 7.769047064183592921e-01
3.153153153153153365e+00 7.625522732684515415e-01
3.303303303303303462e+00 8.327675681660862139e-01
3.453453453453453559e+00 8.747112658052202949e-01
3.603603603603603656e+00 8.740863234474184340e-01
3.753753753753753752e+00 8.712639581385321907e-01
3.903903903903903849e+00 8.834734560721730912e-01
4.054054054054054390e+00 8.527154266400651661e-01
4.204204204204204487e+00 8.565441360982962715e-01
4.354354354354354584e+00 8.698223435156294814e-01
4.504504504504504681e+00 8.491828256293545429e-01
4.654654654654654777e+00 8.170500911943752165e-01
4.804804804804804874e+00 8.098927798756555552e-01
4.954954954954954971e+00 8.060715086424414810e-01
5.105105105105105068e+00 8.177583234599231643e-01
5.255255255255255165e+00 8.498832702996370614e-01
5.405405405405405261e+00 8.602310661642458278e-01
5.555555555555555358e+00 8.443532102765152203e-01
5.705705705705705455e+00 8.495915039508438182e-01
5.855855855855855552e+00 8.900887330807347730e-01
6.006006006006005649e+00 9.012377994291269623e-01
6.156156156156156634e+00 8.974757322334997456e-01
6.306306306306306730e+00 8.951914996939851488e-01
6.456456456456456827e+00 9.014770488847784202e-01
6.606606606606606924e+00 8.736149231478189670e-01
6.756756756756757021e+00 8.818401188855359285e-01
6.906906906906907118e+00 8.837979166867694358e-01
7.057057057057057214e+00 8.691316823172435813e-01
7.207207207207207311e+00 8.459700943365443537e-01
7.357357357357357408e+00 8.422244409524293207e-01
7.507507507507507505e+00 8.340617261920610925e-01
7.657657657657657602e+00 8.491804733534202843e-01
7.807807807807807698e+00 8.657551324307383167e-01
7.957957957957957795e+00 8.620703320836589079e-01
8.108108108108108780e+00 8.477721859450108033e-01
8.258258258258258877e+00 8.638212646156785413e-01
8.408408408408408974e+00 8.858120278761975053e-01
8.558558558558559071e+00 8.850855157402032214e-01
8.708708708708709167e+00 8.783232710261421605e-01
8.858858858858859264e+00 8.818427736229053071e-01
9.009009009009009361e+00 8.838049805767234091e-01
9.159159159159159458e+00 8.688111947322014750e-01
9.309309309309309555e+00 8.695048973753555233e-01
9.459459459459459651e+00 8.667816731824641296e-01
9.609609609609609748e+00 8.616365365983251756e-01
9.759759759759759845e+00 8.458759219986543565e-01
9.909909909909909942e+00 8.415600111862528987e-01
1.006006006006006004e+01 8.318235363046421194e-01
1.021021021021021014e+01 8.503347203923364850e-01
1.036036036036036023e+01 8.566260107598472340e-01
1.051051051051051033e+01 8.483513831047092557e-01
1.066066066066066043e+01 8.338841180470391024e-01
1.081081081081081052e+01 8.567663206095138539e-01
1.096096096096096062e+01 8.671393486709065845e-01
1.111111111111111072e+01 8.617814944223949336e-01
1.126126126126126081e+01 8.515743510360107571e-01
1.141141141141141091e+01 8.621591386534495083e-01
1.156156156156156101e+01 8.629899367073098349e-01
1.171171171171171110e+01 8.544106904179621376e-01
1.186186186186186120e+01 8.505750849514123191e-01
1.201201201201201130e+01 8.521389494758059291e-01
1.216216216216216317e+01 8.519427932463686792e-01
1.231231231231231327e+01 8.416423059796300787e-01
1.246246246246246336e+01 8.334747743395481967e-01
1.261261261261261346e+01 8.304871882792802529e-01
1.276276276276276356e+01 8.461178331546949094e-01
1.291291291291291365e+01 8.451061653015607966e-01
1.306306306306306375e+01 8.348472379142641842e-01
1.321321321321321385e+01 8.227334130371948273e-01
1.336336336336336394e+01 8.496972874369432827e-01
1.351351351351351404e+01 8.522442265934463412e-01
1.366366366366366414e+01 8.435127797725530119e-01
1.381381381381381424e+01 8.211747537829177102e-01
1.396396396396396433e+01 8.494084444854869131e-01
1.411411411411411443e+01 8.498251341505327350e-01
1.426426426426426453e+01 8.428285928919041492e-01
1.441441441441441462e+01 8.302210875264389722e-01
1.456456456456456472e+01 8.416572697487182397e-01
1.471471471471471482e+01 8.439358997650073801e-01
1.486486486486486491e+01 8.343338545435218245e-01
1.501501501501501501e+01 8.189170161431670314e-01
1.516516516516516511e+01 8.155486139182541727e-01
1.531531531531531520e+01 8.403763327280545647e-01
1.546546546546546530e+01 8.337908227644651449e-01
1.561561561561561540e+01 8.160529798262365908e-01
1.576576576576576549e+01 8.192116249893101054e-01
1.591591591591591559e+01 8.433891709251075675e-01
1.606606606606606746e+01 8.395050189044465094e-01
1.621621621621621756e+01 8.211561668416268445e-01
1.636636636636636766e+01 8.210444547358521916e-01
1.651651651651651775e+01 8.419723112259140940e-01
1.666666666666666785e+01 8.395374291398490785e-01
1.681681681681681795e+01 8.204097867272537314e-01
1.696696696696696804e+01 8.148533782096318845e-01
1.711711711711711814e+01 8.346559432538230849e-01
1.726726726726726824e+01 8.369514741393665469e-01
1.741741741741741833e+01 8.166461155350959178e-01
1.756756756756756843e+01 8.114236986113514405e-01
1.771771771771771853e+01 8.246017855388331208e-01
1.786786786786786863e+01 8.361698802506535300e-01
1.801801801801801872e+01 8.221748271468456437e-01
1.816816816816816882e+01 8.152718869902549903e-01
1.831831831831831892e+01 8.253080662406311330e-01
1.846846846846846901e+01 8.391479832845509801e-01
1.861861861861861911e+01 8.236729083585444533e-01
1.876876876876876921e+01 8.203044993047354794e-01
1.891891891891891930e+01 8.253641603975634400e-01
1.906906906906906940e+01 8.381252587529343101e-01
1.921921921921921950e+01 8.274320051692626299e-01
1.936936936936936959e+01 8.203100619268829385e-01
1.951951951951951969e+01 8.206804579942679201e-01
1.966966966966966979e+01 8.262181200614895360e-01
1.981981981981981988e+01 8.307614031259956677e-01
1.996996996996996998e+01 8.190459753254889508e-01
2.012012012012012008e+01 8.138749216457511482e-01
2.027027027027027017e+01 8.280069627171244839e-01
2.042042042042042027e+01 8.314365718999996435e-01
2.057057057057057037e+01 8.214651746123853293e-01
2.072072072072072046e+01 8.133471249700785499e-01
2.087087087087087056e+01 8.284260120619501011e-01
2.102102102102102066e+01 8.357984451334200537e-01
2.117117117117117076e+01 8.229543261875762461e-01
2.132132132132132085e+01 8.173103597376371043e-01
2.147147147147147095e+01 8.279365693968443463e-01
2.162162162162162105e+01 8.371610708522146949e-01
2.177177177177177114e+01 8.217596152682785648e-01
2.192192192192192124e+01 8.183631481045214873e-01
2.207207207207207134e+01 8.245314271409950324e-01
2.222222222222222143e+01 8.349668245879322548e-01
2.237237237237237153e+01 8.206757623396072621e-01
2.252252252252252163e+01 8.181735468611104345e-01
2.267267267267267172e+01 8.200935309793230266e-01
2.282282282282282182e+01 8.264440300539105388e-01
2.297297297297297192e+01 8.217669495902102383e-01
2.312312312312312201e+01 8.201752337979379970e-01
2.327327327327327211e+01 8.168695390314932858e-01
2.342342342342342221e+01 8.281761200515355137e-01
2.357357357357357230e+01 8.319368981831595233e-01
2.372372372372372240e+01 8.221174460794516969e-01
2.387387387387387250e+01 8.141527183702848003e-01
2.402402402402402259e+01 8.288748528047360509e-01
2.417417417417417624e+01 8.359797287751378203e-01
2.432432432432432634e+01 8.221186039493897368e-01
2.447447447447447644e+01 8.158600970895892868e-01
2.462462462462462653e+01 8.272216465354361725e-01
2.477477477477477663e+01 8.364055662779175115e-01
2.492492492492492673e+01 8.219434958451540263e-01
2.507507507507507682e+01 8.165850104531905407e-01
2.522522522522522692e+01 8.247436831923415923e-01
2.537537537537537702e+01 8.347534220247033732e-01
2.552552552552552712e+01 8.227300421383624274e-01
2.567567567567567721e+01 8.185070005126990900e-01
2.582582582582582731e+01 8.225084298973244223e-01
2.597597597597597741e+01 8.271757051013464146e-01
2.612612612612612750e+01 8.224389640092389930e-01
2.627627627627627760e+01 8.205007671867786678e-01
2.642642642642642770e+01 8.197122485208732101e-01
2.657657657657657779e+01 8.281397427648614640e-01
2.672672672672672789e+01 8.264927585073080785e-01
2.687687687687687799e+01 8.213428855673251539e-01
2.702702702702702808e+01 8.154068314878823998e-01
2.717717717717717818e+01 8.290022219739048293e-01
2.732732732732732828e+01 8.328492880120794695e-01
2.747747747747747837e+01 8.216867781083053712e-01
2.762762762762762847e+01 8.143636913936919131e-01
2.777777777777777857e+01 8.279875174446835739e-01
2.792792792792792866e+01 8.340050609653802960e-01
2.807807807807807876e+01 8.224614945015453760e-01
2.822822822822822886e+01 8.163393890772980832e-01
2.837837837837837895e+01 8.265194960117860923e-01
2.852852852852852905e+01 8.305718443504623849e-01
2.867867867867867915e+01 8.217397851956715904e-01
2.882882882882882924e+01 8.183431380280402623e-01
2.897897897897897934e+01 8.242730369739463825e-01
2.912912912912912944e+01 8.271342084871589062e-01
2.927927927927927954e+01 8.219595515094334504e-01
2.942942942942942963e+01 8.195987324300093579e-01
2.957957957957957973e+01 8.208456380169505406e-01
2.972972972972972983e+01 8.275405445437532537e-01
2.987987987987987992e+01 8.218360556620232238e-01
3.003003003003003002e+01 8.204359254885085218e-01
3.018018018018018012e+01 8.165525799336431634e-01
3.033033033033033021e+01 8.289104461417020620e-01
3.048048048048048031e+01 8.316944490610834739e-01
3.063063063063063041e+01 8.215042847051066133e-01
3.078078078078078050e+01 8.137042046998277378e-01
3.093093093093093060e+01 8.283903745395233553e-01
3.108108108108108070e+01 8.349217643460637994e-01
3.123123123123123079e+01 8.222814311057612402e-01
3.138138138138138089e+01 8.158388414967496782e-01
3.153153153153153099e+01 8.270855022073764218e-01
3.168168168168168108e+01 8.362165156389209653e-01
3.183183183183183118e+01 8.221739500198529393e-01
3.198198198198198128e+01 8.175019900451898636e-01
3.213213213213213493e+01 8.248493684354460953e-01
3.228228228228228147e+01 8.354777635061967356e-01
3.243243243243243512e+01 8.215625629997022061e-01
3.258258258258258167e+01 8.188293044049430591e-01
3.273273273273273531e+01 8.218833906406716183e-01
3.288288288288288186e+01 8.268457781050796429e-01
3.303303303303303551e+01 8.219484495829135762e-01
3.318318318318318205e+01 8.202232453784902289e-01
3.333333333333333570e+01 8.184322459096891045e-01
3.348348348348348225e+01 8.277737627244405871e-01
3.363363363363363590e+01 8.264464289366811878e-01
3.378378378378378244e+01 8.214438035892662748e-01
3.393393393393393609e+01 8.143349098552004062e-01
3.408408408408408263e+01 8.287550055913419644e-01
3.423423423423423628e+01 8.340721789343056303e-01
3.438438438438438283e+01 8.222052123043986915e-01
3.453453453453453648e+01 8.150617510154263279e-01
3.468468468468468302e+01 8.278899794989809102e-01
3.483483483483483667e+01 8.352738929746809093e-01
3.498498498498498321e+01 8.225460793273257076e-01
3.513513513513513686e+01 8.167525817784649922e-01
3.528528528528528341e+01 8.261027236365369175e-01
3.543543543543543706e+01 8.305901890249764996e-01
3.558558558558558360e+01 8.220372699224326452e-01
3.573573573573573725e+01 8.183683557201522074e-01
3.588588588588588379e+01 8.235914184781906178e-01
3.603603603603603744e+01 8.270455915638567079e-01
3.618618618618618399e+01 8.219985845594514062e-01
3.633633633633633764e+01 8.198031922415368600e-01
3.648648648648648418e+01 8.203160974910229664e-01
3.663663663663663783e+01 8.287380301143278949e-01
3.678678678678678438e+01 8.221154192526719529e-01
3.693693693693693803e+01 8.208849813276591911e-01
3.708708708708708457e+01 8.162137207491201307e-01
3.723723723723723822e+01 8.292622192973679862e-01
3.738738738738738476e+01 8.320867254763602006e-01
3.753753753753753841e+01 8.216431908967508635e-01
3.768768768768768496e+01 8.141473025235257399e-01
3.783783783783783861e+01 8.284440271146463752e-01
3.798798798798798515e+01 8.343430596858493198e-01
3.813813813813813880e+01 8.221414516960550145e-01
3.828828828828828534e+01 8.160026675743825564e-01
3.843843843843843899e+01 8.268192742071988066e-01
3.858858858858859264e+01 8.351960503013416970e-01
3.873873873873873919e+01 8.216700721123408879e-01
3.888888888888889284e+01 8.176962993513309241e-01
3.903903903903903938e+01 8.244780611960096373e-01
3.918918918918919303e+01 8.307646345759879258e-01
3.933933933933933957e+01 8.217533307844195889e-01
3.948948948948949322e+01 8.191391439878523695e-01
3.963963963963963977e+01 8.214225462017999968e-01
3.978978978978979342e+01 8.270327240433027471e-01
3.993993993993993996e+01 8.219683865295345226e-01
4.009009009009009361e+01 8.203661589542547983e-01
4.024024024024024015e+01 8.176987449512632677e-01
4.039039039039039380e+01 8.281124015040144393e-01
4.054054054054054035e+01 8.308399990114130329e-01
4.069069069069069400e+01 8.214348434925768938e-01
4.084084084084084054e+01 8.133331195347155429e-01
4.099099099099099419e+01 8.283996042667787219e-01
4.114114114114114074e+01 8.348147862052982537e-01
4.129129129129129439e+01 8.222540038551241492e-01
4.144144144144144093e+01 8.152897008661267320e-01
4.159159159159159458e+01 8.274305596728044332e-01
4.174174174174174112e+01 8.360361884017611933e-01
4.189189189189189477e+01 8.226728775963123574e-01
4.204204204204204132e+01 8.170750468426218882e-01
4.219219219219219497e+01 8.256174152601435390e-01
4.234234234234234151e+01 8.353494807667388722e-01
4.249249249249249516e+01 8.219575252092984341e-01
4.264264264264264170e+01 8.186381402142334229e-01
4.279279279279279535e+01 8.230186160981125543e-01
4.294294294294294190e+01 8.269530046263802170e-01
4.309309309309309555e+01 8.219827570112440140e-01
4.324324324324324209e+01 8.200019210921980495e-01
4.339339339339339574e+01 8.196578793633092497e-01
4.354354354354354228e+01 8.285952932202176324e-01
4.369369369369369593e+01 8.221309777436280886e-01
4.384384384384384248e+01 8.211144767161918656e-01
4.399399399399399613e+01 8.155323865618433476e-01
4.414414414414414267e+01 8.292148426295894437e-01
4.429429429429429632e+01 8.323644622286263672e-01
4.444444444444444287e+01 8.219066930518338365e-01
4.459459459459459651e+01 8.145355685721170635e-01
4.474474474474474306e+01 8.284033146132770975e-01
4.489489489489489671e+01 8.342504656220481873e-01
4.504504504504504325e+01 8.222801769987057030e-01
4.519519519519519690e+01 8.163486185549299057e-01
4.534534534534534345e+01 8.266812464150028461e-01
4.549549549549549710e+01 8.304646398420350017e-01
4.564564564564564364e+01 8.214221388944930036e-01
4.579579579579579729e+01 8.179587974380282400e-01
4.594594594594594383e+01 8.241750770052109765e-01
4.609609609609609748e+01 8.268910329684283633e-01
4.624624624624624403e+01 8.218341965993540832e-01
4.639639639639639768e+01 8.193596743152669060e-01
4.654654654654654422e+01 8.209549251322547647e-01
4.669669669669669787e+01 8.272274770858013548e-01
4.684684684684684441e+01 8.220247705725967080e-01
4.699699699699699806e+01 8.205340713609029502e-01
4.714714714714714461e+01 8.170592346357268276e-01
4.729729729729729826e+01 8.287446820751223076e-01
4.744744744744744480e+01 8.317063245128768489e-01
4.759759759759759845e+01 8.214781373223475347e-01
4.774774774774774500e+01 8.136383449283751679e-01
4.789789789789789864e+01 8.283485362699505306e-01
4.804804804804804519e+01 8.350036000373491918e-01
4.819819819819819884e+01 8.221839486303437194e-01
4.834834834834835249e+01 8.155530091890955680e-01
4.849849849849849903e+01 8.270613604484164938e-01
4.864864864864865268e+01 8.362219674216202492e-01
4.879879879879879923e+01 8.225063292334490184e-01
4.894894894894895288e+01 8.172982526283590898e-01
4.909909909909909942e+01 8.250561415140191812e-01
4.924924924924925307e+01 8.356218100603486354e-01
4.939939939939939961e+01 8.216604937762258531e-01
4.954954954954955326e+01 8.188499068273120685e-01
4.969969969969969981e+01 8.223440610895390579e-01
4.984984984984985346e+01 8.269101995261334270e-01
5.000000000000000000e+01 8.219863210819521315e-01
5.015015015015015365e+01 8.201904878714376679e-01
5.030030030030030019e+01 8.189049599231805754e-01
5.045045045045045384e+01 8.280353567391649516e-01
5.060060060060060039e+01 8.261762910409961025e-01
5.075075075075075404e+01 8.212979766556796068e-01
5.090090090090090058e+01 8.147203472719488637e-01
5.105105105105105423e+01 8.288936721679444064e-01
5.120120120120120077e+01 8.333894911953496631e-01
5.135135135135135442e+01 8.221124428946122720e-01
5.150150150150150097e+01 8.148482473389667691e-01
5.165165165165165462e+01 8.281056349344565470e-01
5.180180180180180116e+01 8.348025379753680753e-01
5.195195195195195481e+01 8.225162846182623166e-01
5.210210210210210136e+01 8.166669246028031015e-01
5.225225225225225500e+01 8.263958275494168726e-01
5.240240240240240155e+01 8.305186907974440036e-01
5.255255255255255520e+01 8.215344759928581153e-01
5.270270270270270174e+01 8.182616592097868846e-01
5.285285285285285539e+01 8.238477392831332624e-01
5.300300300300300194e+01 8.270115429298008358e-01
5.315315315315315559e+01 8.219131977812216272e-01
5.330330330330330213e+01 8.196203467878127036e-01
5.345345345345345578e+01 8.205194830188238253e-01
5.360360360360360232e+01 8.284940507314795255e-01
5.375375375375375597e+01 8.220742918895274087e-01
5.390390390390390252e+01 8.207400588753633874e-01
5.405405405405405617e+01 8.164762514642573965e-01
5.420420420420420271e+01 8.291732246719932808e-01
5.435435435435435636e+01 8.320578637048046122e-01
5.450450450450450290e+01 8.215905188010177440e-01
5.465465465465465655e+01 8.139999997665742226e-01
5.480480480480480310e+01 8.284437088045515374e-01
5.495495495495495675e+01 8.346505664328537355e-01
5.510510510510510329e+01 8.221177488649376031e-01
5.525525525525525694e+01 8.158592849396435476e-01
5.540540540540540349e+01 8.268805506763391433e-01
5.555555555555555713e+01 8.356772107215755252e-01
5.570570570570570368e+01 8.220440552231683684e-01
5.585585585585585733e+01 8.175327473020815860e-01
5.600600600600600387e+01 8.246164748187947424e-01
5.615615615615615752e+01 8.310234630649834253e-01
5.630630630630630407e+01 8.217075062356116177e-01
5.645645645645645772e+01 8.190262947207905819e-01
5.660660660660660426e+01 8.216959276781211630e-01
5.675675675675675791e+01 8.269711872330015590e-01
5.690690690690690445e+01 8.219871436654436758e-01
5.705705705705705810e+01 8.203283097152196390e-01
5.720720720720720465e+01 8.181086169202315128e-01
5.735735735735735830e+01 8.278280514881239949e-01
5.750750750750750484e+01 8.303146216335947072e-01
5.765765765765765849e+01 8.214084954852678422e-01
5.780780780780781214e+01 8.138136865219000038e-01
5.795795795795795868e+01 8.285253602700742848e-01
5.810810810810811233e+01 8.344444468418892313e-01
5.825825825825825888e+01 8.222277235073611745e-01
5.840840840840841253e+01 8.151349546056866346e-01
5.855855855855855907e+01 8.276525277261778113e-01
5.870870870870871272e+01 8.356712729603503753e-01
5.885885885885885926e+01 8.226658034860987456e-01
5.900900900900901291e+01 8.169386841735954974e-01
5.915915915915915946e+01 8.259091856332938519e-01
5.930930930930931311e+01 8.349539549426348017e-01
5.945945945945945965e+01 8.220033013918173204e-01
5.960960960960961330e+01 8.185314114748136749e-01
5.975975975975975985e+01 8.233532201359106129e-01
5.990990990990991349e+01 8.269991576831942082e-01
6.006006006006006004e+01 8.219735738471827258e-01
6.021021021021021369e+01 8.198880571089330882e-01
6.036036036036036023e+01 8.199981958174246133e-01
6.051051051051051388e+01 8.287410533488230868e-01
6.066066066066066043e+01 8.221114440156663816e-01
6.081081081081081408e+01 8.209827379861190932e-01
6.096096096096096062e+01 8.158747618162031090e-01
6.111111111111111427e+01 8.292758961491987213e-01
6.126126126126126081e+01 8.320590492062357457e-01
6.141141141141141446e+01 8.217856791112877479e-01
6.156156156156156101e+01 8.143509534054856891e-01
6.171171171171171466e+01 8.284687952068501282e-01
6.186186186186186120e+01 8.342512741868114423e-01
6.201201201201201485e+01 8.221948996641417207e-01
6.216216216216216139e+01 8.161918093017972442e-01
6.231231231231231504e+01 8.267755190095258389e-01
6.246246246246246159e+01 8.347322848352608515e-01
6.261261261261261524e+01 8.213601300699285845e-01
6.276276276276276178e+01 8.178111204335415385e-01
6.291291291291291543e+01 8.243155739447578512e-01
6.306306306306306197e+01 8.267666369830410922e-01
6.321321321321321562e+01 8.217794286288349070e-01
6.336336336336336217e+01 8.192275121287765360e-01
6.351351351351351582e+01 8.211718968282873954e-01
6.366366366366366236e+01 8.271292724333203505e-01
6.381381381381381601e+01 8.220046512969813035e-01
6.396396396396396256e+01 8.204503274642667154e-01
6.411411411411411621e+01 8.173789648178491074e-01
6.426426426426426985e+01 8.284270790338673640e-01
6.441441441441440929e+01 8.313603549971096962e-01
6.456456456456456294e+01 8.214655148870054768e-01
6.471471471471471659e+01 8.134743145355092242e-01
6.486486486486487024e+01 8.283556557000159026e-01
6.501501501501500968e+01 8.350202095873565655e-01
6.516516516516516333e+01 8.222286710536939047e-01
6.531531531531531698e+01 8.154207225098828449e-01
6.546546546546547063e+01 8.272264196809050452e-01
6.561561561561561007e+01 8.362229130122512677e-01
6.576576576576576372e+01 8.226160065201666427e-01
6.591591591591591737e+01 8.171730910369950918e-01
6.606606606606607102e+01 8.253259335088500848e-01
6.621621621621621046e+01 8.355853558382810853e-01
6.636636636636636410e+01 8.216359985484658068e-01
6.651651651651651775e+01 8.187438304308012338e-01
6.666666666666667140e+01 8.226952483885472400e-01
6.681681681681681084e+01 8.269294980095704961e-01
6.696696696696696449e+01 8.219950751845401804e-01
6.711711711711711814e+01 8.201090843040539369e-01
6.726726726726727179e+01 8.193150653438660003e-01
6.741741741741742544e+01 8.283459801351691354e-01
6.756756756756756488e+01 8.221209054629006197e-01
6.771771771771771853e+01 8.212111696318483700e-01
6.786786786786787218e+01 8.151591569913300139e-01
6.801801801801802583e+01 8.290786141540413823e-01
6.816816816816816527e+01 8.328158410138579715e-01
6.831831831831831892e+01 8.220079005532467953e-01
6.846846846846847257e+01 8.146838815142852797e-01
6.861861861861862621e+01 8.282812648035078329e-01
6.876876876876876565e+01 8.344339862511014339e-01
6.891891891891891930e+01 8.223973596635385519e-01
6.906906906906907295e+01 8.165053175496894688e-01
6.921921921921922660e+01 8.265688488942926071e-01
6.936936936936936604e+01 8.304509703145297461e-01
6.951951951951951969e+01 8.214880645097127898e-01
6.966966966966967334e+01 8.181139183270630388e-01
6.981981981981982699e+01 8.240386061842872589e-01
6.996996996996996643e+01 8.269717285239742699e-01
7.012012012012012008e+01 8.218750059124761975e-01
7.027027027027027373e+01 8.194851604324173699e-01
7.042042042042042738e+01 8.207489968379413359e-01
7.057057057057056682e+01 8.276127182967183415e-01
7.072072072072072046e+01 8.220419017567822673e-01
7.087087087087087411e+01 8.206205562410765486e-01
7.102102102102102776e+01 8.167657878675760319e-01
7.117117117117116720e+01 8.289869700800415186e-01
7.132132132132132085e+01 8.319302473707066437e-01
7.147147147147147450e+01 8.215204195870638992e-01
7.162162162162162815e+01 8.138093447572425365e-01
7.177177177177176759e+01 8.283910188748283554e-01
7.192192192192192124e+01 8.348828483602942496e-01
7.207207207207207489e+01 8.221472156912670304e-01
7.222222222222222854e+01 8.157019317376626999e-01
7.237237237237236798e+01 8.269587421048216758e-01
7.252252252252252163e+01 8.360482985213025797e-01
7.267267267267267528e+01 8.223174610572998589e-01
7.282282282282282893e+01 8.174100113695323966e-01
7.297297297297296836e+01 8.248234004099408434e-01
7.312312312312312201e+01 8.354144646441528099e-01
7.327327327327327566e+01 8.216787727410004294e-01
7.342342342342342931e+01 8.189344115974701577e-01
7.357357357357356875e+01 8.220155196896403726e-01
7.372372372372372240e+01 8.269238796489980503e-01
7.387387387387387605e+01 8.219860891804601222e-01
7.402402402402402970e+01 8.202631739563598368e-01
7.417417417417416914e+01 8.185158088023172240e-01
7.432432432432432279e+01 8.278061986262816863e-01
7.447447447447447644e+01 8.263871112968502741e-01
7.462462462462463009e+01 8.213631848080299447e-01
7.477477477477476953e+01 8.142884006032835575e-01
7.492492492492492318e+01 8.287055015275885950e-01
7.507507507507507682e+01 8.339393506892378571e-01
7.522522522522523047e+01 8.221825319283372346e-01
7.537537537537536991e+01 8.149904722653308342e-01
7.552552552552552356e+01 8.278953543375103807e-01
7.567567567567567721e+01 8.352261648188087362e-01
7.582582582582583086e+01 8.226061796055348374e-01
7.597597597597597030e+01 8.168029974324096942e-01
7.612612612612612395e+01 8.261795898483003109e-01
7.627627627627627760e+01 8.306592323843755565e-01
7.642642642642643125e+01 8.217380229197751573e-01
7.657657657657657069e+01 8.183986210360583158e-01
7.672672672672672434e+01 8.236313463959333836e-01
7.687687687687687799e+01 8.270211443660842043e-01
7.702702702702703164e+01 8.219489436595586174e-01
7.717717717717718529e+01 8.197554380860608836e-01
7.732732732732732472e+01 8.202856495750165955e-01
7.747747747747747837e+01 8.287249445037552231e-01
7.762762762762763202e+01 8.220953724658469630e-01
7.777777777777778567e+01 8.208570173115409263e-01
7.792792792792792511e+01 8.161973349575936121e-01
7.807807807807807876e+01 8.292631900152063196e-01
7.822822822822823241e+01 8.320816434813395057e-01
7.837837837837838606e+01 8.216733070931525607e-01
7.852852852852852550e+01 8.141693292049321240e-01
7.867867867867867915e+01 8.284727469444702619e-01
7.882882882882883280e+01 8.344146971111855438e-01
7.897897897897898645e+01 8.221341051590796978e-01
7.912912912912912589e+01 8.160201202297477918e-01
7.927927927927927954e+01 8.268300976335515307e-01
7.942942942942943318e+01 8.352112512538535372e-01
7.957957957957958683e+01 8.216705006330848882e-01
7.972972972972972627e+01 8.176589890667395055e-01
7.987987987987987992e+01 8.244552804746143604e-01
8.003003003003003357e+01 8.307543576503151339e-01
8.018018018018018722e+01 8.217387482345415162e-01
8.033033033033032666e+01 8.191163256595512809e-01
8.048048048048048031e+01 8.214242530725749392e-01
8.063063063063063396e+01 8.270424337034725237e-01
8.078078078078078761e+01 8.219976374238877614e-01
8.093093093093092705e+01 8.203887474632032273e-01
8.108108108108108070e+01 8.177432739265045880e-01
8.123123123123123435e+01 8.280822967134465751e-01
8.138138138138138800e+01 8.308765385127002689e-01
8.153153153153152743e+01 8.214453471782046101e-01
8.168168168168168108e+01 8.133824456431838490e-01
8.183183183183183473e+01 8.284108367917351057e-01
8.198198198198198838e+01 8.347929568894272290e-01
8.213213213213212782e+01 8.222380924009669023e-01
8.228228228228228147e+01 8.152697190995620291e-01
8.243243243243243512e+01 8.274230673186938612e-01
8.258258258258258877e+01 8.360077171388763384e-01
8.273273273273272821e+01 8.226658128668044023e-01
8.288288288288288186e+01 8.170475118594501263e-01
8.303303303303303551e+01 8.256222119938895210e-01
8.318318318318318916e+01 8.353154863731463431e-01
8.333333333333332860e+01 8.220059696861194976e-01
8.348348348348348225e+01 8.186484026471926301e-01
8.363363363363363590e+01 8.230570347087977634e-01
8.378378378378378954e+01 8.269710718409089001e-01
8.393393393393392898e+01 8.219926508055354075e-01
8.408408408408408263e+01 8.200078402466381977e-01
8.423423423423423628e+01 8.196926440226859345e-01
8.438438438438438993e+01 8.286072362085277199e-01
8.453453453453452937e+01 8.221142345278337205e-01
8.468468468468468302e+01 8.210950803680705512e-01
8.483483483483483667e+01 8.155424868859565413e-01
8.498498498498499032e+01 8.292065737815497162e-01
8.513513513513512976e+01 8.323271605315590849e-01
8.528528528528528341e+01 8.218898830148781975e-01
8.543543543543543706e+01 8.145082948764338360e-01
8.558558558558559071e+01 8.284052613089470940e-01
8.573573573573573015e+01 8.342360030286272154e-01
8.588588588588588379e+01 8.222875863004355246e-01
8.603603603603603744e+01 8.163489108513084513e-01
8.618618618618619109e+01 8.266974841268334151e-01
8.633633633633633053e+01 8.304830020780702426e-01
8.648648648648648418e+01 8.214249042676565749e-01
8.663663663663663783e+01 8.179573110121305390e-01
8.678678678678679148e+01 8.241887953550403045e-01
8.693693693693694513e+01 8.268813453665023738e-01
8.708708708708708457e+01 8.218240728180612464e-01
8.723723723723723822e+01 8.193462049594212315e-01
8.738738738738739187e+01 8.209596569800692301e-01
8.753753753753754552e+01 8.272155828955479739e-01
8.768768768768768496e+01 8.220202839698904640e-01
8.783783783783783861e+01 8.205249810168376845e-01
8.798798798798799226e+01 8.170703542620834092e-01
8.813813813813814591e+01 8.287301739873842443e-01
8.828828828828828534e+01 8.316903417423784362e-01
8.843843843843843899e+01 8.214850890670102324e-01
8.858858858858859264e+01 8.136360267134822299e-01
8.873873873873874629e+01 8.283527169473232643e-01
8.888888888888888573e+01 8.350207604466785005e-01
8.903903903903903938e+01 8.221873143717152166e-01
8.918918918918919303e+01 8.155498989778700025e-01
8.933933933933934668e+01 8.270707917225188499e-01
8.948948948948948612e+01 8.362280763465240740e-01
8.963963963963963977e+01 8.225092742643641541e-01
8.978978978978979342e+01 8.172868718376293806e-01
8.993993993993994707e+01 8.250660749306362174e-01
9.009009009009008651e+01 8.356212838054142278e-01
9.024024024024024015e+01 8.216561895874383570e-01
9.039039039039039380e+01 8.188406127873907314e-01
9.054054054054054745e+01 8.223609561022778847e-01
9.069069069069068689e+01 8.269126976393443851e-01
9.084084084084084054e+01 8.219912094491202970e-01
9.099099099099099419e+01 8.201907957174932040e-01
9.114114114114114784e+01 8.189338013315164977e-01
9.129129129129128728e+01 8.280504032948284854e-01
9.144144144144144093e+01 8.261667367813104734e-01
9.159159159159159458e+01 8.212944795400439757e-01
9.174174174174174823e+01 8.147484776793346706e-01
9.189189189189188767e+01 8.289046172023815107e-01
9.204204204204204132e+01 8.333568806264360918e-01
9.219219219219219497e+01 8.221045747688998651e-01
9.234234234234234862e+01 8.148361336738321192e-01
9.249249249249248805e+01 8.281163072694233129e-01
9.264264264264264170e+01 8.347758098775114322e-01
9.279279279279279535e+01 8.225107426349136386e-01
9.294294294294294900e+01 8.166573615728178748e-01
9.309309309309308844e+01 8.264039333264719955e-01
9.324324324324324209e+01 8.305158679720258119e-01
9.339339339339339574e+01 8.215381968818568081e-01
9.354354354354354939e+01 8.182571916937745327e-01
9.369369369369368883e+01 8.238662025048080206e-01
9.384384384384384248e+01 8.270188623459747701e-01
9.399399399399399613e+01 8.219184077186545423e-01
9.414414414414414978e+01 8.196218550885998599e-01
9.429429429429428922e+01 8.205418982046113197e-01
9.444444444444444287e+01 8.284693109783979326e-01
9.459459459459459651e+01 8.220629303954478662e-01
9.474474474474475016e+01 8.207250412746279755e-01
9.489489489489488960e+01 8.164869947077116885e-01
9.504504504504504325e+01 8.291551471374929427e-01
9.519519519519519690e+01 8.320472272142864778e-01
9.534534534534535055e+01 8.215786922038166296e-01
9.549549549549548999e+01 8.139779150214772052e-01
9.564564564564564364e+01 8.284395089798236578e-01
9.579579579579579729e+01 8.346619307867477744e-01
9.594594594594595094e+01 8.221271944003172294e-01
9.609609609609609038e+01 8.158555788677090970e-01
9.624624624624624403e+01 8.268907568704321198e-01
9.639639639639639768e+01 8.357200071005723707e-01
9.654654654654655133e+01 8.220564612492970991e-01
9.669669669669670498e+01 8.175315770570997786e-01
9.684684684684684441e+01 8.246308658434352568e-01
9.699699699699699806e+01 8.310372925955571421e-01
9.714714714714715171e+01 8.217016721919506717e-01
9.729729729729730536e+01 8.190191644899937895e-01
9.744744744744744480e+01 8.217103116812113361e-01
9.759759759759759845e+01 8.269606976900215622e-01
9.774774774774775210e+01 8.219797420106096375e-01
9.789789789789790575e+01 8.203172412174223327e-01
9.804804804804804519e+01 8.181230078424492902e-01
9.819819819819819884e+01 8.278249771179810867e-01
9.834834834834835249e+01 8.302737081300778366e-01
9.849849849849850614e+01 8.214083554789097796e-01
9.864864864864864558e+01 8.138410711146273346e-01
9.879879879879879923e+01 8.285368057758546456e-01
9.894894894894895288e+01 8.344238373877937986e-01
9.909909909909910652e+01 8.222302846640997531e-01
9.924924924924924596e+01 8.151321886922026083e-01
9.939939939939939961e+01 8.276706391368987559e-01
9.954954954954955326e+01 8.356514537175999680e-01
9.969969969969970691e+01 8.226618967041715580e-01
9.984984984984984635e+01 8.169324580907468825e-01
1.000000000000000000e+02 8.259241603642082374e-01
1.001501501501501536e+02 8.349263799332550251e-01
1.003003003003003073e+02 8.219992122982150429e-01
1.004504504504504467e+02 8.185184058701395760e-01
1.006006006006006004e+02 8.233662082006414362e-01
1.007507507507507540e+02 8.269988675308529436e-01
1.009009009009009077e+02 8.219724439230142732e-01
1.010510510510510471e+02 8.198792830130700038e-01
1.012012012012012008e+02 8.200184417486777733e-01
1.013513513513513544e+02 8.287456184997346043e-01
1.015015015015015081e+02 8.221125398401440965e-01
1.016516516516516475e+02 8.209783614403806107e-01
1.018018018018018012e+02 8.158970544561569005e-01
1.019519519519519548e+02 8.292777167538961658e-01
1.021021021021021085e+02 8.320570520020518224e-01
1.022522522522522479e+02 8.217760837258646367e-01
1.024024024024024015e+02 8.143395353727901353e-01
1.025525525525525552e+02 8.284664504262834184e-01
1.027027027027027088e+02 8.342471073173597373e-01
1.028528528528528483e+02 8.221878269224731639e-01
1.030030030030030019e+02 8.161763233587047139e-01
1.031531531531531556e+02 8.267770388501679557e-01
1.033033033033033092e+02 8.347569951418399858e-01
1.034534534534534487e+02 8.213614373188347084e-01
1.036036036036036023e+02 8.178068744646098676e-01
1.037537537537537560e+02 8.243289600778559434e-01
1.039039039039039096e+02 8.267633459830020515e-01
1.040540540540540491e+02 8.217799122559871217e-01
1.042042042042042027e+02 8.192251115323996302e-01
1.043543543543543564e+02 8.211885752643807157e-01
1.045045045045045100e+02 8.271223315227242967e-01
1.046546546546546494e+02 8.219980821885359834e-01
1.048048048048048031e+02 8.204425322517736596e-01
1.049549549549549567e+02 8.173954939584614499e-01
1.051051051051051104e+02 8.284041851267308632e-01
1.052552552552552498e+02 8.313148733970046056e-01
1.054054054054054035e+02 8.214587462598248457e-01
1.055555555555555571e+02 8.134588722717996934e-01
1.057057057057057108e+02 8.283514821179996934e-01
1.058558558558558644e+02 8.349950363972774570e-01
1.060060060060060039e+02 8.222275724238412575e-01
1.061561561561561575e+02 8.154068316790846760e-01
1.063063063063063112e+02 8.272357007592284761e-01
1.064564564564564648e+02 8.362077774886756965e-01
1.066066066066066043e+02 8.226264064145337729e-01
1.067567567567567579e+02 8.171685440710192427e-01
1.069069069069069116e+02 8.253458175971901678e-01
1.070570570570570652e+02 8.355695556832485327e-01
1.072072072072072046e+02 8.216384829130356504e-01
1.073573573573573583e+02 8.187422155038979188e-01
1.075075075075075119e+02 8.227191340586690327e-01
1.076576576576576656e+02 8.269314137626109229e-01
1.078078078078078050e+02 8.219943444481343509e-01
1.079579579579579587e+02 8.201027719049648335e-01
1.081081081081081123e+02 8.193370808214252010e-01
1.082582582582582660e+02 8.283652426365443189e-01
1.084084084084084054e+02 8.221206181993077067e-01
1.085585585585585591e+02 8.212048258975607196e-01
1.087087087087087127e+02 8.151796483511706271e-01
1.088588588588588664e+02 8.290876338333491580e-01
1.090090090090090058e+02 8.327849300519563069e-01
1.091591591591591595e+02 8.220037417340048114e-01
1.093093093093093131e+02 8.146764408756953513e-01
1.094594594594594668e+02 8.282914251433217689e-01
1.096096096096096062e+02 8.344157014996438360e-01
1.097597597597597598e+02 8.223905574973087163e-01
1.099099099099099135e+02 8.164969125930565674e-01
1.100600600600600671e+02 8.265770834494479136e-01
1.102102102102102066e+02 8.304508882159233885e-01
1.103603603603603602e+02 8.214839601907670819e-01
1.105105105105105139e+02 8.181042183628055575e-01
1.106606606606606675e+02 8.240478321741581125e-01
1.108108108108108070e+02 8.269674437025678060e-01
1.109609609609609606e+02 8.218720001633035288e-01
1.111111111111111143e+02 8.194770553595795981e-01
1.112612612612612679e+02 8.207619160489232346e-01
1.114114114114114074e+02 8.273412261277922619e-01
1.115615615615615610e+02 8.220403048369342436e-01
1.117117117117117147e+02 8.206139189588148586e-01
1.118618618618618683e+02 8.167802025740104055e-01
1.120120120120120077e+02 8.289748096570351832e-01
1.121621621621621614e+02 8.319207344608712251e-01
1.123123123123123150e+02 8.215195592386073109e-01
1.124624624624624687e+02 8.138013683512805851e-01
1.126126126126126081e+02 8.283894165581504598e-01
1.127627627627627618e+02 8.348912863946941210e-01
1.129129129129129154e+02 8.221470659976595208e-01
1.130630630630630691e+02 8.156909374279140978e-01
1.132132132132132085e+02 8.269626098107156764e-01
1.133633633633633622e+02 8.360629928543312772e-01
1.135135135135135158e+02 8.223297776996157937e-01
1.136636636636636695e+02 8.174014757414278520e-01
1.138138138138138089e+02 8.248364028088692734e-01
1.139639639639639626e+02 8.354291214185576298e-01
1.141141141141141162e+02 8.216770940961669600e-01
1.142642642642642699e+02 8.189286976291916265e-01
1.144144144144144093e+02 8.220343568265729983e-01
1.145645645645645629e+02 8.269213364593518412e-01
1.147147147147147166e+02 8.219857401509731432e-01
1.148648648648648702e+02 8.202580532211604103e-01
1.150150150150150097e+02 8.185382709170302418e-01
1.151651651651651633e+02 8.278149357499118288e-01
1.153153153153153170e+02 8.263734473493363764e-01
1.154654654654654706e+02 8.213620052368239000e-01
1.156156156156156243e+02 8.143167395803182496e-01
1.157657657657657637e+02 8.287190040614771380e-01
1.159159159159159174e+02 8.339118495875736947e-01
1.160660660660660710e+02 8.221802029657628852e-01
1.162162162162162247e+02 8.149842220491384515e-01
1.163663663663663641e+02 8.279094016078625273e-01
1.165165165165165178e+02 8.352021826406091920e-01
1.166666666666666714e+02 8.225992781725475211e-01
1.168168168168168251e+02 8.167935263800731871e-01
1.169669669669669645e+02 8.261924083571943189e-01
1.171171171171171181e+02 8.306484589379844463e-01
1.172672672672672718e+02 8.216969393044817327e-01
1.174174174174174254e+02 8.183887563952635391e-01
1.175675675675675649e+02 8.236454738017030541e-01
1.177177177177177185e+02 8.270217242818845849e-01
1.178678678678678722e+02 8.219481208716861165e-01
1.180180180180180258e+02 8.197476482770741368e-01
1.181681681681681653e+02 8.203062160124506841e-01
1.183183183183183189e+02 8.287167513549251741e-01
1.184684684684684726e+02 8.220916527026552734e-01
1.186186186186186262e+02 8.208474003855145140e-01
1.187687687687687657e+02 8.162122136344404089e-01
1.189189189189189193e+02 8.292582260472639577e-01
1.190690690690690730e+02 8.320799565743539628e-01
1.192192192192192266e+02 8.216664677964631291e-01
1.193693693693693660e+02 8.141564167394323981e-01
1.195195195195195197e+02 8.284714657484489875e-01
1.196696696696696733e+02 8.344226422779615904e-01
1.198198198198198270e+02 8.221335707192096720e-01
1.199699699699699664e+02 8.160084973240012696e-01
1.201201201201201201e+02 8.268353058167218217e-01
1.202702702702702737e+02 8.352631431526962302e-01
1.204204204204204274e+02 8.216845931870160324e-01
1.205705705705705668e+02 8.176588081863944701e-01
1.207207207207207205e+02 8.244706880191844389e-01
1.208708708708708741e+02 8.307793102103598892e-01
1.210210210210210278e+02 8.217359081328725612e-01
1.211711711711711672e+02 8.191118181352230465e-01
1.213213213213213209e+02 8.214396228746431161e-01
1.214714714714714745e+02 8.270321556784457906e-01
1.216216216216216282e+02 8.219885530356694225e-01
1.217717717717717676e+02 8.203785372996287295e-01
1.219219219219219212e+02 8.177576531327177545e-01
1.220720720720720749e+02 8.280645512891668947e-01
1.222222222222222285e+02 8.308199875955873948e-01
1.223723723723723680e+02 8.214401124662913389e-01
1.225225225225225216e+02 8.134031458387116498e-01
1.226726726726726753e+02 8.284143980992236811e-01
1.228228228228228289e+02 8.347835114224325670e-01
1.229729729729729684e+02 8.222407659456144602e-01
1.231231231231231220e+02 8.152634233178939205e-01
1.232732732732732757e+02 8.274430373665705440e-01
1.234234234234234293e+02 8.359917448269434948e-01
1.235735735735735688e+02 8.226733209463867880e-01
1.237237237237237224e+02 8.170485646900088605e-01
1.238738738738738761e+02 8.256456144218030646e-01
1.240240240240240297e+02 8.352997815735269116e-01
1.241741741741741691e+02 8.220179433278803627e-01
1.243243243243243228e+02 8.186354372638287025e-01
1.244744744744744764e+02 8.230668779077083830e-01
1.246246246246246301e+02 8.269673918335461726e-01
1.247747747747747695e+02 8.219895104185900303e-01
1.249249249249249232e+02 8.199971400221452988e-01
1.250750750750750768e+02 8.197107558272375138e-01
1.252252252252252305e+02 8.286185295287290531e-01
1.253753753753753841e+02 8.221206662183716540e-01
1.255255255255255236e+02 8.210937573597172356e-01
1.256756756756756772e+02 8.155690185255537461e-01
1.258258258258258309e+02 8.292184142844004624e-01
1.259759759759759845e+02 8.323075538831492537e-01
1.261261261261261239e+02 8.218861301704892819e-01
1.262762762762762776e+02 8.145040258803930566e-01
1.264264264264264312e+02 8.284089792035733701e-01
1.265765765765765849e+02 8.342305020601338272e-01
1.267267267267267243e+02 8.222769594043916053e-01
1.268768768768768780e+02 8.163342204396007995e-01
1.270270270270270316e+02 8.267010961090238697e-01
1.271771771771771853e+02 8.304889995680831971e-01
1.273273273273273247e+02 8.214241608526137162e-01
1.274774774774774784e+02 8.179504758963835886e-01
1.276276276276276320e+02 8.242002913013561916e-01
1.277777777777777857e+02 8.268784942126692350e-01
1.279279279279279251e+02 8.218239634538077043e-01
1.280780780780780788e+02 8.193418073821057135e-01
1.282282282282282324e+02 8.209763098094178257e-01
1.283783783783783861e+02 8.272095877882473802e-01
1.285285285285285397e+02 8.220145080850884689e-01
1.286786786786786934e+02 8.205164976598601223e-01
1.288288288288288186e+02 8.170857468602794604e-01
1.289789789789789722e+02 8.287085354553166416e-01
1.291291291291291259e+02 8.316655737007285776e-01
1.292792792792792795e+02 8.214793229043744205e-01
1.294294294294294332e+02 8.136204458935021311e-01
1.295795795795795868e+02 8.283492867737971554e-01
1.297297297297297405e+02 8.350191575371908037e-01
1.298798798798798941e+02 8.221918425430477795e-01
1.300300300300300194e+02 8.155418643199334738e-01
1.301801801801801730e+02 8.270801163029616321e-01
1.303303303303303267e+02 8.362352648964126445e-01
1.304804804804804803e+02 8.225200040744811147e-01
1.306306306306306340e+02 8.172826403939301709e-01
1.307807807807807876e+02 8.250850068876250942e-01
1.309309309309309413e+02 8.356327665568848984e-01
1.310810810810810949e+02 8.216575247046377095e-01
1.312312312312312201e+02 8.188383374514182078e-01
1.313813813813813738e+02 8.223847010864355767e-01
1.315315315315315274e+02 8.269118354298662377e-01
1.316816816816816811e+02 8.219881850021273362e-01
1.318318318318318347e+02 8.201832954667286346e-01
1.319819819819819884e+02 8.189481084695752200e-01
1.321321321321321420e+02 8.280668744459209751e-01
1.322822822822822957e+02 8.261671706261846104e-01
1.324324324324324209e+02 8.212919393332298590e-01
1.325825825825825746e+02 8.147744273945587423e-01
1.327327327327327282e+02 8.289225835406753840e-01
1.328828828828828819e+02 8.333425007160382147e-01
1.330330330330330355e+02 8.221080932104233296e-01
1.331831831831831892e+02 8.148388368677371707e-01
1.333333333333333428e+02 8.281340204879346079e-01
1.334834834834834965e+02 8.347646912889451487e-01
1.336336336336336217e+02 8.224979221224216763e-01
1.337837837837837753e+02 8.166476120733900945e-01
1.339339339339339290e+02 8.264117724560746669e-01
1.340840840840840826e+02 8.304966021225205219e-01
1.342342342342342363e+02 8.215201173143602542e-01
1.343843843843843899e+02 8.182333292168932903e-01
1.345345345345345436e+02 8.238632229501654525e-01
1.346846846846846972e+02 8.270111646290845275e-01
1.348348348348348509e+02 8.219159324413353174e-01
1.349849849849849761e+02 8.196098054079866690e-01
1.351351351351351298e+02 8.205525898839469701e-01
1.352852852852852834e+02 8.284473240087375512e-01
1.354354354354354371e+02 8.220759539754090017e-01
1.355855855855855907e+02 8.207316162578421892e-01
1.357357357357357444e+02 8.165180522693639142e-01
1.358858858858858980e+02 8.291561562475708858e-01
1.360360360360360517e+02 8.320550913798676618e-01
1.361861861861861769e+02 8.215750532484971114e-01
1.363363363363363305e+02 8.139738073867346380e-01
1.364864864864864842e+02 8.284334704776822322e-01
1.366366366366366378e+02 8.346719815322879432e-01
1.367867867867867915e+02 8.221185286355949806e-01
1.369369369369369451e+02 8.158350767207892540e-01
1.370870870870870988e+02 8.268857275575369759e-01
1.372372372372372524e+02 8.357369818827792285e-01
1.373873873873873777e+02 8.220832266633567587e-01
1.375375375375375313e+02 8.175222596687513610e-01
1.376876876876876850e+02 8.246446078361003851e-01
1.378378378378378386e+02 8.310620122866222426e-01
1.379879879879879923e+02 8.217100919759797728e-01
1.381381381381381459e+02 8.190245404197490364e-01
1.382882882882882996e+02 8.217370225556195340e-01
1.384384384384384532e+02 8.269602443289719718e-01
1.385885885885885784e+02 8.219774459509908704e-01
1.387387387387387321e+02 8.203130019833736464e-01
1.388888888888888857e+02 8.181461797849999273e-01
1.390390390390390394e+02 8.278025252604688244e-01
1.391891891891891930e+02 8.302420276994989523e-01
1.393393393393393467e+02 8.213991837451082301e-01
1.394894894894895003e+02 8.138598869605403463e-01
1.396396396396396540e+02 8.285444462081525963e-01
1.397897897897897792e+02 8.343943948158345503e-01
1.399399399399399329e+02 8.222308394185994240e-01
1.400900900900900865e+02 8.151246629659905096e-01
1.402402402402402402e+02 8.276857516378014479e-01
1.403903903903903938e+02 8.356338625664584407e-01
1.405405405405405475e+02 8.226615436007458371e-01
1.406906906906907011e+02 8.169279781727717404e-01
1.408408408408408548e+02 8.259441195120990065e-01
1.409909909909909800e+02 8.349074526882044323e-01
1.411411411411411336e+02 8.219808851653079840e-01
1.412912912912912873e+02 8.185130772572287716e-01
1.414414414414414409e+02 8.233867159620276155e-01
1.415915915915915946e+02 8.269969497654273693e-01
1.417417417417417482e+02 8.219653297237328182e-01
1.418918918918919019e+02 8.198664378649493933e-01
1.420420420420420555e+02 8.200292736686223272e-01
1.421921921921921808e+02 8.287503599890566619e-01
1.423423423423423344e+02 8.221116571834709008e-01
1.424924924924924881e+02 8.209695430378011194e-01
1.426426426426426417e+02 8.159146796721796768e-01
1.427927927927927954e+02 8.292810161346547693e-01
1.429429429429429490e+02 8.320624172937240992e-01
1.430930930930931027e+02 8.217744599937482075e-01
1.432432432432432563e+02 8.143341523265754667e-01
1.433933933933933815e+02 8.284727612451617818e-01
1.435435435435435352e+02 8.342591181847400783e-01
1.436936936936936888e+02 8.221819042621831830e-01
1.438438438438438425e+02 8.161690279333987386e-01
1.439939939939939961e+02 8.267796978169602573e-01
1.441441441441441498e+02 8.347815816199984917e-01
1.442942942942943034e+02 8.213507126050971774e-01
1.444444444444444571e+02 8.177907858052926304e-01
1.445945945945946107e+02 8.243308161396089018e-01
1.447447447447447360e+02 8.267530584744181565e-01
1.448948948948948896e+02 8.217771174344615792e-01
1.450450450450450433e+02 8.192168402480459743e-01
1.451951951951951969e+02 8.212029339483931656e-01
1.453453453453453506e+02 8.271206368270838105e-01
1.454954954954955042e+02 8.220022041309420491e-01
1.456456456456456579e+02 8.204433563256904316e-01
1.457957957957958115e+02 8.174231958419957422e-01
1.459459459459459367e+02 8.283861272200621073e-01
1.460960960960960904e+02 8.312833135019370712e-01
1.462462462462462440e+02 8.214560542612909799e-01
1.463963963963963977e+02 8.134512996502732962e-01
1.465465465465465513e+02 8.283466558227383647e-01
1.466966966966967050e+02 8.349641451428879702e-01
1.468468468468468586e+02 8.222193677559728187e-01
1.469969969969970123e+02 8.153857608013193037e-01
1.471471471471471375e+02 8.272376013760555091e-01
1.472972972972972912e+02 8.361898638454842159e-01
1.474474474474474448e+02 8.226364615604683239e-01
1.475975975975975985e+02 8.171625724742241914e-01
1.477477477477477521e+02 8.253680180526550281e-01
1.478978978978979058e+02 8.355584034683322114e-01
1.480480480480480594e+02 8.216481350055593325e-01
1.481981981981982130e+02 8.187480767669281789e-01
1.483483483483483383e+02 8.227502585136101665e-01
1.484984984984984919e+02 8.269336622892373700e-01
1.486486486486486456e+02 8.219887954496362115e-01
1.487987987987987992e+02 8.200933941246830727e-01
1.489489489489489529e+02 8.193553098730426143e-01
1.490990990990991065e+02 8.283810644080830121e-01
1.492492492492492602e+02 8.221130332482364800e-01
1.493993993993994138e+02 8.211918915072153879e-01
1.495495495495495391e+02 8.151998202654558989e-01
1.496996996996996927e+02 8.290922637072856149e-01
1.498498498498498464e+02 8.327333385556290324e-01
1.500000000000000000e+02 8.219951089791192045e-01
