0.000000000000000000e+00 9.719619253979413509e-01
1.501501501501501523e-01 8.585857567018444492e-01
3.003003003003003046e-01 6.639683351892184948e-01
4.504504504504504570e-01 4.772066745865740089e-01
6.006006006006006093e-01 3.719928443388801353e-01
7.507507507507507061e-01 3.541349800324579689e-01
9.009009009009009139e-01 3.382202621870421533e-01
1.051051051051051122e+00 3.155079739485984192e-01
1.201201201201201219e+00 2.876421032388531418e-01
1.351351351351351315e+00 3.059266420859766411e-01
1.501501501501501412e+00 3.690754962920060334e-01
1.651651651651651731e+00 4.575548109837346833e-01
1.801801801801801828e+00 5.533463852475016820e-01
1.951951951951951925e+00 5.769648138541813021e-01
2.102102102102102243e+00 5.586497685096913912e-01
2.252252252252252340e+00 5.556665093001095235e-01
2.402402402402402437e+00 5.668408543520984111e-01
2.552552552552552534e+00 5.504553302591594921e-01
2.702702702702702631e+00 4.017134830087465969e-01
2.852852852852852727e+00 2.786094837667490998e-01
3.003003003003002824e+00 2.470068318944493302e-01
3.153153153153153365e+00 2.323140694825284458e-01
3.303303303303303462e+00 2.249062816886993610e-01
3.453453453453453559e+00 2.182887519053361425e-01
3.603603603603603656e+00 2.153054690012380368e-01
3.753753753753753752e+00 2.183640907370336115e-01
3.903903903903903849e+00 1.980121605308208244e-01
4.054054054054054390e+00 2.416680088839461837e-01
4.204204204204204487e+00 2.895791659328252887e-01
4.354354354354354584e+00 3.224688696675946931e-01
4.504504504504504681e+00 3.280654196107893883e-01
4.654654654654654777e+00 3.486942345661661613e-01
4.804804804804804874e+00 3.845705470067745102e-01
4.954954954954954971e+00 4.260959478031123293e-01
5.105105105105105068e+00 3.440218753679372132e-01
5.255255255255255165e+00 1.764296349311298140e-01
5.405405405405405261e+00 2.353742170800000866e-01
5.555555555555555358e+00 2.710565600679429310e-01
5.705705705705705455e+00 2.430512959715220855e-01
5.855855855855855552e+00 2.565110736355880605e-01
6.006006006006005649e+00 2.699351479268856657e-01
6.156156156156156634e+00 2.844335144056511222e-01
6.306306306306306730e+00 2.780984506734564543e-01
6.456456456456456827e+00 2.155542183955101720e-01
6.606606606606606924e+00 2.878947560368176339e-01
6.756756756756757021e+00 3.246649905236971834e-01
6.906906906906907118e+00 2.805948000566240719e-01
7.057057057057057214e+00 3.169191641480850197e-01
7.207207207207207311e+00 3.598256398280245127e-01
7.357357357357357408e+00 4.016674505317098798e-01
7.507507507507507505e+00 4.408001912316668047e-01
7.657657657657657602e+00 2.867535480289991612e-01
7.807807807807807698e+00 2.350725955189370275e-01
7.957957957957957795e+00 3.283152297530272934e-01
8.108108108108108780e+00 3.239175387345490931e-01
8.258258258258258877e+00 3.034089795240666465e-01
8.408408408408408974e+00 3.254641249611379683e-01
8.558558558558559071e+00 3.450768375313523761e-01
8.708708708708709167e+00 3.630872054600124965e-01
8.858858858858859264e+00 3.137733634327459775e-01
9.009009009009009361e+00 2.714206307045687327e-01
9.159159159159159458e+00 3.556416073556279978e-01
9.309309309309309555e+00 3.769347111317616350e-01
9.459459459459459651e+00 3.302134752960929620e-01
9.609609609609609748e+00 3.696810417121085823e-01
9.759759759759759845e+00 4.074417429798902202e-01
9.909909909909909942e+00 4.422722803246613155e-01
1.006006006006006004e+01 4.635082966718976905e-01
1.021021021021021014e+01 2.857152829514867931e-01
1.036036036036036023e+01 3.162964078604634244e-01
1.051051051051051033e+01 3.811033261636470049e-01
1.066066066066066043e+01 3.382165874227984204e-01
1.081081081081081052e+01 3.463323287336572132e-01
1.096096096096096062e+01 3.705121427579420867e-01
1.111111111111111072e+01 3.918828140171705665e-01
1.126126126126126081e+01 4.108629757250714110e-01
1.141141141141141091e+01 3.188173447987456277e-01
1.156156156156156101e+01 3.142074587894992388e-01
1.171171171171171110e+01 3.953840752448383733e-01
1.186186186186186120e+01 3.941480565816284920e-01
1.201201201201201130e+01 3.682678320825434337e-01
1.216216216216216317e+01 4.024523984329794746e-01
1.231231231231231327e+01 4.349260834851900182e-01
1.246246246246246336e+01 4.648124375928032181e-01
1.261261261261261346e+01 4.268803175795861660e-01
1.276276276276276356e+01 2.971151311002001583e-01
1.291291291291291365e+01 3.607941042522658792e-01
1.306306306306306375e+01 3.976134483538684150e-01
1.321321321321321385e+01 3.430663712759939865e-01
1.336336336336336394e+01 3.698177861935969535e-01
1.351351351351351404e+01 3.942365109257268685e-01
1.366366366366366414e+01 4.161512638570854516e-01
1.381381381381381424e+01 4.356737154771373466e-01
1.396396396396396433e+01 3.092696263894222364e-01
1.411411411411411443e+01 3.435591490505070511e-01
1.426426426426426453e+01 4.125539716931961309e-01
1.441441441441441462e+01 3.854617190370177027e-01
1.456456456456456472e+01 3.857271176984444216e-01
1.471471471471471482e+01 4.164104324562685200e-01
1.486486486486486491e+01 4.456348569684302485e-01
1.501501501501501501e+01 4.727482802275458362e-01
1.516516516516516511e+01 3.839786166665208889e-01
1.531531531531531520e+01 3.107215700292239591e-01
1.546546546546546530e+01 3.841055635492182097e-01
1.561561561561561540e+01 3.943027940296172096e-01
1.576576576576576549e+01 3.559262286466462477e-01
1.591591591591591559e+01 3.823861522438354865e-01
1.606606606606606746e+01 4.067675916339673625e-01
1.621621621621621756e+01 4.288885202547763065e-01
1.636636636636636766e+01 4.134839801526853931e-01
1.651651651651651775e+01 3.011686495109697770e-01
1.666666666666666785e+01 3.649262507112593368e-01
1.681681681681681795e+01 4.151742121691715526e-01
1.696696696696696804e+01 3.633866947674064263e-01
1.711711711711711814e+01 3.926681103731324840e-01
1.726726726726726824e+01 4.216855844426752875e-01
1.741741741741741833e+01 4.492002135871666635e-01
1.756756756756756843e+01 4.747140802702315976e-01
1.771771771771771853e+01 3.427117971009334130e-01
1.786786786786786863e+01 3.270880538259035020e-01
1.801801801801801872e+01 3.959366964484515306e-01
1.816816816816816882e+01 3.792149964193041178e-01
1.831831831831831892e+01 3.643306673502168525e-01
1.846846846846846901e+01 3.907257485111849671e-01
1.861861861861861911e+01 4.151922440640432033e-01
1.876876876876876921e+01 4.374661770025775609e-01
1.891891891891891930e+01 3.752467588832796852e-01
1.906906906906906940e+01 3.038037923954216568e-01
1.921921921921921950e+01 3.817816560263474490e-01
1.936936936936936959e+01 4.078642704856905166e-01
1.951951951951951969e+01 3.679119161087931467e-01
1.966966966966966979e+01 3.966254180787814887e-01
1.981981981981981988e+01 4.248128823292625644e-01
1.996996996996996998e+01 4.514066015829493184e-01
2.012012012012012008e+01 4.577197647924594048e-01
2.027027027027027017e+01 3.124339062201104134e-01
2.042042042042042027e+01 3.467805612789647274e-01
2.057057057057057037e+01 4.010619331579039493e-01
2.072072072072072046e+01 3.562524802910558841e-01
2.087087087087087056e+01 3.719348665550611388e-01
2.102102102102102066e+01 3.982147296579556239e-01
2.117117117117117076e+01 4.226918066517319494e-01
2.132132132132132085e+01 4.450506185883585930e-01
2.147147147147147095e+01 3.387449063595905363e-01
2.162162162162162105e+01 3.185601372104985285e-01
2.177177177177177114e+01 3.957268688420255143e-01
2.192192192192192124e+01 3.941721574866445255e-01
2.207207207207207134e+01 3.725961554671879394e-01
2.222222222222222143e+01 4.009683705661652442e-01
2.237237237237237153e+01 4.284407218694056274e-01
2.252252252252252163e+01 4.542575508562837205e-01
2.267267267267267172e+01 4.094847564297428022e-01
2.282282282282282182e+01 3.018637120943414298e-01
2.297297297297297192e+01 3.675626515583387821e-01
2.312312312312312201e+01 4.007700407948567300e-01
2.327327327327327211e+01 3.525074793563826026e-01
2.342342342342342221e+01 3.798395279968541649e-01
2.357357357357357230e+01 4.059423282393262444e-01
2.372372372372372240e+01 4.302082572841220975e-01
2.387387387387387250e+01 4.524157612670945960e-01
2.402402402402402259e+01 3.114858754530938634e-01
2.417417417417417624e+01 3.397033324718959912e-01
2.432432432432432634e+01 4.047759309031412345e-01
2.447447447447447644e+01 3.745766784244559666e-01
2.462462462462462653e+01 3.781774426066475958e-01
2.477477477477477663e+01 4.063175233943468467e-01
2.492492492492492673e+01 4.331096826666649413e-01
2.507507507507507682e+01 4.580710341648927542e-01
2.522522522522522692e+01 3.649304714377820669e-01
2.537537537537537702e+01 3.097478916110632530e-01
2.552552552552552712e+01 3.850170434948332332e-01
2.567567567567567721e+01 3.930296608233783129e-01
2.582582582582582731e+01 3.604139167864645055e-01
2.597597597597597741e+01 3.878556129978432687e-01
2.612612612612612750e+01 4.138208004698844533e-01
2.627627627627627760e+01 4.378027118554732589e-01
2.642642642642642770e+01 4.143659412394284924e-01
2.657657657657657779e+01 2.990483766333322802e-01
2.672672672672672789e+01 3.612346082363676603e-01
2.687687687687687799e+01 4.062754747434157987e-01
2.702702702702702808e+01 3.560444433300960498e-01
2.717717717717717818e+01 3.843449004981468464e-01
2.732732732732732828e+01 4.121767883307075886e-01
2.747747747747747837e+01 4.384004376331904207e-01
2.762762762762762847e+01 4.625759322731580192e-01
2.777777777777777857e+01 3.276995407547397821e-01
2.792792792792792866e+01 3.282894413091295149e-01
2.807807807807807876e+01 3.969795547757016263e-01
2.822822822822822886e+01 3.769894090674116849e-01
2.837837837837837895e+01 3.684276692871295555e-01
2.852852852852852905e+01 3.957068487887446806e-01
2.867867867867867915e+01 4.214474619030673108e-01
2.882882882882882924e+01 4.451632906410096790e-01
2.897897897897897934e+01 3.730456656059925602e-01
2.912912912912912944e+01 3.038203371480206472e-01
2.927927927927927954e+01 3.807533886824185365e-01
2.942942942942942963e+01 4.006735053112573386e-01
2.957957957957957973e+01 3.627695786184282345e-01
2.972972972972972983e+01 3.909265088506335140e-01
2.987987987987987992e+01 4.182226423054642428e-01
3.003003003003003002e+01 4.438396738393435292e-01
3.018018018018018012e+01 4.406358516397267389e-01
3.033033033033033021e+01 3.050605731555345868e-01
3.048048048048048031e+01 3.509309037797227471e-01
3.063063063063063041e+01 4.032596490979076798e-01
3.078078078078078050e+01 3.542771361116752171e-01
3.093093093093093060e+01 3.764594202989570704e-01
3.108108108108108070e+01 4.034228433776110845e-01
3.123123123123123079e+01 4.287423591612383178e-01
3.138138138138138089e+01 4.520728844418325787e-01
3.153153153153153099e+01 3.363993956027451770e-01
3.168168168168168108e+01 3.210056234193759406e-01
3.183183183183183118e+01 3.959060914800393016e-01
3.198198198198198128e+01 3.884110658640232971e-01
3.213213213213213493e+01 3.697314316037992321e-01
3.228228228228228147e+01 3.977252393036670441e-01
3.243243243243243512e+01 4.244278332058933900e-01
3.258258258258258167e+01 4.493247266004936069e-01
3.273273273273273531e+01 3.964274877110086637e-01
3.288288288288288186e+01 3.011526288371213500e-01
3.303303303303303551e+01 3.719983597850175516e-01
3.318318318318318205e+01 4.020491551019421128e-01
3.333333333333333570e+01 3.563742414878527942e-01
3.348348348348348225e+01 3.842285686987975124e-01
3.363363363363363590e+01 4.109422079581237508e-01
3.378378378378378244e+01 4.358093306404027811e-01
3.393393393393393609e+01 4.529491267765925477e-01
3.408408408408408263e+01 3.098188129758225884e-01
3.423423423423423628e+01 3.426045271815929549e-01
3.438438438438438283e+01 4.038283129933565863e-01
3.453453453453453648e+01 3.680180035987115628e-01
3.468468468468468302e+01 3.766447760717666626e-01
3.483483483483483667e+01 4.044337867831623301e-01
3.498498498498498321e+01 4.306594606296300642e-01
3.513513513513513686e+01 4.548829939908742293e-01
3.528528528528528341e+01 3.545958788339736989e-01
3.543543543543543706e+01 3.125528635437379577e-01
3.558558558558558360e+01 3.884258797494379301e-01
3.573573573573573725e+01 3.920828330399345751e-01
3.588588588588588379e+01 3.639544467542791817e-01
3.603603603603603744e+01 3.916911027860942585e-01
3.618618618618618399e+01 4.181279210352064069e-01
3.633633633633633764e+01 4.426229541342553975e-01
3.648648648648648418e+01 4.100522486335670402e-01
3.663663663663663783e+01 2.993276767720672860e-01
3.678678678678678438e+01 3.643764267519283839e-01
3.693693693693693803e+01 4.044648272383125076e-01
3.708708708708708457e+01 3.556217813092630853e-01
3.723723723723723822e+01 3.836435455782095105e-01
3.738738738738738476e+01 4.110126625990141447e-01
3.753753753753753841e+01 4.367489787228892029e-01
3.768768768768768496e+01 4.604049877692228954e-01
3.783783783783783861e+01 3.210044537341285587e-01
3.798798798798798515e+01 3.329368018927130191e-01
3.813813813813813880e+01 3.998838687579940321e-01
3.828828828828828534e+01 3.748910330072591779e-01
3.843843843843843899e+01 3.716204962533602441e-01
3.858858858858859264e+01 3.990500471009941208e-01
3.873873873873873919e+01 4.250293839475721702e-01
3.888888888888889284e+01 4.490887714580130141e-01
3.903903903903903938e+01 3.682869141550209613e-01
3.918918918918919303e+01 3.065051976799901268e-01
3.933933933933933957e+01 3.836705064065566440e-01
3.948948948948949322e+01 3.985640826569782358e-01
3.963963963963963977e+01 3.628038737292178517e-01
3.978978978978979342e+01 3.907647332110472105e-01
3.993993993993993996e+01 4.176147149430209371e-01
4.009009009009009361e+01 4.427267967916729274e-01
4.024024024024024015e+01 4.308643011943620871e-01
4.039039039039039380e+01 3.026455284202232421e-01
4.054054054054054035e+01 3.554625539022971958e-01
4.069069069069069400e+01 4.047772080019667040e-01
4.084084084084084054e+01 3.512269016165161517e-01
4.099099099099099419e+01 3.791747239334997688e-01
4.114114114114114074e+01 4.063462035468348166e-01
4.129129129129129439e+01 4.318172861622834868e-01
4.144144144144144093e+01 4.552995649277793988e-01
4.159159159159159458e+01 3.320368684777479928e-01
4.174174174174174112e+01 3.243720535587569787e-01
4.189189189189189477e+01 3.971080040726450155e-01
4.204204204204204132e+01 3.846795115943197896e-01
4.219219219219219497e+01 3.699105068173098032e-01
4.234234234234234151e+01 3.977816188190117508e-01
4.249249249249249516e+01 4.242118569162198205e-01
4.264264264264264170e+01 4.487064721525097499e-01
4.279279279279279535e+01 3.872689031265583726e-01
4.294294294294294190e+01 3.019518852284933663e-01
4.309309309309309555e+01 3.753579526032544411e-01
4.324324324324324209e+01 4.011410839351376434e-01
4.339339339339339574e+01 3.585495182952994631e-01
4.354354354354354228e+01 3.865025850381822448e-01
4.369369369369369593e+01 4.134127212788019645e-01
4.384384384384384248e+01 4.384703848321044317e-01
4.399399399399399613e+01 4.467789706835549879e-01
4.414414414414414267e+01 3.070099139664432264e-01
4.429429429429429632e+01 3.462089778603799073e-01
4.444444444444444287e+01 4.036272543086525944e-01
4.459459459459459651e+01 3.624624095497145371e-01
4.474474474474474306e+01 3.770627048437442674e-01
4.489489489489489671e+01 4.046214737627321090e-01
4.504504504504504325e+01 4.306353198812143401e-01
4.519519519519519690e+01 4.546163556574167042e-01
4.534534534534534345e+01 3.468727215691377874e-01
4.549549549549549710e+01 3.158722727827562582e-01
4.564564564564564364e+01 3.913695451005680948e-01
4.579579579579579729e+01 3.899100787316846506e-01
4.594594594594594383e+01 3.660435572338793797e-01
4.609609609609609748e+01 3.937565721113437389e-01
4.624624624624624403e+01 4.202278181027611637e-01
4.639639639639639768e+01 4.448472107439874756e-01
4.654654654654654422e+01 4.034094958972307410e-01
4.669669669669669787e+01 2.997786226508104557e-01
4.684684684684684441e+01 3.681714729239180528e-01
4.699699699699699806e+01 4.039050723916808860e-01
4.714714714714714461e+01 3.563910212438110015e-01
4.729729729729729826e+01 3.843382790701119767e-01
4.744744744744744480e+01 4.114372835640381365e-01
4.759759759759759845e+01 4.368886148129847991e-01
4.774774774774774500e+01 4.603164607696185184e-01
4.789789789789789864e+01 3.162537111908168552e-01
4.804804804804804519e+01 3.372192264987978749e-01
4.819819819819819884e+01 4.019808029898262469e-01
4.834834834834835249e+01 3.720294121443051272e-01
4.849849849849849903e+01 3.735265904890004984e-01
4.864864864864865268e+01 4.010121137117792500e-01
4.879879879879879923e+01 4.269601737029304345e-01
4.894894894894895288e+01 4.509980019846241417e-01
4.909909909909909942e+01 3.620816204120652082e-01
4.924924924924925307e+01 3.091195452417498934e-01
4.939939939939939961e+01 3.862212539958280177e-01
4.954954954954955326e+01 3.966114805127901599e-01
4.969969969969969981e+01 3.635840301094263594e-01
4.984984984984985346e+01 3.915538837798660521e-01
5.000000000000000000e+01 4.182652546157369366e-01
5.015015015015015365e+01 4.431219110545084328e-01
5.030030030030030019e+01 4.225552290578311609e-01
5.045045045045045384e+01 3.009465520939202388e-01
5.060060060060060039e+01 3.590829361267385278e-01
5.075075075075075404e+01 4.046714977925556234e-01
5.090090090090090058e+01 3.528114662213863717e-01
5.105105105105105423e+01 3.808255100451594655e-01
5.120120120120120077e+01 4.080957785405486260e-01
5.135135135135135442e+01 4.336161201390177911e-01
5.150150150150150097e+01 4.570622568522839657e-01
5.165165165165165462e+01 3.267234858186347513e-01
5.180180180180180116e+01 3.278438281643852870e-01
5.195195195195195481e+01 3.981477484008822398e-01
5.210210210210210136e+01 3.806099720360132110e-01
5.225225225225225500e+01 3.707970116735241906e-01
5.240240240240240155e+01 3.985620148921635852e-01
5.255255255255255520e+01 4.249085318145301438e-01
5.270270270270270174e+01 4.492752141550987455e-01
5.285285285285285539e+01 3.791007172693262595e-01
5.300300300300300194e+01 3.034057102703265341e-01
5.315315315315315559e+01 3.786592011936134594e-01
5.330330330330330213e+01 3.995726991620002777e-01
5.345345345345345578e+01 3.601848332313495882e-01
5.360360360360360232e+01 3.880630194553184587e-01
5.375375375375375597e+01 4.149400923695660826e-01
5.390390390390390252e+01 4.400373620242013506e-01
5.405405405405405617e+01 4.393591152494608632e-01
5.420420420420420271e+01 3.045439845243417265e-01
5.435435435435435636e+01 3.503793042220293974e-01
5.450450450450450290e+01 4.042628926207670892e-01
5.465465465465465655e+01 3.575701900394147037e-01
5.480480480480480310e+01 3.781484222054566913e-01
5.495495495495495675e+01 4.055129169933782141e-01
5.510510510510510329e+01 4.313444050531578533e-01
5.525525525525525694e+01 4.552039135913130141e-01
5.540540540540540349e+01 3.404379649412205833e-01
5.555555555555555713e+01 3.195669555349045510e-01
5.570570570570570368e+01 3.942558694450853940e-01
5.585585585585585733e+01 3.878086014953662231e-01
5.600600600600600387e+01 3.676404239246039429e-01
5.615615615615615752e+01 3.953469462622424269e-01
5.630630630630630407e+01 4.217097960041760740e-01
5.645645645645645772e+01 4.462416236328714536e-01
5.660660660660660426e+01 3.963458860341957934e-01
5.675675675675675791e+01 3.006111537175619741e-01
5.690690690690690445e+01 3.717059617386686554e-01
5.705705705705705810e+01 4.034419203511461771e-01
5.720720720720720465e+01 3.574645709857118825e-01
5.735735735735735830e+01 3.854802776264910635e-01
5.750750750750750484e+01 4.124844673040264365e-01
5.765765765765765849e+01 4.377336721113877505e-01
5.780780780780781214e+01 4.579860454324760077e-01
5.795795795795795868e+01 3.121542692029015131e-01
5.810810810810811233e+01 3.410330843151712088e-01
5.825825825825825888e+01 4.029584703073103014e-01
5.840840840840841253e+01 3.683148175970282212e-01
5.855855855855855907e+01 3.749446473410649738e-01
5.870870870870871272e+01 4.024997107698465859e-01
5.885885885885885926e+01 4.284324328776616397e-01
5.900900900900901291e+01 4.523665346712301694e-01
5.915915915915915946e+01 3.553313410174716580e-01
5.930930930930931311e+01 3.117400635651232377e-01
5.945945945945945965e+01 3.882866187992734530e-01
5.960960960960961330e+01 3.939058913197159284e-01
5.975975975975975985e+01 3.646689967776685082e-01
5.990990990990991349e+01 3.926003670924287925e-01
6.006006006006006004e+01 4.192833238522645778e-01
6.021021021021021369e+01 4.440507345946416162e-01
6.036036036036036023e+01 4.143537452372495489e-01
6.051051051051051388e+01 2.998369064080896318e-01
6.066066066066066043e+01 3.627089033913067917e-01
6.081081081081081408e+01 4.039748132791448065e-01
6.096096096096096062e+01 3.542599375824957431e-01
6.111111111111111427e+01 3.821955462203970866e-01
6.126126126126126081e+01 4.094216048024686971e-01
6.141141141141141446e+01 4.349535335332995190e-01
6.156156156156156101e+01 4.583812453534160114e-01
6.171171171171171466e+01 3.216612350089518291e-01
6.186186186186186120e+01 3.317968281826598753e-01
6.201201201201201485e+01 3.997212293778715231e-01
6.216216216216216139e+01 3.767170942584138760e-01
6.231231231231231504e+01 3.720353225311671119e-01
6.246246246246246159e+01 3.996399222272420393e-01
6.261261261261261524e+01 4.258556740889734016e-01
6.276276276276276178e+01 4.501512797023767276e-01
6.291291291291291543e+01 3.716253197537714992e-01
6.306306306306306197e+01 3.056649943919731438e-01
6.321321321321321562e+01 3.822225027676064979e-01
6.336336336336336217e+01 3.983782067830389240e-01
6.351351351351351582e+01 3.616657832463052724e-01
6.366366366366366236e+01 3.895107103845051322e-01
6.381381381381381601e+01 4.162494921742310727e-01
6.396396396396396256e+01 4.412429249229149475e-01
6.411411411411411621e+01 4.320371153393409713e-01
6.426426426426426985e+01 3.027843255442028703e-01
6.441441441441440929e+01 3.544803472377712761e-01
6.456456456456456294e+01 4.050629212440988725e-01
6.471471471471471659e+01 3.531573291791904601e-01
6.486486486486487024e+01 3.794193353085840714e-01
6.501501501501500968e+01 4.067027383162736820e-01
6.516516516516516333e+01 4.323540785628092742e-01
6.531531531531531698e+01 4.560467961824944405e-01
6.546546546546547063e+01 3.345274328668063624e-01
6.561561561561561007e+01 3.231389934151075449e-01
6.576576576576576372e+01 3.963341727612498810e-01
6.591591591591591737e+01 3.852599955164163759e-01
6.606606606606607102e+01 3.689712504245532543e-01
6.621621621621621046e+01 3.967423226754024923e-01
6.636636636636636410e+01 4.230542583861607309e-01
6.651651651651651775e+01 4.474488963782315976e-01
6.666666666666667140e+01 3.889731449915344030e-01
6.681681681681681084e+01 3.015262138759020050e-01
6.696696696696696449e+01 3.746341588002375933e-01
6.711711711711711814e+01 4.020624123620472057e-01
6.726726726726727179e+01 3.585991117094343150e-01
6.741741741741742544e+01 3.866345420211736439e-01
6.756756756756756488e+01 4.136437083616575361e-01
6.771771771771771853e+01 4.388168407774997726e-01
6.786786786786787218e+01 4.501459145643900150e-01
6.801801801801802583e+01 3.083663848556800757e-01
6.816816816816816527e+01 3.447757506176463704e-01
6.831831831831831892e+01 4.032437648928283158e-01
6.846846846846847257e+01 3.636593081132384331e-01
6.861861861861862621e+01 3.762244494213894952e-01
6.876876876876876565e+01 4.037492114222064887e-01
6.891891891891891930e+01 4.296864927764493247e-01
6.906906906906907295e+01 4.535758252072635277e-01
6.921921921921922660e+01 3.484963082110688060e-01
6.936936936936936604e+01 3.148038610161855710e-01
6.951951951951951969e+01 3.906620834189081792e-01
6.966966966966967334e+01 3.909983468068429224e-01
6.981981981981982699e+01 3.659068595072982877e-01
6.996996996996996643e+01 3.937205291649494843e-01
7.012012012012012008e+01 4.203237613292435948e-01
7.027027027027027373e+01 4.450603079764527958e-01
7.042042042042042738e+01 4.063538713202977659e-01
7.057057057057056682e+01 2.996927609525494307e-01
7.072072072072072046e+01 3.667542898098112292e-01
7.087087087087087411e+01 4.037100163989390533e-01
7.102102102102102776e+01 3.556702049397207355e-01
7.117117117117116720e+01 3.835652584474435467e-01
7.132132132132132085e+01 4.106449814920984376e-01
7.147147147147147450e+01 4.360754146210151783e-01
7.162162162162162815e+01 4.594599169476255018e-01
7.177177177177176759e+01 3.172999783730375833e-01
7.192192192192192124e+01 3.360301577991382516e-01
7.207207207207207489e+01 4.016422403119538909e-01
7.222222222222222854e+01 3.733236718730378323e-01
7.237237237237236798e+01 3.733628093238849366e-01
7.252252252252252163e+01 4.008969713038032512e-01
7.267267267267267528e+01 4.269500423589819849e-01
7.282282282282282893e+01 4.511114516233794558e-01
7.297297297297296836e+01 3.646304480271835291e-01
7.312312312312312201e+01 3.082837924885871717e-01
7.327327327327327566e+01 3.853217689851434202e-01
7.342342342342342931e+01 3.970646641947882527e-01
7.357357357357356875e+01 3.629741176289046356e-01
7.372372372372372240e+01 3.908883373775852710e-01
7.387387387387387605e+01 4.175521653637512265e-01
7.402402402402402970e+01 4.423891738013633335e-01
7.417417417417416914e+01 4.246428491800784966e-01
7.432432432432432279e+01 3.013057644714983718e-01
7.447447447447447644e+01 3.580942783187644474e-01
7.462462462462463009e+01 4.050275579783083613e-01
7.477477477477476953e+01 3.526110206854878859e-01
7.492492492492492318e+01 3.806584347430118087e-01
7.507507507507507682e+01 4.079656441139259959e-01
7.522522522522523047e+01 4.335387450546534516e-01
7.537537537537536991e+01 4.570693704432292059e-01
7.552552552552552356e+01 3.287264480685341828e-01
7.567567567567567721e+01 3.266398743200970012e-01
7.582582582582583086e+01 3.976518445463919638e-01
7.597597597597597030e+01 3.817289074104907032e-01
7.612612612612612395e+01 3.702194322472731614e-01
7.627627627627627760e+01 3.979854247432333958e-01
7.642642642642643125e+01 4.243013876545180252e-01
7.657657657657657069e+01 4.486315383564012937e-01
7.672672672672672434e+01 3.813083085489515356e-01
7.687687687687687799e+01 3.028319012519628539e-01
7.702702702702703164e+01 3.776615827623535648e-01
7.717717717717718529e+01 4.002125787123790857e-01
7.732732732732732472e+01 3.598844458481364472e-01
7.747747747747747837e+01 3.878227350522005512e-01
7.762762762762763202e+01 4.147764280912467627e-01
7.777777777777778567e+01 4.399306347213831625e-01
7.792792792792792511e+01 4.421102124890769480e-01
7.807807807807807876e+01 3.053678868504098309e-01
7.822822822822823241e+01 3.489504125383746658e-01
7.837837837837838606e+01 4.038766009668960377e-01
7.852852852852852550e+01 3.588879472803033766e-01
7.867867867867867915e+01 3.775739098311002295e-01
7.882882882882883280e+01 4.049570708777712191e-01
7.897897897897898645e+01 4.308065271322838452e-01
7.912912912912912589e+01 4.546598197564489241e-01
7.927927927927927954e+01 3.422097261970044046e-01
7.942942942942943318e+01 3.184118407307013898e-01
7.957957957957958683e+01 3.934736796454517682e-01
7.972972972972972627e+01 3.886127698589160739e-01
7.987987987987987992e+01 3.673231264955859610e-01
8.003003003003003357e+01 3.950471735066162227e-01
8.018018018018018722e+01 4.214808257582674522e-01
8.033033033033032666e+01 4.460946546373755761e-01
8.048048048048048031e+01 3.988424081143919775e-01
8.063063063063063396e+01 3.003584381677729676e-01
8.078078078078078761e+01 3.705980347903317651e-01
8.093093093093092705e+01 4.035726024512338861e-01
8.108108108108108070e+01 3.569692734726162553e-01
8.123123123123123435e+01 3.849451178784372152e-01
8.138138138138138800e+01 4.119374412931327556e-01
8.153153153153152743e+01 4.372085293476973833e-01
8.168168168168168108e+01 4.601432769266673994e-01
8.183183183183183473e+01 3.133332369547706664e-01
8.198198198198198838e+01 3.399012837238324369e-01
8.213213213213212782e+01 4.028456672381662274e-01
8.228228228228228147e+01 3.697232034280812374e-01
8.243243243243243512e+01 3.746327173600544347e-01
8.258258258258258877e+01 4.021935889543979403e-01
8.273273273273272821e+01 4.281530126771527778e-01
8.288288288288288186e+01 4.521470810720146227e-01
8.303303303303303551e+01 3.576560543378588530e-01
8.318318318318318916e+01 3.108826537599054252e-01
8.333333333333332860e+01 3.875970125854270032e-01
8.348348348348348225e+01 3.947662403184862279e-01
8.363363363363363590e+01 3.641896918076086842e-01
8.378378378378378954e+01 3.921349239181823876e-01
8.393393393393392898e+01 4.188086617458948724e-01
8.408408408408408263e+01 4.435690054135322247e-01
8.423423423423423628e+01 4.168092177277860078e-01
8.438438438438438993e+01 3.000693313801615636e-01
8.453453453453452937e+01 3.615571346407907560e-01
8.468468468468468302e+01 4.042492550876746749e-01
8.483483483483483667e+01 3.538885442282074800e-01
8.498498498498499032e+01 3.818644186942617424e-01
8.513513513513512976e+01 4.091375537252845973e-01
8.528528528528528341e+01 4.346949887335235796e-01
8.543543543543543706e+01 4.581467354891118338e-01
8.558558558558559071e+01 3.232916175920488300e-01
8.573573573573573015e+01 3.304779085884699819e-01
8.588588588588588379e+01 3.991127840594075327e-01
8.603603603603603744e+01 3.778369660886609638e-01
8.618618618618619109e+01 3.715429809478225653e-01
8.633633633633633053e+01 3.991857443777019343e-01
8.648648648648648418e+01 4.254364058394697889e-01
8.663663663663663783e+01 4.497410662114048607e-01
8.678678678678679148e+01 3.738495843670902596e-01
8.693693693693694513e+01 3.048798562607130114e-01
8.708708708708708457e+01 3.811332869806873247e-01
8.723723723723723822e+01 3.987807936954103627e-01
8.738738738738739187e+01 3.612823030749685582e-01
8.753753753753754552e+01 3.891322240758944284e-01
8.768768768768768496e+01 4.159274543499640875e-01
8.783783783783783861e+01 4.409812846457357716e-01
8.798798798798799226e+01 4.344766674159876718e-01
8.813813813813814591e+01 3.033420833816727891e-01
8.828828828828828534e+01 3.532044666451431003e-01
8.843843843843843899e+01 4.048319262390566720e-01
8.858858858858859264e+01 3.545184714537483739e-01
8.873873873873874629e+01 3.789575363623362558e-01
8.888888888888888573e+01 4.062403392196283214e-01
8.903903903903903938e+01 4.319288721480333271e-01
8.918918918918919303e+01 4.556655151326744480e-01
8.933933933933934668e+01 3.363472627543955262e-01
8.948948948948948612e+01 3.220353092933639361e-01
8.963963963963963977e+01 3.958134804423386610e-01
8.978978978978979342e+01 3.862248004893864550e-01
8.993993993993994707e+01 3.686170520383867388e-01
9.009009009009008651e+01 3.963749811216054075e-01
9.024024024024024015e+01 4.227033150513345716e-01
9.039039039039039380e+01 4.471491563284045734e-01
9.054054054054054745e+01 3.914423504253625730e-01
9.069069069069068689e+01 3.012277989894355801e-01
9.084084084084084054e+01 3.737156569799334194e-01
9.099099099099099419e+01 4.025765132510066846e-01
9.114114114114114784e+01 3.581638733125197538e-01
9.129129129129128728e+01 3.862069132079927192e-01
9.144144144144144093e+01 4.132098485980237879e-01
9.159159159159159458e+01 4.383882549469841905e-01
9.174174174174174823e+01 4.526280232582077789e-01
9.189189189189188767e+01 3.094843819243751626e-01
9.204204204204204132e+01 3.435632299621904640e-01
9.219219219219219497e+01 4.031856028404721681e-01
9.234234234234234862e+01 3.652410710599420240e-01
9.249249249249248805e+01 3.758526749144209256e-01
9.264264264264264170e+01 4.034082175791938174e-01
9.279279279279279535e+01 4.293563501661689097e-01
9.294294294294294900e+01 4.532614001389395630e-01
9.309309309309308844e+01 3.506887848316267986e-01
9.324324324324324209e+01 3.137649383975004702e-01
9.339339339339339574e+01 3.898266368614231592e-01
9.354354354354354939e+01 3.918618535628818345e-01
9.369369369369368883e+01 3.654819633694965653e-01
9.384384384384384248e+01 3.933284138564875354e-01
9.399399399399399613e+01 4.199592770618819082e-01
9.414414414414414978e+01 4.446999660387069842e-01
9.429429429429428922e+01 4.088314003002662678e-01
9.444444444444444287e+01 2.996284554570926573e-01
9.459459459459459651e+01 3.654484395564431831e-01
9.474474474474475016e+01 4.037556129661371562e-01
9.489489489489488960e+01 3.552640217014354507e-01
9.504504504504504325e+01 3.831594388277775320e-01
9.519519519519519690e+01 4.102915626210389410e-01
9.534534534534535055e+01 4.357726464988513904e-01
9.549549549549548999e+01 4.591859428649776032e-01
9.564564564564564364e+01 3.186608839313488928e-01
9.579579579579579729e+01 3.346710239670120934e-01
9.594594594594595094e+01 4.010374358985287491e-01
9.609609609609609038e+01 3.743735157567678606e-01
9.624624624624624403e+01 3.729253424710142761e-01
9.639639639639639768e+01 4.004602276720929388e-01
9.654654654654655133e+01 4.265545203433366850e-01
9.669669669669670498e+01 4.507596669493999508e-01
9.684684684684684441e+01 3.668174688289607133e-01
9.699699699699699806e+01 3.074392271435691937e-01
9.714714714714715171e+01 3.844307786547326855e-01
9.729729729729730536e+01 3.975793999996796169e-01
9.744744744744744480e+01 3.625867114020117632e-01
9.759759759759759845e+01 3.904785329756330081e-01
9.774774774774775210e+01 4.171594615452273169e-01
9.789789789789790575e+01 4.420489611446397626e-01
9.804804804804804519e+01 4.270967076997231882e-01
9.819819819819819884e+01 3.017736072825821791e-01
9.834834834834835249e+01 3.569653159854330182e-01
9.849849849849850614e+01 4.051382718388539805e-01
9.864864864864864558e+01 3.521954029253864249e-01
9.879879879879879923e+01 3.802342385061887042e-01
9.894894894894895288e+01 4.075300018816900294e-01
9.909909909909910652e+01 4.331131051130583387e-01
9.924924924924924596e+01 4.566851092206299922e-01
9.939939939939939961e+01 3.305375872785826230e-01
9.954954954954955326e+01 3.255010346169713853e-01
9.969969969969970691e+01 3.972704782505971921e-01
9.984984984984984635e+01 3.829618100358925803e-01
1.000000000000000000e+02 3.698272731788594947e-01
1.001501501501501536e+02 3.976138070158917182e-01
1.003003003003003073e+02 4.239348703444394961e-01
1.004504504504504467e+02 4.482814267595112145e-01
1.006006006006006004e+02 3.837856578757510850e-01
1.007507507507507540e+02 3.023442817295556861e-01
1.009009009009009077e+02 3.766352538948933848e-01
1.010510510510510471e+02 4.007764574022453230e-01
1.012012012012012008e+02 3.594451107622685937e-01
1.013513513513513544e+02 3.874189443701204771e-01
1.015015015015015081e+02 4.143996461519521279e-01
1.016516516516516475e+02 4.395584416726862065e-01
1.018018018018018012e+02 4.446440741438572597e-01
1.019519519519519548e+02 3.062127715870567313e-01
1.021021021021021085e+02 3.475746953127004657e-01
1.022522522522522479e+02 4.036139154357903935e-01
1.024024024024024015e+02 3.603888950799850610e-01
1.025525525525525552e+02 3.771441596080200021e-01
1.027027027027027088e+02 4.045799296871127049e-01
1.028528528528528483e+02 4.304740206053925267e-01
1.030030030030030019e+02 4.543488230509314385e-01
1.031531531531531556e+02 3.441720961949325530e-01
1.033033033033033092e+02 3.172182224811300744e-01
1.034534534534534487e+02 3.925661566121673718e-01
1.036036036036036023e+02 3.893234424293828821e-01
1.037537537537537560e+02 3.668607250271260778e-01
1.039039039039039096e+02 3.945978895535788289e-01
1.040540540540540491e+02 4.210835406103100587e-01
1.042042042042042027e+02 4.457442864824580631e-01
1.043543543543543564e+02 4.012118985607522892e-01
1.045045045045045100e+02 3.001020118596153807e-01
1.046546546546546494e+02 3.694375095525421759e-01
1.048048048048048031e+02 4.036758812543723707e-01
1.049549549549549567e+02 3.565811200585801144e-01
1.051051051051051104e+02 3.845232592236708102e-01
1.052552552552552498e+02 4.115311739008090108e-01
1.054054054054054035e+02 4.368525401093427685e-01
1.055555555555555571e+02 4.601584168254578833e-01
1.057057057057057108e+02 3.145978660750201605e-01
1.058558558558558644e+02 3.387015222872371001e-01
1.060060060060060039e+02 4.025723178037607375e-01
1.061561561561561575e+02 3.709594358310256967e-01
1.063063063063063112e+02 3.742421902758460983e-01
1.064564564564564648e+02 4.017857182274993111e-01
1.066066066066066043e+02 4.277587301396214015e-01
1.067567567567567579e+02 4.517983552121361823e-01
1.069069069069069116e+02 3.598987998846565062e-01
1.070570570570570652e+02 3.100416177785800809e-01
1.072072072072072046e+02 3.869196633319874068e-01
1.073573573573573583e+02 3.956153270441163383e-01
1.075075075075075119e+02 3.638037152225579995e-01
1.076576576576576656e+02 3.917541149326099204e-01
1.078078078078078050e+02 4.184247953323367852e-01
1.079579579579579587e+02 4.432006998208521953e-01
1.081081081081081123e+02 4.193802256082598823e-01
1.082582582582582660e+02 3.004052067030269502e-01
1.084084084084084054e+02 3.604027175083823198e-01
1.085585585585585591e+02 4.045064386286153502e-01
1.087087087087087127e+02 3.534532414002291012e-01
1.088588588588588664e+02 3.814617246626014202e-01
1.090090090090090058e+02 4.087582327735262977e-01
1.091591591591591595e+02 4.343204437411199437e-01
1.093093093093093131e+02 4.577868041498466267e-01
1.094594594594594668e+02 3.249457854724361883e-01
1.096096096096096062e+02 3.291894784796456919e-01
1.097597597597597598e+02 3.985795455221202155e-01
1.099099099099099135e+02 3.790596059295667231e-01
1.100600600600600671e+02 3.711008718952500951e-01
1.102102102102102066e+02 3.987930454314023709e-01
1.103603603603603602e+02 4.250807365344728139e-01
1.105105105105105139e+02 4.494002607081147849e-01
1.106606606606606675e+02 3.761884691593969654e-01
1.108108108108108070e+02 3.041386308879149292e-01
1.109609609609609606e+02 3.799917980997161715e-01
1.111111111111111143e+02 3.991695375033885163e-01
1.112612612612612679e+02 3.608294778215186960e-01
1.114114114114114074e+02 3.886941617943928673e-01
1.115615615615615610e+02 4.155420512050905790e-01
1.117117117117117147e+02 4.406378267414197136e-01
1.118618618618618683e+02 4.368543461233602154e-01
1.120120120120120077e+02 3.039074144704185243e-01
1.121621621621621614e+02 3.518812859306333918e-01
1.123123123123123150e+02 4.045488152767972023e-01
1.124624624624624687e+02 3.558922588562728473e-01
1.126126126126126081e+02 3.785156137967184420e-01
1.127627627627627618e+02 4.058212955486403262e-01
1.129129129129129154e+02 4.315650999349098793e-01
1.130630630630630691e+02 4.553519379311655735e-01
1.132132132132132085e+02 3.382039527600568807e-01
1.133633633633633622e+02 3.208983333353548351e-01
1.135135135135135158e+02 3.951684273749652698e-01
1.136636636636636695e+02 3.870543128495223528e-01
1.138138138138138089e+02 3.682162945558261624e-01
1.139639639639639626e+02 3.959533752165081966e-01
1.141141141141141162e+02 4.223005365831604685e-01
1.142642642642642699e+02 4.467958607229238210e-01
1.144144144144144093e+02 3.938448584524445462e-01
1.145645645645645629e+02 3.009489048740601191e-01
1.147147147147147166e+02 3.727840937086608353e-01
1.148648648648648702e+02 4.030207677130385191e-01
1.150150150150150097e+02 3.577970172780041702e-01
1.151651651651651633e+02 3.858293961003993466e-01
1.153153153153153170e+02 4.128227472689847688e-01
1.154654654654654706e+02 4.380178325637859582e-01
1.156156156156156243e+02 4.551310550455929804e-01
1.157657657657657637e+02 3.107003662780979392e-01
1.159159159159159174e+02 3.423677747033245233e-01
1.160660660660660710e+02 4.031168416099983332e-01
1.162162162162162247e+02 3.667709973095936160e-01
1.163663663663663641e+02 3.754752579435323701e-01
1.165165165165165178e+02 4.030404454679984427e-01
1.166666666666666714e+02 4.289864493376190913e-01
1.168168168168168251e+02 4.529063284258714739e-01
1.169669669669669645e+02 3.529030596907186124e-01
1.171171171171171181e+02 3.127744813946488067e-01
1.172672672672672718e+02 3.890511121743867040e-01
1.174174174174174254e+02 3.927917089322469635e-01
1.175675675675675649e+02 3.650586585132511996e-01
1.177177177177177185e+02 3.929463072907493637e-01
1.178678678678678722e+02 4.196039649698110607e-01
1.180180180180180258e+02 4.443526831261062071e-01
1.181681681681681653e+02 4.113697226027898113e-01
1.183183183183183189e+02 2.996491345477156898e-01
1.184684684684684726e+02 3.641401672791417243e-01
1.186186186186186262e+02 4.038355648042639134e-01
1.187687687687687657e+02 3.548170364645439889e-01
1.189189189189189193e+02 3.827259277035189311e-01
1.190690690690690730e+02 4.099082314703331176e-01
1.192192192192192266e+02 4.354247167484572856e-01
1.193693693693693660e+02 4.588531564064167734e-01
1.195195195195195197e+02 3.200400074591627231e-01
1.196696696696696733e+02 3.333139828938920801e-01
1.198198198198198270e+02 4.004051688497766159e-01
1.199699699699699664e+02 3.754275973303557445e-01
1.201201201201201201e+02 3.724611290159137167e-01
1.202702702702702737e+02 4.000248131108681271e-01
1.204204204204204274e+02 4.261779863075624286e-01
1.205705705705705668e+02 4.504307334485022074e-01
1.207207207207207205e+02 3.690259970781261667e-01
1.208708708708708741e+02 3.065926193873135808e-01
1.210210210210210278e+02 3.834500474657415170e-01
1.211711711711711672e+02 3.979971157993994479e-01
1.213213213213213209e+02 3.621665051389383883e-01
1.214714714714714745e+02 3.900349481093328130e-01
1.216216216216216282e+02 4.167403702818981981e-01
1.217717717717717676e+02 4.416825405067260624e-01
1.219219219219219212e+02 4.294517462876601410e-01
1.220720720720720749e+02 3.022535395394581603e-01
1.222222222222222285e+02 3.558378974742136824e-01
1.223723723723723680e+02 4.051642478890997157e-01
1.225225225225225216e+02 3.518275903460686971e-01
1.226726726726726753e+02 3.798434366230807324e-01
1.228228228228228289e+02 4.071288645610777190e-01
1.229729729729729684e+02 4.327348185616459730e-01
1.231231231231231220e+02 4.563581062760744267e-01
1.232732732732732757e+02 3.324048166592981080e-01
1.234234234234234293e+02 3.243985859937399407e-01
1.235735735735735688e+02 3.968746432867772400e-01
1.237237237237237224e+02 3.841135736913592336e-01
1.238738738738738761e+02 3.694299925608511836e-01
1.240240240240240297e+02 3.972207672881004625e-01
1.241741741741741691e+02 4.235409720235446263e-01
1.243243243243243228e+02 4.479087051271550268e-01
1.244744744744744764e+02 3.862325242220249755e-01
1.246246246246246301e+02 3.019309466628706806e-01
1.247747747747747695e+02 3.756831793152800580e-01
1.249249249249249232e+02 4.013889930562861696e-01
1.250750750750750768e+02 3.590208015363300920e-01
1.252252252252252305e+02 3.870317180720924122e-01
1.253753753753753841e+02 4.140333916877489973e-01
1.255255255255255236e+02 4.391986214568397440e-01
1.256756756756756772e+02 4.472177207576859548e-01
1.258258258258258309e+02 3.071695101808582518e-01
1.259759759759759845e+02 3.462493419941959361e-01
1.261261261261261239e+02 4.034167070742484817e-01
1.262762762762762776e+02 3.619146896339393571e-01
1.264264264264264312e+02 3.767085957445842070e-01
1.265765765765765849e+02 4.041933797324040456e-01
1.267267267267267243e+02 4.301172232747104140e-01
1.268768768768768780e+02 4.540026467668417109e-01
1.270270270270270316e+02 3.461816148875650478e-01
1.271771771771771853e+02 3.160694929610293191e-01
1.273273273273273247e+02 3.916656820945005335e-01
1.274774774774774784e+02 3.900808815732082491e-01
1.276276276276276320e+02 3.664346352037749499e-01
1.277777777777777857e+02 3.941953812072627183e-01
1.279279279279279251e+02 4.207322868524937531e-01
1.280780780780780788e+02 4.454289565332522072e-01
1.282282282282282324e+02 4.036183375981764465e-01
1.283783783783783861e+02 2.998936666648905902e-01
1.285285285285285397e+02 3.682089006237039275e-01
1.286786786786786934e+02 4.037104153596673406e-01
1.288288288288288186e+02 3.561561362847524559e-01
1.289789789789789722e+02 3.840747097489914386e-01
1.291291291291291259e+02 4.111150702043911420e-01
1.292792792792792795e+02 4.364932107624237556e-01
1.294294294294294332e+02 4.598454784027172781e-01
1.295795795795795868e+02 3.158651547980791952e-01
1.297297297297297405e+02 3.374587883781852149e-01
1.298798798798798941e+02 4.021934769001163645e-01
1.300300300300300194e+02 3.721189358414208614e-01
1.301801801801801730e+02 3.738429310389800864e-01
1.303303303303303267e+02 4.013714263798836557e-01
1.304804804804804803e+02 4.273702892757671457e-01
1.306306306306306340e+02 4.514620754602727826e-01
1.307807807807807876e+02 3.621441708482701083e-01
1.309309309309309413e+02 3.092219467643854136e-01
1.310810810810810949e+02 3.862063331700861246e-01
1.312312312312312201e+02 3.963640859965413821e-01
1.313813813813813738e+02 3.634200930096405657e-01
1.315315315315315274e+02 3.913609094034332103e-01
1.316816816816816811e+02 4.180272222758270595e-01
1.318318318318318347e+02 4.428276228095961442e-01
1.319819819819819884e+02 4.219058344190039223e-01
1.321321321321321420e+02 3.008044153054911796e-01
1.322822822822822957e+02 3.592926923457417376e-01
1.324324324324324209e+02 4.047712577971962489e-01
1.325825825825825746e+02 3.530493989147597267e-01
1.327327327327327282e+02 3.810804084908806511e-01
1.328828828828828819e+02 4.083852453772445212e-01
1.330330330330330355e+02 4.339486520664405100e-01
1.331831831831831892e+02 4.574378062489428687e-01
1.333333333333333428e+02 3.266915278590911687e-01
1.334834834834834965e+02 3.279539774327546731e-01
1.336336336336336217e+02 3.981089599316147143e-01
1.337837837837837753e+02 3.803165943770410728e-01
1.339339339339339290e+02 3.706800970175495036e-01
1.340840840840840826e+02 3.984137780699560927e-01
1.342342342342342363e+02 4.247225697431653013e-01
1.343843843843843899e+02 4.490485539374814428e-01
1.345345345345345436e+02 3.785883066181527368e-01
1.346846846846846972e+02 3.034693624607639473e-01
1.348348348348348509e+02 3.788589943384010339e-01
1.349849849849849761e+02 3.996177379977801647e-01
1.351351351351351298e+02 3.603909125253865198e-01
1.352852852852852834e+02 3.882805865623683017e-01
1.354354354354354371e+02 4.151778748264965402e-01
1.355855855855855907e+02 4.403037543955128919e-01
1.357357357357357444e+02 4.392997128479997349e-01
1.358858858858858980e+02 3.045466864519505434e-01
1.360360360360360517e+02 3.504994766713795395e-01
1.361861861861861769e+02 4.042220053042331340e-01
1.363363363363363305e+02 3.572866633037243278e-01
1.364864864864864842e+02 3.780799655847773555e-01
1.366366366366366378e+02 4.054160629003588090e-01
1.367867867867867915e+02 4.312120866591145352e-01
1.369369369369369451e+02 4.550367851132876007e-01
1.370870870870870988e+02 3.400808877277500808e-01
1.372372372372372524e+02 3.197203765254085228e-01
1.373873873873873777e+02 3.944036891790124733e-01
1.375375375375375313e+02 3.878069265002149768e-01
1.376876876876876850e+02 3.677987060563081556e-01
1.378378378378378386e+02 3.955215901107896892e-01
1.379879879879879923e+02 4.219016369216294082e-01
1.381381381381381459e+02 4.464522457720686566e-01
1.382882882882882996e+02 3.962273626786287362e-01
1.384384384384384532e+02 3.006608704114942521e-01
1.385885885885885784e+02 3.717769068832610380e-01
1.387387387387387321e+02 4.033413384974660620e-01
1.388888888888888857e+02 3.574161521610891290e-01
1.390390390390390394e+02 3.854237279277353823e-01
1.391891891891891930e+02 4.124099534304169201e-01
1.393393393393393467e+02 4.376331999436642861e-01
1.394894894894895003e+02 4.575287549938094056e-01
1.396396396396396540e+02 3.119256682959591909e-01
1.397897897897897792e+02 3.411917794420087913e-01
1.399399399399399329e+02 4.030172421264923144e-01
1.400900900900900865e+02 3.682162770882027591e-01
1.402402402402402402e+02 3.750753993117055818e-01
1.403903903903903938e+02 4.026443520202134252e-01
1.405405405405405475e+02 4.285943902695619756e-01
1.406906906906907011e+02 4.525440507160236048e-01
1.408408408408408548e+02 3.551399642683658042e-01
1.409909909909909800e+02 3.118421802951139576e-01
1.411411411411411336e+02 3.883331057360351890e-01
1.412912912912912873e+02 3.937295549813255580e-01
1.414414414414414409e+02 3.646230204967949029e-01
1.415915915915915946e+02 3.925469064117518281e-01
1.417417417417417482e+02 4.192199722748952695e-01
1.418918918918919019e+02 4.439746275590663038e-01
1.420420420420420555e+02 4.139138164443627033e-01
1.421921921921921808e+02 2.997763153356733379e-01
1.423423423423423344e+02 3.628887721520652199e-01
1.424924924924924881e+02 4.039924219038039110e-01
1.426426426426426417e+02 3.543625771480530817e-01
1.427927927927927954e+02 3.823018592670879290e-01
1.429429429429429490e+02 4.095344327293193309e-01
1.430930930930931027e+02 4.350781229516109128e-01
1.432432432432432563e+02 4.585192259109566737e-01
1.433933933933933815e+02 3.215157219479268802e-01
1.435435435435435352e+02 3.319660362676016274e-01
1.436936936936936888e+02 3.997766579598622805e-01
1.438438438438438425e+02 3.765238927964202342e-01
1.439939939939939961e+02 3.720277720879105465e-01
1.441441441441441498e+02 3.996229395307859256e-01
1.442942942942943034e+02 4.258244454000337242e-01
1.444444444444444571e+02 4.501064714685985013e-01
1.445945945945946107e+02 3.712751429217032162e-01
1.447447447447447360e+02 3.057720440162903230e-01
1.448948948948948896e+02 3.823916050898836239e-01
1.450450450450450433e+02 3.983718994023620619e-01
1.451951951951951969e+02 3.617618741410441596e-01
1.453453453453453506e+02 3.896145221480745158e-01
1.454954954954955042e+02 4.163571833646437237e-01
1.456456456456456579e+02 4.413542061541825268e-01
1.457957957957958115e+02 4.318225639478462385e-01
1.459459459459459367e+02 3.027535010573689789e-01
1.460960960960960904e+02 3.546318401993204250e-01
1.462462462462462440e+02 4.050672828121724134e-01
1.463963963963963977e+02 3.529485860952401577e-01
1.465465465465465513e+02 3.794352536248460361e-01
1.466966966966967050e+02 4.067129089244385654e-01
1.468468468468468586e+02 4.323511621258309678e-01
1.469969969969970123e+02 4.560277200726285396e-01
1.471471471471471375e+02 3.342648262605353859e-01
1.472972972972972912e+02 3.232918242143004162e-01
1.474474474474474448e+02 3.964224838712330778e-01
1.475975975975975985e+02 3.851715479514621343e-01
1.477477477477477521e+02 3.690386613161401042e-01
1.478978978978979058e+02 3.968214327754312487e-01
1.480480480480480594e+02 4.231440410669354280e-01
1.481981981981982130e+02 4.475450317626222807e-01
1.483483483483483383e+02 3.887158813785892009e-01
1.484984984984984919e+02 3.015751355182586524e-01
1.486486486486486456e+02 3.747464343980176360e-01
1.487987987987987992e+02 4.019810533504064032e-01
1.489489489489489529e+02 3.586349067396765178e-01
1.490990990990991065e+02 3.866618163675400455e-01
1.492492492492492602e+02 4.136621533250728899e-01
1.493993993993994138e+02 4.388249090062636970e-01
1.495495495495495391e+02 4.497836115701938642e-01
1.496996996996996927e+02 3.082260884937980117e-01
1.498498498498498464e+02 3.449540051393101825e-01
1.500000000000000000e+02 4.032773777182172004e-01
