0.000000000000000000e+00 5.552709900453236397e-02
1.501501501501501523e-01 2.523005692238439179e-01
3.003003003003003046e-01 3.403529335433566061e-01
4.504504504504504570e-01 4.494284983189604232e-01
6.006006006006006093e-01 6.396785250131412637e-01
7.507507507507507061e-01 7.957537329985855390e-01
9.009009009009009139e-01 8.199367600399012357e-01
1.051051051051051122e+00 7.357302550865330026e-01
1.201201201201201219e+00 6.384944561705812038e-01
1.351351351351351315e+00 5.987448364584637694e-01
1.501501501501501412e+00 6.065043455773758696e-01
1.651651651651651731e+00 5.997411476512282125e-01
1.801801801801801828e+00 5.648718637274702248e-01
1.951951951951951925e+00 5.293260298922315421e-01
2.102102102102102243e+00 4.966246010516293663e-01
2.252252252252252340e+00 4.689307741894279680e-01
2.402402402402402437e+00 4.468976252790494152e-01
2.552552552552552534e+00 4.299191992986419741e-01
2.702702702702702631e+00 4.168036790879698916e-01
2.852852852852852727e+00 4.066011898332133057e-01
3.003003003003002824e+00 3.991363071163942511e-01
3.153153153153153365e+00 3.954143525970112427e-01
3.303303303303303462e+00 5.132984390918708950e-01
3.453453453453453559e+00 6.612101236609659871e-01
3.603603603603603656e+00 7.014721585649748015e-01
3.753753753753753752e+00 6.629869071850043039e-01
3.903903903903903849e+00 6.438898385965643456e-01
4.054054054054054390e+00 6.715318381297595840e-01
4.204204204204204487e+00 7.081009481810495165e-01
4.354354354354354584e+00 7.376556865950022468e-01
4.504504504504504681e+00 7.639443319841171531e-01
4.654654654654654777e+00 8.035702735195549007e-01
4.804804804804804874e+00 8.128292088396757986e-01
4.954954954954954971e+00 7.913971121902440009e-01
5.105105105105105068e+00 7.672768408634906834e-01
5.255255255255255165e+00 7.424981028664331406e-01
5.405405405405405261e+00 7.188131662769934316e-01
5.555555555555555358e+00 6.975414353890304620e-01
5.705705705705705455e+00 6.794583900080524153e-01
5.855855855855855552e+00 6.647517717717934538e-01
6.006006006006005649e+00 6.531181819487528184e-01
6.156156156156156634e+00 6.439491956910736725e-01
6.306306306306306730e+00 6.365449639042752850e-01
6.456456456456456827e+00 7.541748387606139747e-01
6.606606606606606924e+00 8.201704842874661949e-01
6.756756756756757021e+00 8.071956395373939275e-01
6.906906906906907118e+00 7.284490062465804883e-01
7.057057057057057214e+00 6.777504056073214711e-01
7.207207207207207311e+00 6.673548170466109264e-01
7.357357357357357408e+00 6.991081835935715194e-01
7.507507507507507505e+00 7.392321905817601513e-01
7.657657657657657602e+00 7.889003762957049748e-01
7.807807807807807698e+00 8.484525505684484825e-01
7.957957957957957795e+00 8.484983938519827795e-01
8.108108108108108780e+00 8.180560087510315714e-01
8.258258258258258877e+00 7.847952770964308211e-01
8.408408408408408974e+00 7.513302600935288789e-01
8.558558558558559071e+00 7.198754353719707400e-01
8.708708708708709167e+00 6.919532288063756642e-01
8.858858858858859264e+00 6.683357684114032971e-01
9.009009009009009361e+00 6.491696565459554868e-01
9.159159159159159458e+00 6.341590532766423483e-01
9.309309309309309555e+00 6.227264361219191358e-01
9.459459459459459651e+00 6.437328341978030277e-01
9.609609609609609748e+00 7.759481061269924984e-01
9.759759759759759845e+00 8.308344917378230887e-01
9.909909909909909942e+00 7.786326063634660954e-01
1.006006006006006004e+01 6.725153186094464663e-01
1.021021021021021014e+01 6.290912788812375034e-01
1.036036036036036023e+01 6.376852243613368998e-01
1.051051051051051033e+01 6.850652458198738248e-01
1.066066066066066043e+01 7.374593365836619174e-01
1.081081081081081052e+01 7.947736751184077963e-01
1.096096096096096062e+01 8.605089777990708733e-01
1.111111111111111072e+01 8.558279806965916059e-01
1.126126126126126081e+01 8.270482881445406775e-01
1.141141141141141091e+01 7.959816808235431473e-01
1.156156156156156101e+01 7.650272618339142294e-01
1.171171171171171110e+01 7.361650710061045100e-01
1.186186186186186120e+01 7.107173271835305339e-01
1.201201201201201130e+01 6.892558773005810213e-01
1.216216216216216317e+01 6.716859101940360066e-01
1.231231231231231327e+01 6.574422957290879665e-01
1.246246246246246336e+01 6.456898167190064930e-01
1.261261261261261346e+01 6.809966765351864737e-01
1.276276276276276356e+01 8.154578909434724299e-01
1.291291291291291365e+01 8.506304853964581358e-01
1.306306306306306375e+01 7.755293988057281318e-01
1.321321321321321385e+01 6.632738982204532396e-01
1.336336336336336394e+01 6.219270880664451440e-01
1.351351351351351404e+01 6.337501845521289479e-01
1.366366366366366414e+01 6.800405741867674436e-01
1.381381381381381424e+01 7.325140834090256847e-01
1.396396396396396433e+01 7.966589273322560727e-01
1.411411411411411443e+01 8.726401827018313018e-01
1.426426426426426453e+01 8.604633247794344353e-01
1.441441441441441462e+01 8.288508770019210603e-01
1.456456456456456472e+01 7.950379982187938399e-01
1.471471471471471482e+01 7.617884807315788986e-01
1.486486486486486491e+01 7.312992936676936395e-01
1.501501501501501501e+01 7.048994219791004934e-01
1.516516516516516511e+01 6.830013659078969512e-01
1.531531531531531520e+01 6.652475032911604469e-01
1.546546546546546530e+01 6.506802073910353812e-01
1.561561561561561540e+01 6.384710624934961665e-01
1.576576576576576549e+01 6.937083813003419586e-01
1.591591591591591559e+01 8.303584937272195932e-01
1.606606606606606746e+01 8.538281502640886478e-01
1.621621621621621756e+01 7.646035342446770855e-01
1.636636636636636766e+01 6.522026116314367794e-01
1.651651651651651775e+01 6.180088027495165282e-01
1.666666666666666785e+01 6.322735280289140114e-01
1.681681681681681795e+01 6.805169585222454742e-01
1.696696696696696804e+01 7.362099082284752072e-01
1.711711711711711814e+01 8.034575892073569925e-01
1.726726726726726824e+01 8.794505606985643098e-01
1.741741741741741833e+01 8.593894206394488977e-01
1.756756756756756843e+01 8.266145541184775070e-01
1.771771771771771853e+01 7.917174583011179489e-01
1.786786786786786863e+01 7.574783900217385568e-01
1.801801801801801872e+01 7.261877413588990748e-01
1.816816816816816882e+01 6.992558189123041501e-01
1.831831831831831892e+01 6.770175053257496689e-01
1.846846846846846901e+01 6.589636534750051844e-01
1.861861861861861911e+01 6.453140505121220949e-01
1.876876876876876921e+01 6.341327151882940605e-01
1.891891891891891930e+01 7.011358782766425879e-01
1.906906906906906940e+01 8.385808498422834267e-01
1.921921921921921950e+01 8.518856928785174532e-01
1.936936936936936959e+01 7.547230078501773187e-01
1.951951951951951969e+01 6.420869506349238254e-01
1.966966966966966979e+01 6.154615593038794685e-01
1.981981981981981988e+01 6.358910550581007293e-01
1.996996996996996998e+01 6.851910311620708072e-01
2.012012012012012008e+01 7.405479456735284405e-01
2.027027027027027017e+01 8.087578899968210777e-01
2.042042042042042027e+01 8.846995753127232520e-01
2.057057057057057037e+01 8.558324529059677666e-01
2.072072072072072046e+01 8.222838001882774028e-01
2.087087087087087056e+01 7.869747379670380960e-01
2.102102102102102066e+01 7.526317585927083664e-01
2.117117117117117076e+01 7.213861658280518174e-01
2.132132132132132085e+01 6.944945104953366144e-01
2.147147147147147095e+01 6.719947520510681782e-01
2.162162162162162105e+01 6.550544616033505685e-01
2.177177177177177114e+01 6.417896794643983549e-01
2.192192192192192124e+01 6.310758223986057125e-01
2.207207207207207134e+01 7.129869757241746875e-01
2.222222222222222143e+01 8.429524078861941883e-01
2.237237237237237153e+01 8.465473173258724060e-01
2.252252252252252163e+01 7.443124092703969907e-01
2.267267267267267172e+01 6.378669698364893836e-01
2.282282282282282182e+01 6.156888235819831801e-01
2.297297297297297192e+01 6.380952116679796671e-01
2.312312312312312201e+01 6.880411104580773651e-01
2.327327327327327211e+01 7.433467613652369188e-01
2.342342342342342221e+01 8.116735437570256062e-01
2.357357357357357230e+01 8.806732214990238283e-01
2.372372372372372240e+01 8.513026926837687913e-01
2.387387387387387250e+01 8.173546405349404465e-01
2.402402402402402259e+01 7.817868392275393319e-01
2.417417417417417624e+01 7.474333070775781573e-01
2.432432432432432634e+01 7.164826690921352048e-01
2.447447447447447644e+01 6.900897000836595518e-01
2.462462462462462653e+01 6.683500029065821968e-01
2.477477477477477663e+01 6.519576508992634967e-01
2.492492492492492673e+01 6.391044392755779180e-01
2.507507507507507682e+01 6.286670825881426339e-01
2.522522522522522692e+01 7.252850337109679746e-01
2.537537537537537702e+01 8.483582872145292164e-01
2.552552552552552712e+01 8.406270350893685350e-01
2.567567567567567721e+01 7.333601414225335846e-01
2.582582582582582731e+01 6.331937437530176238e-01
2.597597597597597741e+01 6.189476641177400484e-01
2.612612612612612750e+01 6.420517550966386988e-01
2.627627627627627760e+01 6.908882317129180217e-01
2.642642642642642770e+01 7.466426670726180603e-01
2.657657657657657779e+01 8.167176877725845774e-01
2.672672672672672789e+01 8.767873910567498541e-01
2.687687687687687799e+01 8.471069755573708004e-01
2.702702702702702808e+01 8.132385061833169448e-01
2.717717717717717818e+01 7.780255941838324363e-01
2.732732732732732828e+01 7.441340752546294901e-01
2.747747747747747837e+01 7.136589009533160777e-01
2.762762762762762847e+01 6.877638146354894122e-01
2.777777777777777857e+01 6.665360291650370694e-01
2.792792792792792866e+01 6.507024959612228709e-01
2.807807807807807876e+01 6.383495759363085886e-01
2.822822822822822886e+01 6.282783310126822673e-01
2.837837837837837895e+01 7.346109533876559183e-01
2.852852852852852905e+01 8.503556056507284300e-01
2.867867867867867915e+01 8.397349150445840849e-01
2.882882882882882924e+01 7.213154364128545604e-01
2.897897897897897934e+01 6.251339314504036349e-01
2.912912912912912944e+01 6.054474259161312100e-01
2.927927927927927954e+01 6.436611091733548395e-01
2.942942942942942963e+01 6.938925337633371493e-01
2.957957957957957973e+01 7.503312316031819362e-01
2.972972972972972983e+01 8.220276134913301336e-01
2.987987987987987992e+01 8.745408768861883120e-01
3.003003003003003002e+01 8.445241796907944076e-01
3.018018018018018012e+01 8.105261516178868808e-01
3.033033033033033021e+01 7.755205354043765986e-01
3.048048048048048031e+01 7.421786928327752664e-01
3.063063063063063041e+01 7.124356592940415123e-01
3.078078078078078050e+01 6.872337485599122608e-01
3.093093093093093060e+01 6.665451077524195966e-01
3.108108108108108070e+01 6.510339679547197944e-01
3.123123123123123079e+01 6.388482836717477298e-01
3.138138138138138089e+01 6.340574187349186097e-01
3.153153153153153099e+01 7.496864248780044093e-01
3.168168168168168108e+01 8.541191504087194408e-01
3.183183183183183118e+01 8.323683107742638754e-01
3.198198198198198128e+01 7.111241386717135349e-01
3.213213213213213493e+01 6.239465411296496455e-01
3.228228228228228147e+01 6.082862601738494579e-01
3.243243243243243512e+01 6.470222170774451165e-01
3.258258258258258167e+01 6.982868028212155798e-01
3.273273273273273531e+01 7.561904867398284713e-01
3.288288288288288186e+01 8.284228388481982286e-01
3.303303303303303551e+01 8.728791864951086499e-01
3.318318318318318205e+01 8.426916825665624611e-01
3.333333333333333570e+01 8.086578134697511855e-01
3.348348348348348225e+01 7.736701525955614889e-01
3.363363363363363590e+01 7.404211340688178211e-01
3.378378378378378244e+01 7.109134483550626493e-01
3.393393393393393609e+01 6.860529867424540740e-01
3.408408408408408263e+01 6.659815462817837428e-01
3.423423423423423628e+01 6.508368131648790689e-01
3.438438438438438283e+01 6.388355419887707942e-01
3.453453453453453648e+01 6.339042070122925532e-01
3.468468468468468302e+01 7.617562426463778680e-01
3.483483483483483667e+01 8.584313676517416614e-01
3.498498498498498321e+01 8.260592667286433821e-01
3.513513513513513686e+01 7.015512595191031320e-01
3.528528528528528341e+01 6.196840194408828051e-01
3.543543543543543706e+01 6.112350317684336343e-01
3.558558558558558360e+01 6.518346576661355751e-01
3.573573573573573725e+01 7.027987859024189543e-01
3.588588588588588379e+01 7.615217210802247561e-01
3.603603603603603744e+01 8.356668479820417161e-01
3.618618618618618399e+01 8.709928497373384815e-01
3.633633633633633764e+01 8.403128804034690758e-01
3.648648648648648418e+01 8.061358014091377644e-01
3.663663663663663783e+01 7.713187671070582674e-01
3.678678678678678438e+01 7.383811682894113604e-01
3.693693693693693803e+01 7.091479423979161201e-01
3.708708708708708457e+01 6.844139078557192057e-01
3.723723723723723822e+01 6.646407547378554437e-01
3.738738738738738476e+01 6.496539325350341176e-01
3.753753753753753841e+01 6.378225005932913749e-01
3.768768768768768496e+01 6.329505690259998874e-01
3.783783783783783861e+01 7.711943499121083345e-01
3.798798798798798515e+01 8.589176289586566426e-01
3.813813813813813880e+01 8.167325055918412957e-01
3.828828828828828534e+01 6.924370119156797454e-01
3.843843843843843899e+01 6.161635607644733170e-01
3.858858858858859264e+01 6.111949193703385408e-01
3.873873873873873919e+01 6.547058893912718336e-01
3.888888888888889284e+01 7.069980907615897037e-01
3.903903903903903938e+01 7.662656386295739752e-01
3.918918918918919303e+01 8.408402224414208703e-01
3.933933933933933957e+01 8.688288016132614811e-01
3.948948948948949322e+01 8.377632277887255841e-01
3.963963963963963977e+01 8.032949778265086049e-01
3.978978978978979342e+01 7.683908389300984076e-01
3.993993993993993996e+01 7.356542874203824134e-01
4.009009009009009361e+01 7.068546928694143805e-01
4.024024024024024015e+01 6.825878837876330207e-01
4.039039039039039380e+01 6.633062409643807333e-01
4.054054054054054035e+01 6.485608859331375431e-01
4.069069069069069400e+01 6.368281862858500286e-01
4.084084084084084054e+01 6.320038133273346848e-01
4.099099099099099419e+01 7.841008223656769083e-01
4.114114114114114074e+01 8.607502423572928052e-01
4.129129129129129439e+01 8.092247722649057451e-01
4.144144144144144093e+01 6.840170183142905147e-01
4.159159159159159458e+01 6.173863124737083430e-01
4.174174174174174112e+01 6.164532607060644320e-01
4.189189189189189477e+01 6.594109178765934498e-01
4.204204204204204132e+01 7.115596844535586607e-01
4.219219219219219497e+01 7.720179841760141937e-01
4.234234234234234151e+01 8.467498622185505308e-01
4.249249249249249516e+01 8.660238601350467302e-01
4.264264264264264170e+01 8.347705730695396120e-01
4.279279279279279535e+01 8.003770244784093046e-01
4.294294294294294190e+01 7.656590345446788737e-01
4.309309309309309555e+01 7.331258561472446811e-01
4.324324324324324209e+01 7.045606301487333800e-01
4.339339339339339574e+01 6.805674928269693780e-01
4.354354354354354228e+01 6.617698060540999627e-01
4.369369369369369593e+01 6.474336657908649206e-01
4.384384384384384248e+01 6.360293657968563164e-01
4.399399399399399613e+01 6.413352092554902573e-01
4.414414414414414267e+01 7.923168561969173851e-01
4.429429429429429632e+01 8.599806300635324252e-01
4.444444444444444287e+01 7.997130344437026750e-01
4.459459459459459651e+01 6.744568893954325794e-01
4.474474474474474306e+01 6.128008864523746269e-01
4.489489489489489671e+01 6.178348086499978464e-01
4.504504504504504325e+01 6.630998524555464790e-01
4.519519519519519690e+01 7.152932116873905732e-01
4.534534534534534345e+01 7.764631154975121241e-01
4.549549549549549710e+01 8.526708173542413283e-01
4.564564564564564364e+01 8.634244828362084290e-01
4.579579579579579729e+01 8.317570512401708527e-01
4.594594594594594383e+01 7.972630078715957636e-01
4.609609609609609748e+01 7.628082378659186702e-01
4.624624624624624403e+01 7.307830209956438505e-01
4.639639639639639768e+01 7.027633000774207161e-01
4.654654654654654422e+01 6.792121708502382171e-01
4.669669669669669787e+01 6.606819872243370195e-01
4.684684684684684441e+01 6.465385875694009687e-01
4.699699699699699806e+01 6.352866279061069044e-01
4.714714714714714461e+01 6.512915318418674993e-01
4.729729729729729826e+01 8.015560271251657154e-01
4.744744744744744480e+01 8.581386395885491902e-01
4.759759759759759845e+01 7.892258171352179996e-01
4.774774774774774500e+01 6.673466399665373139e-01
4.789789789789789864e+01 6.131625370709140599e-01
4.804804804804804519e+01 6.199809169961468802e-01
4.819819819819819884e+01 6.664120729624198880e-01
4.834834834834835249e+01 7.197374719579683333e-01
4.849849849849849903e+01 7.818344812999138416e-01
4.864864864864865268e+01 8.575153163859372540e-01
4.879879879879879923e+01 8.610873912886505277e-01
4.894894894894895288e+01 8.292657376580147011e-01
4.909909909909909942e+01 7.947013164931210349e-01
4.924924924924925307e+01 7.602777056131583278e-01
4.939939939939939961e+01 7.284658562738242082e-01
4.954954954954955326e+01 7.008630606274606212e-01
4.969969969969969981e+01 6.777872741942687629e-01
4.984984984984985346e+01 6.598438165735142080e-01
5.000000000000000000e+01 6.460341273967500353e-01
5.015015015015015365e+01 6.349244532177228395e-01
5.030030030030030019e+01 6.623986077023973351e-01
5.045045045045045384e+01 8.122676238793988812e-01
5.060060060060060039e+01 8.574672781071881467e-01
5.075075075075075404e+01 7.806440106966590076e-01
5.090090090090090058e+01 6.592076500997077204e-01
5.105105105105105423e+01 6.137354579868368187e-01
5.120120120120120077e+01 6.248974354232037509e-01
5.135135135135135442e+01 6.710232335863252073e-01
5.150150150150150097e+01 7.241794607390943384e-01
5.165165165165165462e+01 7.879122059927861077e-01
5.180180180180180116e+01 8.638417617060840659e-01
5.195195195195195481e+01 8.586321983565048388e-01
5.210210210210210136e+01 8.265896488318152935e-01
5.225225225225225500e+01 7.921430312706350119e-01
5.240240240240240155e+01 7.580323360551796119e-01
5.255255255255255520e+01 7.265549489984824971e-01
5.270270270270270174e+01 6.992247414521740589e-01
5.285285285285285539e+01 6.761935608214332261e-01
5.300300300300300194e+01 6.587616035440291284e-01
5.315315315315315559e+01 6.452271918207331813e-01
5.330330330330330213e+01 6.343627310625297167e-01
5.345345345345345578e+01 6.737779855532248785e-01
5.360360360360360232e+01 8.184242814481896833e-01
5.375375375375375597e+01 8.535937853192534508e-01
5.390390390390390252e+01 7.698146041330752309e-01
5.405405405405405617e+01 6.515483164303735863e-01
5.420420420420420271e+01 6.105875613386753109e-01
5.435435435435435636e+01 6.259484539206570108e-01
5.450450450450450290e+01 6.744738391362338215e-01
5.465465465465465655e+01 7.282994364413593047e-01
5.480480480480480310e+01 7.927395992303846173e-01
5.495495495495495675e+01 8.691849371311346495e-01
5.510510510510510329e+01 8.563594153932607700e-01
5.525525525525525694e+01 8.239296291672967287e-01
5.540540540540540349e+01 7.892937568040188090e-01
5.555555555555555713e+01 7.553007908599101983e-01
5.570570570570570368e+01 7.242254994768614340e-01
5.585585585585585733e+01 6.974151146948937008e-01
5.600600600600600387e+01 6.747916714369535107e-01
5.615615615615615752e+01 6.577391666459979636e-01
5.630630630630630407e+01 6.443439589793733546e-01
5.645645645645645772e+01 6.335235142152637611e-01
5.660660660660660426e+01 6.891994030135216720e-01
5.675675675675675791e+01 8.271885674736031424e-01
5.690690690690690445e+01 8.508567996820118884e-01
5.705705705705705810e+01 7.600083916870856715e-01
5.720720720720720465e+01 6.469140427786773673e-01
5.735735735735735830e+01 6.140611171275699443e-01
5.750750750750750484e+01 6.303853612125062122e-01
5.765765765765765849e+01 6.787203544702022917e-01
5.780780780780781214e+01 7.332934128332009305e-01
5.795795795795795868e+01 7.989528687009519459e-01
5.810810810810811233e+01 8.738987460241773864e-01
5.825825825825825888e+01 8.538864415512817940e-01
5.840840840840841253e+01 8.213727023009516071e-01
5.855855855855855907e+01 7.867879472741259317e-01
5.870870870870871272e+01 7.528927952183381844e-01
5.885885885885885926e+01 7.219756581580961674e-01
5.900900900900901291e+01 6.954333619481806172e-01
5.915915915915915946e+01 6.732609196490860759e-01
5.930930930930931311e+01 6.566361518814738396e-01
5.945945945945945965e+01 6.435904875021787319e-01
5.960960960960961330e+01 6.329742812529539631e-01
5.975975975975975985e+01 6.987349935376467869e-01
5.990990990990991349e+01 8.341142979031179738e-01
6.006006006006006004e+01 8.467647917795412260e-01
6.021021021021021369e+01 7.503058284200125883e-01
6.036036036036036023e+01 6.390132427081116617e-01
6.051051051051051388e+01 6.132809816199807917e-01
6.066066066066066043e+01 6.341262820632113106e-01
6.081081081081081408e+01 6.828538108655251015e-01
6.096096096096096062e+01 7.373797644523047978e-01
6.111111111111111427e+01 8.046811274795572233e-01
6.126126126126126081e+01 8.794836962072074549e-01
6.141141141141141446e+01 8.512439130656401787e-01
6.156156156156156101e+01 8.184260565325657266e-01
6.171171171171171466e+01 7.839036067037528088e-01
6.186186186186186120e+01 7.503607940119124686e-01
6.201201201201201485e+01 7.198939494298116637e-01
6.216216216216216139e+01 6.937325674096350703e-01
6.231231231231231504e+01 6.718543939537515719e-01
6.246246246246246159e+01 6.554353284999363538e-01
6.261261261261261524e+01 6.425712082953742854e-01
6.276276276276276178e+01 6.321341220681813144e-01
6.291291291291291543e+01 7.123629208395285684e-01
6.306306306306306197e+01 8.384871187360491973e-01
6.321321321321321562e+01 8.406506251368174309e-01
6.336336336336336217e+01 7.394379338620016284e-01
6.351351351351351582e+01 6.347063711315528156e-01
6.366366366366366236e+01 6.132658674824263967e-01
6.381381381381381601e+01 6.361608772329432338e-01
6.396396396396396256e+01 6.865381635149332418e-01
6.411411411411411621e+01 7.419747365461093480e-01
6.426426426426426985e+01 8.097686226081816097e-01
6.441441441441440929e+01 8.774108421839292848e-01
6.456456456456456294e+01 8.488556558464658286e-01
6.471471471471471659e+01 8.158079552500885345e-01
6.486486486486487024e+01 7.811628901794018809e-01
6.501501501501500968e+01 7.476986188567242841e-01
6.516516516516516333e+01 7.175624547984802426e-01
6.531531531531531698e+01 6.919002165357670542e-01
6.546546546546547063e+01 6.705773037125419833e-01
6.561561561561561007e+01 6.545434168021988519e-01
6.576576576576576372e+01 6.418848828423284747e-01
6.591591591591591737e+01 6.314961919792086986e-01
6.606606606606607102e+01 7.259675404847807378e-01
6.621621621621621046e+01 8.453603763488115597e-01
6.636636636636636410e+01 8.362445565926015512e-01
6.651651651651651775e+01 7.298528215550381670e-01
6.666666666666667140e+01 6.309063549682164540e-01
6.681681681681681084e+01 6.173381353112166181e-01
6.696696696696696449e+01 6.413113904561213996e-01
6.711711711711711814e+01 6.909506795428114190e-01
6.726726726726727179e+01 7.469889656578514447e-01
6.741741741741742544e+01 8.164127541345425065e-01
6.756756756756756488e+01 8.751345659892875162e-01
6.771771771771771853e+01 8.461866703603903028e-01
6.786786786786787218e+01 8.130877556681452845e-01
6.801801801801802583e+01 7.786263709443241865e-01
6.816816816816816527e+01 7.454193505058144265e-01
6.831831831831831892e+01 7.155249998735710992e-01
6.846846846846847257e+01 6.900959946656508581e-01
6.861861861861862621e+01 6.691175754167120182e-01
6.876876876876876565e+01 6.534203860271874387e-01
6.891891891891891930e+01 6.410771637185550542e-01
6.906906906906907295e+01 6.309216913262154502e-01
6.921921921921922660e+01 7.354071301042277575e-01
6.936936936936936604e+01 8.484678064228784455e-01
6.951951951951951969e+01 8.370377146804472979e-01
6.966966966966967334e+01 7.195851027192510241e-01
6.981981981981982699e+01 6.242358303943082998e-01
6.996996996996996643e+01 6.159561787706742120e-01
7.012012012012012008e+01 6.439639219692665506e-01
7.027027027027027373e+01 6.947097644926885085e-01
7.042042042042042738e+01 7.510734480012352110e-01
7.057057057057056682e+01 8.218170581419740328e-01
7.072072072072072046e+01 8.731765858551224779e-01
7.087087087087087411e+01 8.437383140270185988e-01
7.102102102102102776e+01 8.103243839473277532e-01
7.117117117117116720e+01 7.758563985577555666e-01
7.132132132132132085e+01 7.429674180162175734e-01
7.147147147147147450e+01 7.135739278345762937e-01
7.162162162162162815e+01 6.886271049531815791e-01
7.177177177177176759e+01 6.680232260828476987e-01
7.192192192192192124e+01 6.525264006973853226e-01
7.207207207207207489e+01 6.402867259326643357e-01
7.222222222222222854e+01 6.353551694953882834e-01
7.237237237237236798e+01 7.492579631710619692e-01
7.252252252252252163e+01 8.519192849548719026e-01
7.267267267267267528e+01 8.301755835628839009e-01
7.282282282282282893e+01 7.099793140610044517e-01
7.297297297297296836e+01 6.234987783035929043e-01
7.312312312312312201e+01 6.083255135325117413e-01
7.327327327327327566e+01 6.475889732261554954e-01
7.342342342342342931e+01 6.990094380645390792e-01
7.357357357357356875e+01 7.564639937185748675e-01
7.372372372372372240e+01 8.275265438978822718e-01
7.387387387387387605e+01 8.709410184134843691e-01
7.402402402402402970e+01 8.412656444008935752e-01
7.417417417417416914e+01 8.077660717450638739e-01
7.432432432432432279e+01 7.732834926403886477e-01
7.447447447447447644e+01 7.404659308353443992e-01
7.462462462462463009e+01 7.112953696656272307e-01
7.477477477477476953e+01 6.867165062429074762e-01
7.492492492492492318e+01 6.666392729518625382e-01
7.507507507507507682e+01 6.515452597555142500e-01
7.522522522522523047e+01 6.395641426168399146e-01
7.537537537537536991e+01 6.346755116897038196e-01
7.552552552552552356e+01 7.603854287580447124e-01
7.567567567567567721e+01 8.554849532226447284e-01
7.582582582582583086e+01 8.235093092931454750e-01
7.597597597597597030e+01 7.003235796040264693e-01
7.612612612612612395e+01 6.192087828765469038e-01
7.627627627627627760e+01 6.111725056835763947e-01
7.642642642642643125e+01 6.522040214394011493e-01
7.657657657657657069e+01 7.031310212910630852e-01
7.672672672672672434e+01 7.612436381351821435e-01
7.687687687687687799e+01 8.341377863071304244e-01
7.702702702702703164e+01 8.686726803173219214e-01
7.717717717717718529e+01 8.385416715849298708e-01
7.732732732732732472e+01 8.049421183109723987e-01
7.747747747747747837e+01 7.706821583970606682e-01
7.762762762762763202e+01 7.382421644084812273e-01
7.777777777777778567e+01 7.094314724186793208e-01
7.792792792792792511e+01 6.851172395014646366e-01
7.807807807807807876e+01 6.653133533708953662e-01
7.822822822822823241e+01 6.504453064892565806e-01
7.837837837837838606e+01 6.386884491201214598e-01
7.852852852852852550e+01 6.339288337276858254e-01
7.867867867867867915e+01 7.696951097432250810e-01
7.882882882882883280e+01 8.557258048549430951e-01
7.897897897897898645e+01 8.139924645941419845e-01
7.912912912912912589e+01 6.911144870217453828e-01
7.927927927927927954e+01 6.157220643102239155e-01
7.942942942942943318e+01 6.110711858149777687e-01
7.957957957957958683e+01 6.548739118078474863e-01
7.972972972972972627e+01 7.071002572089787330e-01
7.987987987987987992e+01 7.658214583814909604e-01
8.003003003003003357e+01 8.392176294097599687e-01
8.018018018018018722e+01 8.665809985077779221e-01
8.033033033033032666e+01 8.360872290390327644e-01
8.048048048048048031e+01 8.022240319801439146e-01
8.063063063063063396e+01 7.679048029599104819e-01
8.078078078078078761e+01 7.356903733883517482e-01
8.093093093093092705e+01 7.073361479737619861e-01
8.108108108108108070e+01 6.835347390379442611e-01
8.123123123123123435e+01 6.641997456102070041e-01
8.138138138138138800e+01 6.495867299495194924e-01
8.153153153153152743e+01 6.379287608108000773e-01
8.168168168168168108e+01 6.332668022895752147e-01
8.183183183183183473e+01 7.826400478288859652e-01
8.198198198198198838e+01 8.576883149736010958e-01
8.213213213213212782e+01 8.065760233154366521e-01
8.228228228228228147e+01 6.826666034434776265e-01
8.243243243243243512e+01 6.167509457948087137e-01
8.258258258258258877e+01 6.161613474519183065e-01
8.273273273273272821e+01 6.594551452085514187e-01
8.288288288288288186e+01 7.116238466311324284e-01
8.303303303303303551e+01 7.716543631909623668e-01
8.318318318318318916e+01 8.453488210829525062e-01
8.333333333333332860e+01 8.641884776063333273e-01
8.348348348348348225e+01 8.334797218839181676e-01
8.363363363363363590e+01 7.996553144933045143e-01
8.378378378378378954e+01 7.654866114676286415e-01
8.393393393393392898e+01 7.334444297460633866e-01
8.408408408408408263e+01 7.052944834504857319e-01
8.423423423423423628e+01 6.817492472068715781e-01
8.438438438438438993e+01 6.628611735803235927e-01
8.453453453453452937e+01 6.486167946177410215e-01
8.468468468468468302e+01 6.372468735710687948e-01
8.483483483483483667e+01 6.375882544003457220e-01
8.498498498498499032e+01 7.910335314536740547e-01
8.513513513513512976e+01 8.572771617264525190e-01
8.528528528528528341e+01 7.973934245720468716e-01
8.543543543543543706e+01 6.733140157892423261e-01
8.558558558558559071e+01 6.122148044157668112e-01
8.573573573573573015e+01 6.175511152300153794e-01
8.588588588588588379e+01 6.631944896056616301e-01
8.603603603603603744e+01 7.154697929703479620e-01
8.618618618618619109e+01 7.762480549156954845e-01
8.633633633633633053e+01 8.514438635891617979e-01
8.648648648648648418e+01 8.619561293862780804e-01
8.663663663663663783e+01 8.307849975412908705e-01
8.678678678678679148e+01 7.967940151316144082e-01
8.693693693693694513e+01 7.628098868176860226e-01
8.708708708708708457e+01 7.311944343092753318e-01
8.723723723723723822e+01 7.035144774022676906e-01
8.738738738738739187e+01 6.803242438237901979e-01
8.753753753753754552e+01 6.617138997811354839e-01
8.768768768768768496e+01 6.476250190288692643e-01
8.783783783783783861e+01 6.363758884412984429e-01
8.798798798798799226e+01 6.521851146155519530e-01
8.813813813813814591e+01 8.003380624864698811e-01
8.828828828828828534e+01 8.558164506534527982e-01
8.843843843843843899e+01 7.873598216414146034e-01
8.858858858858859264e+01 6.664501891251818355e-01
8.873873873873874629e+01 6.127803718220917739e-01
8.888888888888888573e+01 6.199052542584329029e-01
8.903903903903903938e+01 6.666420981423412107e-01
8.918918918918919303e+01 7.199811661588060296e-01
8.933933933933934668e+01 7.816427880160404795e-01
8.948948948948948612e+01 8.563220074873085785e-01
8.963963963963963977e+01 8.597303247485075239e-01
8.978978978978979342e+01 8.283470406186508317e-01
8.993993993993994707e+01 7.942267576450676714e-01
9.009009009009008651e+01 7.602136968993278288e-01
9.024024024024024015e+01 7.287493839151166775e-01
9.039039039039039380e+01 7.014247930748267468e-01
9.054054054054054745e+01 6.786786858829291225e-01
9.069069069069068689e+01 6.606060389746269967e-01
9.084084084084084054e+01 6.468351122099866846e-01
9.099099099099099419e+01 6.357296138345149838e-01
9.114114114114114784e+01 6.628702970730945276e-01
9.129129129129128728e+01 8.108487283789758138e-01
9.144144144144144093e+01 8.552526854609266982e-01
9.159159159159159458e+01 7.789961223463595097e-01
9.174174174174174823e+01 6.584212808952629725e-01
9.189189189189188767e+01 6.133418321055263966e-01
9.204204204204204132e+01 6.248351942251590962e-01
9.219219219219219497e+01 6.712315056895868937e-01
9.234234234234234862e+01 7.243218275168965548e-01
9.249249249249248805e+01 7.875584595719751224e-01
9.264264264264264170e+01 8.625361853722242067e-01
9.279279279279279535e+01 8.572613061659422051e-01
9.294294294294294900e+01 8.256150623471014693e-01
9.309309309309308844e+01 7.915691331837015898e-01
9.324324324324324209e+01 7.578315897036564941e-01
9.339339339339339574e+01 7.266753014619384832e-01
9.354354354354354939e+01 6.996082928739819629e-01
9.369369369369368883e+01 6.770415907958107216e-01
9.384384384384384248e+01 6.593254130605255003e-01
9.399399399399399613e+01 6.458289068313221026e-01
9.414414414414414978e+01 6.349756731157828460e-01
9.429429429429428922e+01 6.740140105465582954e-01
9.444444444444444287e+01 8.168843825936948910e-01
9.459459459459459651e+01 8.514240739612064512e-01
9.474474474474475016e+01 7.682626772475668053e-01
9.489489489489488960e+01 6.508703666356239204e-01
9.504504504504504325e+01 6.102920393115955910e-01
9.519519519519519690e+01 6.258994661699259776e-01
9.534534534534535055e+01 6.746207479449267685e-01
9.549549549549548999e+01 7.283380522457469919e-01
9.564564564564564364e+01 7.922663197519245193e-01
9.579579579579579729e+01 8.677748020067280743e-01
9.594594594594595094e+01 8.550290441186472190e-01
9.609609609609609038e+01 8.229877929105211543e-01
9.624624624624624403e+01 7.887416061257694899e-01
9.639639639639639768e+01 7.551067038933806375e-01
9.654654654654655133e+01 7.243371110574168270e-01
9.669669669669670498e+01 6.977812938528872300e-01
9.684684684684684441e+01 6.756416737618549107e-01
9.699699699699699806e+01 6.582879913067509747e-01
9.714714714714715171e+01 6.449423993850236236e-01
9.729729729729730536e+01 6.341423308547264881e-01
9.744744744744744480e+01 6.893328901258293229e-01
9.759759759759759845e+01 8.256356700911527957e-01
9.774774774774775210e+01 8.487759958835368046e-01
9.789789789789790575e+01 7.585770875084548726e-01
9.804804804804804519e+01 6.462438223489599398e-01
9.819819819819819884e+01 6.137783324224080905e-01
9.834834834834835249e+01 6.303566215238638470e-01
9.849849849849850614e+01 6.788331006011679714e-01
9.864864864864864558e+01 7.332727503285907389e-01
9.879879879879879923e+01 7.984375068420459520e-01
9.894894894894895288e+01 8.725052051947764786e-01
9.909909909909910652e+01 8.526168653142942588e-01
9.924924924924924596e+01 8.204682211896630051e-01
9.939939939939939961e+01 7.862535897402631591e-01
9.954954954954955326e+01 7.527023326462417563e-01
9.969969969969970691e+01 7.220796713351608220e-01
9.984984984984984635e+01 6.957820444968572104e-01
1.000000000000000000e+02 6.738755059341345888e-01
1.001501501501501536e+02 6.571412705921854114e-01
1.003003003003003073e+02 6.441403597389339097e-01
1.004504504504504467e+02 6.335446964718594032e-01
1.006006006006006004e+02 6.986481355278612027e-01
1.007507507507507540e+02 8.325179692256756692e-01
1.009009009009009077e+02 8.447656046485743087e-01
1.010510510510510471e+02 7.489672552567310237e-01
1.012012012012012008e+02 6.383779236317608241e-01
1.013513513513513544e+02 6.129197028501232047e-01
1.015015015015015081e+02 6.340175253274993317e-01
1.016516516516516475e+02 6.829064105097911730e-01
1.018018018018018012e+02 7.373134623968977674e-01
1.019519519519519548e+02 8.041304336207785175e-01
1.021021021021021085e+02 8.780528593105214608e-01
1.022522522522522479e+02 8.501313834086203780e-01
1.024024024024024015e+02 8.176582802057585919e-01
1.025525525525525552e+02 7.834786410746632512e-01
1.027027027027027088e+02 7.502519529093094608e-01
1.028528528528528483e+02 7.200577387236106741e-01
1.030030030030030019e+02 6.941266456908683491e-01
1.031531531531531556e+02 6.723165075880399577e-01
1.033033033033033092e+02 6.559749374147529899e-01
1.034534534534534487e+02 6.431450841116598260e-01
1.036036036036036023e+02 6.327166227125456954e-01
1.037537537537537560e+02 7.123132793090916071e-01
1.039039039039039096e+02 8.370262089798203853e-01
1.040540540540540491e+02 8.388626119007291937e-01
1.042042042042042027e+02 7.382588659748605675e-01
1.043543543543543564e+02 6.341907618776759792e-01
1.045045045045045100e+02 6.130330780277049030e-01
1.046546546546546494e+02 6.361270166287457117e-01
1.048048048048048031e+02 6.866247022020718349e-01
1.049549549549549567e+02 7.419427599914274474e-01
1.051051051051051104e+02 8.092660272980536362e-01
1.052552552552552498e+02 8.761535727524705219e-01
1.054054054054054035e+02 8.479011778654074183e-01
1.055555555555555571e+02 8.151794143487144373e-01
1.057057057057057108e+02 7.808537396390637930e-01
1.058558558558558644e+02 7.476763112744141404e-01
1.060060060060060039e+02 7.177796539023209021e-01
1.061561561561561575e+02 6.923162362733992214e-01
1.063063063063063112e+02 6.710433689011633396e-01
1.064564564564564648e+02 6.550739947666188723e-01
1.066066066066066043e+02 6.424437341334263696e-01
1.067567567567567579e+02 6.320604269112226614e-01
1.069069069069069116e+02 7.257654753150313276e-01
1.070570570570570652e+02 8.439619639921976946e-01
1.072072072072072046e+02 8.346358288628695776e-01
1.073573573573573583e+02 7.288482623541741035e-01
1.075075075075075119e+02 6.304055967112227599e-01
1.076576576576576656e+02 6.170979276336641117e-01
1.078078078078078050e+02 6.413053961226605759e-01
1.079579579579579587e+02 6.910429254461508686e-01
1.081081081081081123e+02 7.469356776702458234e-01
1.082582582582582660e+02 8.158893141407185245e-01
1.084084084084084054e+02 8.739479947996176001e-01
1.085585585585585591e+02 8.452685904328222088e-01
1.087087087087087127e+02 8.124575791274146752e-01
1.088588588588588664e+02 7.782800060097089245e-01
1.090090090090090058e+02 7.453303998728475488e-01
1.091591591591591595e+02 7.156517874915764299e-01
1.093093093093093131e+02 6.904016971657520596e-01
1.094594594594594668e+02 6.694562805917549930e-01
1.096096096096096062e+02 6.538080280958658008e-01
1.097597597597597598e+02 6.414840316747962845e-01
1.099099099099099135e+02 6.313333118860005033e-01
1.100600600600600671e+02 7.350780284701572409e-01
1.102102102102102066e+02 8.470598749774955749e-01
1.103603603603603602e+02 8.355170247323187027e-01
1.105105105105105139e+02 7.186700333174335098e-01
1.106606606606606675e+02 6.238162827682962597e-01
1.108108108108108070e+02 6.157258736169941571e-01
1.109609609609609606e+02 6.439343463158843095e-01
1.111111111111111143e+02 6.947684131082807468e-01
1.112612612612612679e+02 7.509790089837269367e-01
1.114114114114114074e+02 8.212460582070205684e-01
1.115615615615615610e+02 8.720380536939796867e-01
1.117117117117117147e+02 8.428501103103203107e-01
1.118618618618618683e+02 8.097029610612233030e-01
1.120120120120120077e+02 7.754945045555772243e-01
1.121621621621621614e+02 7.428388897256130718e-01
1.123123123123123150e+02 7.136425649407553973e-01
1.124624624624624687e+02 6.888648231871907779e-01
1.126126126126126081e+02 6.682930738795546111e-01
1.127627627627627618e+02 6.528472165075833722e-01
1.129129129129129154e+02 6.406288256521295299e-01
1.130630630630630691e+02 6.305475554411306138e-01
1.132132132132132085e+02 7.488409131770790150e-01
1.133633633633633622e+02 8.505683491148086084e-01
1.135135135135135158e+02 8.287785731670841427e-01
1.136636636636636695e+02 7.091314253919059896e-01
1.138138138138138089e+02 6.231103745658409521e-01
1.139639639639639626e+02 6.191137958250111373e-01
1.141141141141141162e+02 6.476005093966082926e-01
1.142642642642642699e+02 6.990579577302253877e-01
1.144144144144144093e+02 7.563500559511504573e-01
1.145645645645645629e+02 8.269668803743051022e-01
1.147147147147147166e+02 8.698943767517459680e-01
1.148648648648648702e+02 8.404564065675707019e-01
1.150150150150150097e+02 8.072123100414013708e-01
1.151651651651651633e+02 7.729801268671995240e-01
1.153153153153153170e+02 7.403867835633036742e-01
1.154654654654654706e+02 7.114025104016497014e-01
1.156156156156156243e+02 6.869836792731054409e-01
1.157657657657657637e+02 6.669246850662384762e-01
1.159159159159159174e+02 6.518776223584369367e-01
1.160660660660660710e+02 6.399192467761709580e-01
1.162162162162162247e+02 6.299301720910558400e-01
1.163663663663663641e+02 7.598856070710107158e-01
1.165165165165165178e+02 8.541600292631383873e-01
1.166666666666666714e+02 8.221911347897832290e-01
1.168168168168168251e+02 6.995628836564951047e-01
1.169669669669669645e+02 6.188052346230232814e-01
1.171171171171171181e+02 6.109648261478953790e-01
1.172672672672672718e+02 6.521968285445742808e-01
1.174174174174174254e+02 7.031596177869600117e-01
1.175675675675675649e+02 7.610968047282322679e-01
1.177177177177177185e+02 8.335505091768659058e-01
1.178678678678678722e+02 8.677170094970292347e-01
1.180180180180180258e+02 8.378096237168928262e-01
1.181681681681681653e+02 8.044452644905835115e-01
1.183183183183183189e+02 7.704140902638896282e-01
1.184684684684684726e+02 7.381805193270742915e-01
1.186186186186186262e+02 7.095440589406820653e-01
1.187687687687687657e+02 6.853829025502218286e-01
1.189189189189189193e+02 6.655905258031491467e-01
1.190690690690690730e+02 6.507616420367287047e-01
1.192192192192192266e+02 6.390202477805702053e-01
1.193693693693693660e+02 6.342770002185263989e-01
1.195195195195195197e+02 7.692088467268803909e-01
1.196696696696696733e+02 8.544803675625859407e-01
1.198198198198198270e+02 8.128045697598136332e-01
1.199699699699699664e+02 6.904544116096645867e-01
1.201201201201201201e+02 6.154465492608121036e-01
1.202702702702702737e+02 6.109383590144422671e-01
1.204204204204204274e+02 6.548808847876089745e-01
1.205705705705705668e+02 7.071302117201860860e-01
1.207207207207207205e+02 7.656798057543817704e-01
1.208708708708708741e+02 8.386285851911909894e-01
1.210210210210210278e+02 8.657016060104347766e-01
1.211711711711711672e+02 8.354213751553769551e-01
1.213213213213213209e+02 8.017808226932966464e-01
1.214714714714714745e+02 7.676732581568203040e-01
1.216216216216216282e+02 7.356445636799657795e-01
1.217717717717717676e+02 7.074446981976330040e-01
1.219219219219219212e+02 6.837824775715344305e-01
1.220720720720720749e+02 6.644534498578242854e-01
1.222222222222222285e+02 6.498781806989304410e-01
1.223723723723723680e+02 6.382358182259200152e-01
1.225225225225225216e+02 6.336733683957609387e-01
1.226726726726726753e+02 7.820980162775352795e-01
1.228228228228228289e+02 8.565177586631427253e-01
1.229729729729729684e+02 8.055107697268356626e-01
1.231231231231231220e+02 6.820594115446569905e-01
1.232732732732732757e+02 6.164492239931831374e-01
1.234234234234234293e+02 6.160476516315698259e-01
1.235735735735735688e+02 6.594767179277873925e-01
1.237237237237237224e+02 7.116412514134600187e-01
1.238738738738738761e+02 7.714964456889190636e-01
1.240240240240240297e+02 8.447825964615949257e-01
1.241741741741741691e+02 8.633798276699946594e-01
1.243243243243243228e+02 8.328654295680393282e-01
1.244744744744744764e+02 7.992456824170961482e-01
1.246246246246246301e+02 7.652743879298973262e-01
1.247747747747747695e+02 7.334064566163436272e-01
1.249249249249249232e+02 7.053996317710726771e-01
1.250750750750750768e+02 6.819856590294350873e-01
1.252252252252252305e+02 6.630882643379079067e-01
1.253753753753753841e+02 6.488735148180176937e-01
1.255255255255255236e+02 6.375162731251491355e-01
1.256756756756756772e+02 6.379583168586486774e-01
1.258258258258258309e+02 7.904398048426367618e-01
1.259759759759759845e+02 8.561419752625573087e-01
1.261261261261261239e+02 7.963901708272325131e-01
1.262762762762762776e+02 6.727831094297982428e-01
1.264264264264264312e+02 6.119286335272504651e-01
1.265765765765765849e+02 6.174080183531155397e-01
1.267267267267267243e+02 6.631973630156917654e-01
1.268768768768768780e+02 7.154765775615705703e-01
1.270270270270270316e+02 7.760714683412726078e-01
1.271771771771771853e+02 8.508611249593284187e-01
1.273273273273273247e+02 8.612102349127188639e-01
1.274774774774774784e+02 8.302205378237993427e-01
1.276276276276276320e+02 7.964158561198859676e-01
1.277777777777777857e+02 7.626084918413218450e-01
1.279279279279279251e+02 7.311494892593326522e-01
1.280780780780780788e+02 7.036009991150167231e-01
1.282282282282282324e+02 6.805371330903091653e-01
1.283783783783783861e+02 6.619163250289253897e-01
1.285285285285285397e+02 6.478543186244419827e-01
1.286786786786786934e+02 6.366140477652946217e-01
1.288288288288288186e+02 6.524582071424320784e-01
1.289789789789789722e+02 7.997791158765884534e-01
1.291291291291291259e+02 8.547757382727352304e-01
1.292792792792792795e+02 7.864757398951515155e-01
1.294294294294294332e+02 6.659805835029384280e-01
1.295795795795795868e+02 6.125960664219514129e-01
1.297297297297297405e+02 6.198488013258109941e-01
1.298798798798798941e+02 6.666725818391751046e-01
1.300300300300300194e+02 7.199919803890192371e-01
1.301801801801801730e+02 7.814779400606066684e-01
1.303303303303303267e+02 8.557587522054570517e-01
1.304804804804804803e+02 8.590314519769870483e-01
1.306306306306306340e+02 8.278184939651725971e-01
1.307807807807807876e+02 7.938749686503503433e-01
1.309309309309309413e+02 7.600283112243479966e-01
1.310810810810810949e+02 7.287075541043156468e-01
1.312312312312312201e+02 7.015006274814833409e-01
1.313813813813813738e+02 6.788749158503898373e-01
1.315315315315315274e+02 6.607801504960344463e-01
1.316816816816816811e+02 6.470356375373185198e-01
1.318318318318318347e+02 6.359419387607558871e-01
1.319819819819819884e+02 6.630154702463640914e-01
1.321321321321321420e+02 8.102287599669583118e-01
1.322822822822822957e+02 8.542444764724912432e-01
1.324324324324324209e+02 7.781730629151419887e-01
1.325825825825825746e+02 6.579614366313648599e-01
1.327327327327327282e+02 6.130873302971244776e-01
1.328828828828828819e+02 6.247483768972084128e-01
1.330330330330330355e+02 6.712497305522008295e-01
1.331831831831831892e+02 7.243082801053990494e-01
1.333333333333333428e+02 7.873638603499851785e-01
1.334834834834834965e+02 8.619850642452933087e-01
1.336336336336336217e+02 8.566591593344636824e-01
1.337837837837837753e+02 8.251737709851282299e-01
1.339339339339339290e+02 7.912928373853552744e-01
1.340840840840840826e+02 7.577120653794224836e-01
1.342342342342342363e+02 7.266932527784598639e-01
1.343843843843843899e+02 6.997396516880376449e-01
1.345345345345345436e+02 6.772986176571837991e-01
1.346846846846846972e+02 6.595433472144301978e-01
1.348348348348348509e+02 6.460663375775418382e-01
1.349849849849849761e+02 6.352199992240481485e-01
1.351351351351351298e+02 6.742121328149378590e-01
1.352852852852852834e+02 8.163035764126580496e-01
1.354354354354354371e+02 8.505016447004645208e-01
1.355855855855855907e+02 7.675299055647251123e-01
1.357357357357357444e+02 6.505316701808974145e-01
1.358858858858858980e+02 6.101395568558773963e-01
1.360360360360360517e+02 6.258456851437460555e-01
1.361861861861861769e+02 6.746519671403120588e-01
1.363363363363363305e+02 7.283408389936212313e-01
1.364864864864864842e+02 7.920750736798994884e-01
1.366366366366366378e+02 8.672080350938831117e-01
1.367867867867867915e+02 8.544348220338159328e-01
1.369369369369369451e+02 8.225405146149276092e-01
1.370870870870870988e+02 7.884418463579266900e-01
1.372372372372372524e+02 7.549431116272367071e-01
1.373873873873873777e+02 7.242910251207066441e-01
1.375375375375375313e+02 6.978335045101127232e-01
1.376876876876876850e+02 6.758160158280386298e-01
1.378378378378378386e+02 6.584180173595632901e-01
1.379879879879879923e+02 6.450916491344131920e-01
1.381381381381381459e+02 6.342980601583435574e-01
1.382882882882882996e+02 6.893891440822066397e-01
1.384384384384384532e+02 8.250465420945083395e-01
1.385885885885885784e+02 8.479086706802165807e-01
1.387387387387387321e+02 7.579129238916326727e-01
1.388888888888888857e+02 6.458855712731675913e-01
1.390390390390390394e+02 6.136314026773398433e-01
1.391891891891891930e+02 6.303301346706771113e-01
1.393393393393393467e+02 6.788568815981363969e-01
1.394894894894895003e+02 7.332504676951163702e-01
1.396396396396396540e+02 7.982439708095991904e-01
1.397897897897897792e+02 8.719721084949604295e-01
1.399399399399399329e+02 8.520529573977853044e-01
1.400900900900900865e+02 8.200403490787080418e-01
1.402402402402402402e+02 7.859668203240858242e-01
1.403903903903903938e+02 7.525482207023856951e-01
1.405405405405405475e+02 7.220393929712964898e-01
1.406906906906907011e+02 6.958350359381875183e-01
1.408408408408408548e+02 6.740970841477453845e-01
1.409909909909909800e+02 6.572607862037898041e-01
1.411411411411411336e+02 6.442785412275326973e-01
1.412912912912912873e+02 6.336921358618530231e-01
1.414414414414414409e+02 6.987584104944071228e-01
1.415915915915915946e+02 8.318906847971212493e-01
1.417417417417417482e+02 8.439091557059177351e-01
1.418918918918919019e+02 7.483260370849051935e-01
1.420420420420420555e+02 6.380319445226251274e-01
1.421921921921921808e+02 6.127170334746789848e-01
1.423423423423423344e+02 6.339520142567076633e-01
1.424924924924924881e+02 6.829176801295300248e-01
1.426426426426426417e+02 7.372810912116494197e-01
1.427927927927927954e+02 8.039203192545932852e-01
1.429429429429429490e+02 8.774541704890462812e-01
1.430930930930931027e+02 8.496502389946500866e-01
1.432432432432432563e+02 8.173055416028307540e-01
1.433933933933933815e+02 7.832554407305138966e-01
1.435435435435435352e+02 7.501507407880835254e-01
1.436936936936936888e+02 7.200638431521866334e-01
1.438438438438438425e+02 6.942233642269327598e-01
1.439939939939939961e+02 6.726361414022085095e-01
1.441441441441441498e+02 6.561350072828804336e-01
1.442942942942943034e+02 6.433190675814250969e-01
1.444444444444444571e+02 6.328944549892125959e-01
1.445945945945946107e+02 7.123693613883383957e-01
1.447447447447447360e+02 8.364756060423248485e-01
1.448948948948948896e+02 8.381096518966939524e-01
1.450450450450450433e+02 7.377035031337899618e-01
1.451951951951951969e+02 6.339548107686869827e-01
1.453453453453453506e+02 6.129566458242846627e-01
1.454954954954955042e+02 6.361256735279137153e-01
1.456456456456456579e+02 6.866633003230204757e-01
1.457957957957958115e+02 7.419360680564685007e-01
1.459459459459459367e+02 8.090771178004683151e-01
1.460960960960960904e+02 8.755674941894353580e-01
1.462462462462462440e+02 8.474209162249473071e-01
1.463963963963963977e+02 8.148174253611969453e-01
1.465465465465465513e+02 7.806101128459344007e-01
1.466966966966967050e+02 7.475405036833543404e-01
1.468468468468468586e+02 7.177352976798569983e-01
1.469969969969970123e+02 6.923487573814319784e-01
1.471471471471471375e+02 6.711002536853463152e-01
1.472972972972972912e+02 6.551597490497500509e-01
1.474474474474474448e+02 6.425446314013352200e-01
1.475975975975975985e+02 6.321674729051720565e-01
1.477477477477477521e+02 7.256645533751346910e-01
1.478978978978979058e+02 8.433861195503077335e-01
1.480480480480480594e+02 8.339096594039143717e-01
1.481981981981982130e+02 7.283310095510032722e-01
1.483483483483483383e+02 6.301081140114649370e-01
1.484984984984984919e+02 6.169647198846144320e-01
1.486486486486486456e+02 6.412902349635797306e-01
1.487987987987987992e+02 6.910584411662780147e-01
1.489489489489489529e+02 7.468936753827988273e-01
1.490990990990991065e+02 8.156883019893154119e-01
1.492492492492492602e+02 8.734415499141969796e-01
1.493993993993994138e+02 8.448643510717880334e-01
1.495495495495495391e+02 8.121663511710607297e-01
1.496996996996996927e+02 7.781038544038226812e-01
1.498498498498498464e+02 7.452616173435893110e-01
1.500000000000000000e+02 7.156747824605558250e-01
