0.000000000000000000e+00 9.544678793211739398e-01
1.501501501501501523e-01 8.234491661414297115e-01
3.003003003003003046e-01 6.303016730759843922e-01
4.504504504504504570e-01 4.570443109622784328e-01
6.006006006006006093e-01 3.630688480415351638e-01
7.507507507507507061e-01 3.234900755197990807e-01
9.009009009009009139e-01 3.237251728821740615e-01
1.051051051051051122e+00 4.051761990115129719e-01
1.201201201201201219e+00 5.217869225364840657e-01
1.351351351351351315e+00 5.939590533769408820e-01
1.501501501501501412e+00 5.813832219312816685e-01
1.651651651651651731e+00 5.540334163252293997e-01
1.801801801801801828e+00 5.713325813982880197e-01
1.951951951951951925e+00 5.952451855120209911e-01
2.102102102102102243e+00 6.228188451977096918e-01
2.252252252252252340e+00 6.509894414994009670e-01
2.402402402402402437e+00 6.768901704699162858e-01
2.552552552552552534e+00 6.980146614877168476e-01
2.702702702702702631e+00 7.122526224283167728e-01
2.852852852852852727e+00 7.179037761863733547e-01
3.003003003003002824e+00 7.137335209106467904e-01
3.153153153153153365e+00 6.986379833053809607e-01
3.303303303303303462e+00 6.831036313123718395e-01
3.453453453453453559e+00 6.463123078008481404e-01
3.603603603603603656e+00 5.879123257944182113e-01
3.753753753753753752e+00 5.669622434712309200e-01
3.903903903903903849e+00 6.033799507240423798e-01
4.054054054054054390e+00 6.327493361845130115e-01
4.204204204204204487e+00 6.042095302810143176e-01
4.354354354354354584e+00 5.277732519811988432e-01
4.504504504504504681e+00 4.612596025025992863e-01
4.654654654654654777e+00 4.459178942623471253e-01
4.804804804804804874e+00 4.361485210151644365e-01
4.954954954954954971e+00 4.220015087178414226e-01
5.105105105105105068e+00 4.124217335085977876e-01
5.255255255255255165e+00 4.085659421703797256e-01
5.405405405405405261e+00 4.110005169103863598e-01
5.555555555555555358e+00 4.193313463506086469e-01
5.705705705705705455e+00 4.322301899916782819e-01
5.855855855855855552e+00 4.477794569683423709e-01
6.006006006006005649e+00 4.638437354665896351e-01
6.156156156156156634e+00 4.783251230772598284e-01
6.306306306306306730e+00 4.742471338974507677e-01
6.456456456456456827e+00 4.285335770022788426e-01
6.606606606606606924e+00 4.345050509865475141e-01
6.756756756756757021e+00 4.675964444056332492e-01
6.906906906906907118e+00 5.192003877638005083e-01
7.057057057057057214e+00 5.669929862771471152e-01
7.207207207207207311e+00 5.788192259874499479e-01
7.357357357357357408e+00 5.372649709662283835e-01
7.507507507507507505e+00 4.532800230211094794e-01
7.657657657657657602e+00 3.624335868767845636e-01
7.807807807807807698e+00 3.031443890765069260e-01
7.957957957957957795e+00 2.919401785995174303e-01
8.108108108108108780e+00 2.927031133354670023e-01
8.258258258258258877e+00 2.965735675418944006e-01
8.408408408408408974e+00 3.032513148950301551e-01
8.558558558558559071e+00 3.123012569006928807e-01
8.708708708708709167e+00 3.230828345894973253e-01
8.858858858858859264e+00 3.346979650530600425e-01
9.009009009009009361e+00 3.460132122714829617e-01
9.159159159159159458e+00 3.557670995559199523e-01
9.309309309309309555e+00 3.627181527133088723e-01
9.459459459459459651e+00 3.556920258081599506e-01
9.609609609609609748e+00 3.606680055787899186e-01
9.759759759759759845e+00 3.827808366819701047e-01
9.909909909909909942e+00 4.268200533478798686e-01
1.006006006006006004e+01 5.041538310258862898e-01
1.021021021021021014e+01 5.685761576784000848e-01
1.036036036036036023e+01 5.700468506591953588e-01
1.051051051051051033e+01 4.951984372367022602e-01
1.066066066066066043e+01 3.736101558710525072e-01
1.081081081081081052e+01 2.716413066772295215e-01
1.096096096096096062e+01 2.454416336077636096e-01
1.111111111111111072e+01 2.386787304903509876e-01
1.126126126126126081e+01 2.307956523469593679e-01
1.141141141141141091e+01 2.261484382219481337e-01
1.156156156156156101e+01 2.262971331435221500e-01
1.171171171171171110e+01 2.323634628523539858e-01
1.186186186186186120e+01 2.443228460055553997e-01
1.201201201201201130e+01 2.609136708460190190e-01
1.216216216216216317e+01 2.800930522926851629e-01
1.231231231231231327e+01 2.995465404513326102e-01
1.246246246246246336e+01 3.170202840553037471e-01
1.261261261261261346e+01 3.061453350666919482e-01
1.276276276276276356e+01 2.899099441510231134e-01
1.291291291291291365e+01 3.054974140258080451e-01
1.306306306306306375e+01 3.782139937648356653e-01
1.321321321321321385e+01 4.906571503794343592e-01
1.336336336336336394e+01 5.712529540883017898e-01
1.351351351351351404e+01 5.705509266557066139e-01
1.366366366366366414e+01 4.847166280214131873e-01
1.381381381381381424e+01 3.546175836051794761e-01
1.396396396396396433e+01 2.519638757195373779e-01
1.411411411411411443e+01 2.226875505237607411e-01
1.426426426426426453e+01 2.178665120539705347e-01
1.441441441441441462e+01 2.141760809422008360e-01
1.456456456456456472e+01 2.119371404614857624e-01
1.471471471471471482e+01 2.126188105069943823e-01
1.486486486486486491e+01 2.176960749753847346e-01
1.501501501501501501e+01 2.278012465213923865e-01
1.516516516516516511e+01 2.422624381406589811e-01
1.531531531531531520e+01 2.593575875417679644e-01
1.546546546546546530e+01 2.769042487981874245e-01
1.561561561561561540e+01 2.927206662430117401e-01
1.576576576576576549e+01 2.807714139206862747e-01
1.591591591591591559e+01 2.693061517925131598e-01
1.606606606606606746e+01 2.858349742451228304e-01
1.621621621621621756e+01 3.746871030041345474e-01
1.636636636636636766e+01 4.983686062275747841e-01
1.651651651651651775e+01 5.768232057340748620e-01
1.666666666666666785e+01 5.651129328362494153e-01
1.681681681681681795e+01 4.657324774460891992e-01
1.696696696696696804e+01 3.272449456572171789e-01
1.711711711711711814e+01 2.314052823455277907e-01
1.726726726726726824e+01 2.132704131240800716e-01
1.741741741741741833e+01 2.089594758294547050e-01
1.756756756756756843e+01 2.048743668395622275e-01
1.771771771771771853e+01 2.019949689899440681e-01
1.786786786786786863e+01 2.020801032293273458e-01
1.801801801801801872e+01 2.069048465182421748e-01
1.816816816816816882e+01 2.173086054408522871e-01
1.831831831831831892e+01 2.326353734547303431e-01
1.846846846846846901e+01 2.509993043237505050e-01
1.861861861861861911e+01 2.699608827130067223e-01
1.876876876876876921e+01 2.870825438026657905e-01
1.891891891891891930e+01 2.692655183385355699e-01
1.906906906906906940e+01 2.528551158456496806e-01
1.921921921921921950e+01 2.699235216138132776e-01
1.936936936936936959e+01 3.727397129093575900e-01
1.951951951951951969e+01 5.031063133545378152e-01
1.966966966966966979e+01 5.777955568979682432e-01
1.981981981981981988e+01 5.567371238618238349e-01
1.996996996996996998e+01 4.500032651259577854e-01
2.012012012012012008e+01 3.115036855092783719e-01
2.027027027027027017e+01 2.244272128466252847e-01
2.042042042042042027e+01 2.095540463245124108e-01
2.057057057057057037e+01 2.064611708169119264e-01
2.072072072072072046e+01 2.032510970720793897e-01
2.087087087087087056e+01 2.009775911410025262e-01
2.102102102102102066e+01 2.014793422257748212e-01
2.117117117117117076e+01 2.065919283186073430e-01
2.132132132132132085e+01 2.171366319292060143e-01
2.147147147147147095e+01 2.324174005324525782e-01
2.162162162162162105e+01 2.505706786402018271e-01
2.177177177177177114e+01 2.692369813059409811e-01
2.192192192192192124e+01 2.860419737478891444e-01
2.207207207207207134e+01 2.653922698442553463e-01
2.222222222222222143e+01 2.478279907171601348e-01
2.237237237237237153e+01 2.664529499243612487e-01
2.252252252252252163e+01 3.763541723807835027e-01
2.267267267267267172e+01 5.082056745089627015e-01
2.282282282282282182e+01 5.794773188270919695e-01
2.297297297297297192e+01 5.521309670498356637e-01
2.312312312312312201e+01 4.391622384235256971e-01
2.327327327327327211e+01 2.997533125063849835e-01
2.342342342342342221e+01 2.199909718980805062e-01
2.357357357357357230e+01 2.089144450177115031e-01
2.372372372372372240e+01 2.058304462264280710e-01
2.387387387387387250e+01 2.026348746067954676e-01
2.402402402402402259e+01 2.004240862569233728e-01
2.417417417417417624e+01 2.010555308491880633e-01
2.432432432432432634e+01 2.064034130786406851e-01
2.447447447447447644e+01 2.173094159333349151e-01
2.462462462462462653e+01 2.330099855028185118e-01
2.477477477477477663e+01 2.515018054614736598e-01
2.492492492492492673e+01 2.703052885148415907e-01
2.507507507507507682e+01 2.870194561786819643e-01
2.522522522522522692e+01 2.630189400583607395e-01
2.537537537537537702e+01 2.455720369843586437e-01
2.552552552552552712e+01 2.703709740908146197e-01
2.567567567567567721e+01 3.868675758576186618e-01
2.582582582582582731e+01 5.164922369874979102e-01
2.597597597597597741e+01 5.797772722790721645e-01
2.612612612612612750e+01 5.445281622184636738e-01
2.627627627627627760e+01 4.277033327291512865e-01
2.642642642642642770e+01 2.903137728390983163e-01
2.657657657657657779e+01 2.182246732930548105e-01
2.672672672672672789e+01 2.086827337282071426e-01
2.687687687687687799e+01 2.057596238658975785e-01
2.702702702702702808e+01 2.026848005449298773e-01
2.717717717717717818e+01 2.006781266558023691e-01
2.732732732732732828e+01 2.016361438345548318e-01
2.747747747747747837e+01 2.073362978448583249e-01
2.762762762762762847e+01 2.184816967573071644e-01
2.777777777777777857e+01 2.342620878583941413e-01
2.792792792792792866e+01 2.527153620094497177e-01
2.807807807807807876e+01 2.713906762188633692e-01
2.822822822822822886e+01 2.878551830248345378e-01
2.837837837837837895e+01 2.598153978004078546e-01
2.852852852852852905e+01 2.430914588187799708e-01
2.867867867867867915e+01 2.746515357094949095e-01
2.882882882882882924e+01 3.972944323055426219e-01
2.897897897897897934e+01 5.257781745199132661e-01
2.912912912912912944e+01 5.824959172030294008e-01
2.927927927927927954e+01 5.383457764949466373e-01
2.942942942942942963e+01 4.158270633146336492e-01
2.957957957957957973e+01 2.802393536452793543e-01
2.972972972972972983e+01 2.159517576253888183e-01
2.987987987987987992e+01 2.083846547862631682e-01
3.003003003003003002e+01 2.055029326479153873e-01
3.018018018018018012e+01 2.024996306451394001e-01
3.033033033033033021e+01 2.006286958155652222e-01
3.048048048048048031e+01 2.018541191970327497e-01
3.063063063063063041e+01 2.079765967088006151e-01
3.078078078078078050e+01 2.195904936524344930e-01
3.093093093093093060e+01 2.357024605013231244e-01
3.108108108108108070e+01 2.542375230374854800e-01
3.123123123123123079e+01 2.727618965612002566e-01
3.138138138138138089e+01 2.889336183848491557e-01
3.153153153153153099e+01 2.589615778056330586e-01
3.168168168168168108e+01 2.428103267819688160e-01
3.183183183183183118e+01 2.807569329886949738e-01
3.198198198198198128e+01 4.065867961126463093e-01
3.213213213213213493e+01 5.312026094139117305e-01
3.228228228228228147e+01 5.814343027764822258e-01
3.243243243243243512e+01 5.315018302297871422e-01
3.258258258258258167e+01 4.057077728350720336e-01
3.273273273273273531e+01 2.724423519604135535e-01
3.288288288288288186e+01 2.147991226883019800e-01
3.303303303303303551e+01 2.082190574293514007e-01
3.318318318318318205e+01 2.052982512743478927e-01
3.333333333333333570e+01 2.023558610009083825e-01
3.348348348348348225e+01 2.007048198436975628e-01
3.363363363363363590e+01 2.022654339274145285e-01
3.378378378378378244e+01 2.087527233558335582e-01
3.393393393393393609e+01 2.207029750829790360e-01
3.408408408408408263e+01 2.370889271803099940e-01
3.423423423423423628e+01 2.557777576149534160e-01
3.438438438438438283e+01 2.742561619517841498e-01
3.453453453453453648e+01 2.901410968362304055e-01
3.468468468468468302e+01 2.569080003125098766e-01
3.483483483483483667e+01 2.426239628791748149e-01
3.498498498498498321e+01 2.891388291300189817e-01
3.513513513513513686e+01 4.190674825689353900e-01
3.528528528528528341e+01 5.396528279893033631e-01
3.543543543543543706e+01 5.808244655677002877e-01
3.558558558558558360e+01 5.224813564908056263e-01
3.573573573573573725e+01 3.935998242326817498e-01
3.588588588588588379e+01 2.641770496201387153e-01
3.603603603603603744e+01 2.138920334910862642e-01
3.618618618618618399e+01 2.080633430134584405e-01
3.633633633633633764e+01 2.051261968451556505e-01
3.648648648648648418e+01 2.021892659399190662e-01
3.663663663663663783e+01 2.006851054171654991e-01
3.678678678678678438e+01 2.026026344168811444e-01
3.693693693693693803e+01 2.095673770576246819e-01
3.708708708708708457e+01 2.219187413510043672e-01
3.723723723723723822e+01 2.385011634062625674e-01
3.738738738738738476e+01 2.571929733364027859e-01
3.753753753753753841e+01 2.755478185067687935e-01
3.768768768768768496e+01 2.912077095280727890e-01
3.783783783783783861e+01 2.550524568083402110e-01
3.798798798798798515e+01 2.417526757607258714e-01
3.813813813813813880e+01 2.955902595803038269e-01
3.828828828828828534e+01 4.286120093734620551e-01
3.843843843843843899e+01 5.463143690909944006e-01
3.858858858858859264e+01 5.813741726072494398e-01
3.873873873873873919e+01 5.158578412923205958e-01
3.888888888888889284e+01 3.829405627410049640e-01
3.903903903903903938e+01 2.567383875808628146e-01
3.918918918918919303e+01 2.128382882885088978e-01
3.933933933933933957e+01 2.078426452838629257e-01
3.948948948948949322e+01 2.049022717130451476e-01
3.963963963963963977e+01 2.020518223397456958e-01
3.978978978978979342e+01 2.007293685975249653e-01
3.993993993993993996e+01 2.029321185665047267e-01
4.009009009009009361e+01 2.102859207543136266e-01
4.024024024024024015e+01 2.230592699089589959e-01
4.039039039039039380e+01 2.399546663298549320e-01
4.054054054054054035e+01 2.587252318524777550e-01
4.069069069069069400e+01 2.768964634639555777e-01
4.084084084084084054e+01 2.920867360261859558e-01
4.099099099099099419e+01 2.544193664558196954e-01
4.114114114114114074e+01 2.434278423441742500e-01
4.129129129129129439e+01 3.051804381325373128e-01
4.144144144144144093e+01 4.393918417486691874e-01
4.159159159159159458e+01 5.510554592743127644e-01
4.174174174174174112e+01 5.779271796416886042e-01
4.189189189189189477e+01 5.066352113834746707e-01
4.204204204204204132e+01 3.721711666128015294e-01
4.219219219219219497e+01 2.504774582330804855e-01
4.234234234234234151e+01 2.124343619199193234e-01
4.249249249249249516e+01 2.076464987070509305e-01
4.264264264264264170e+01 2.046499234660212607e-01
4.279279279279279535e+01 2.018455710516076085e-01
4.294294294294294190e+01 2.007646671274476713e-01
4.309309309309309555e+01 2.033638737781156003e-01
4.324324324324324209e+01 2.111278860278281710e-01
4.339339339339339574e+01 2.242125460281193527e-01
4.354354354354354228e+01 2.413000728152980001e-01
4.369369369369369593e+01 2.601496565708572017e-01
4.384384384384384248e+01 2.782524172233321602e-01
4.399399399399399613e+01 2.853294525347321864e-01
4.414414414414414267e+01 2.520822963597403321e-01
4.429429429429429632e+01 2.436153243110218969e-01
4.444444444444444287e+01 3.141758932329933862e-01
4.459459459459459651e+01 4.510892426898608920e-01
4.474474474474474306e+01 5.585613156952701219e-01
4.489489489489489671e+01 5.767711012160430251e-01
4.504504504504504325e+01 4.972648603839395220e-01
4.519519519519519690e+01 3.602747447089744703e-01
4.534534534534534345e+01 2.437432167233411218e-01
4.549549549549549710e+01 2.118409870188045219e-01
4.564564564564564364e+01 2.074330757781480683e-01
4.579579579579579729e+01 2.044442528995215058e-01
4.594594594594594383e+01 2.016874179075122953e-01
4.609609609609609748e+01 2.007726618709000377e-01
4.624624624624624403e+01 2.037253126576362983e-01
4.639639639639639768e+01 2.119716168477739915e-01
4.654654654654654422e+01 2.254802725782363571e-01
4.669669669669669787e+01 2.427713541162845323e-01
4.684684684684684441e+01 2.615787941402242245e-01
4.699699699699699806e+01 2.794708228639838365e-01
4.714714714714714461e+01 2.816710708689877940e-01
4.729729729729729826e+01 2.511539778018654911e-01
4.744744744744744480e+01 2.449732582142242765e-01
4.759759759759759845e+01 3.224510255762662592e-01
4.774774774774774500e+01 4.596360020713300965e-01
4.789789789789789864e+01 5.622453269801027664e-01
4.804804804804804519e+01 5.742794865661370318e-01
4.819819819819819884e+01 4.892717380485521739e-01
4.834834834834835249e+01 3.502698901298067491e-01
4.849849849849849903e+01 2.385655727031824602e-01
4.864864864864865268e+01 2.112283833430145252e-01
4.879879879879879923e+01 2.071982948773461175e-01
4.894894894894895288e+01 2.041898219521677549e-01
4.909909909909909942e+01 2.015480069595879942e-01
4.924924924924925307e+01 2.008830325896680813e-01
4.939939939939939961e+01 2.041689529936147884e-01
4.954954954954955326e+01 2.127832173272744820e-01
4.969969969969969981e+01 2.266483945732691296e-01
4.984984984984985346e+01 2.442078552005625125e-01
5.000000000000000000e+01 2.630954904947887529e-01
5.015015015015015365e+01 2.808164539770197088e-01
5.030030030030030019e+01 2.768870847830673387e-01
5.045045045045045384e+01 2.500431076699594635e-01
5.060060060060060039e+01 2.481065076755342713e-01
5.075075075075075404e+01 3.338525142372912313e-01
5.090090090090090058e+01 4.711173408929358319e-01
5.105105105105105423e+01 5.666786665576009074e-01
5.120120120120120077e+01 5.693960770912728231e-01
5.135135135135135442e+01 4.783546459176207799e-01
5.150150150150150097e+01 3.390994480681604473e-01
5.165165165165165462e+01 2.337440324315670781e-01
5.180180180180180116e+01 2.109682857379509002e-01
5.195195195195195481e+01 2.070044005011102695e-01
5.210210210210210136e+01 2.039588346270826968e-01
5.225225225225225500e+01 2.013680815728250417e-01
5.240240240240240155e+01 2.009541790414357265e-01
5.255255255255255520e+01 2.046738230680352766e-01
5.270270270270270174e+01 2.137399165860357775e-01
5.285285285285285539e+01 2.279094897935132202e-01
5.300300300300300194e+01 2.455874829311958940e-01
5.315315315315315559e+01 2.644553075430000622e-01
5.330330330330330213e+01 2.820451172511803106e-01
5.345345345345345578e+01 2.727102955119976579e-01
5.360360360360360232e+01 2.479076436768737346e-01
5.375375375375375597e+01 2.494954477047670593e-01
5.390390390390390252e+01 3.428054396037694684e-01
5.405405405405405617e+01 4.808691774877668079e-01
5.420420420420420271e+01 5.720031079278682373e-01
5.435435435435435636e+01 5.671384255247891026e-01
5.450450450450450290e+01 4.690284560468808706e-01
5.465465465465465655e+01 3.282926250162645498e-01
5.480480480480480310e+01 2.290552909169992490e-01
5.495495495495495675e+01 2.102865624917532872e-01
5.510510510510510329e+01 2.067638551584000950e-01
5.525525525525525694e+01 2.037465266192907687e-01
5.540540540540540349e+01 2.012590686870974477e-01
5.555555555555555713e+01 2.010504052302402866e-01
5.570570570570570368e+01 2.051141049564074170e-01
5.585585585585585733e+01 2.146296676278330040e-01
5.600600600600600387e+01 2.292115458720776211e-01
5.615615615615615752e+01 2.471027355047514251e-01
5.630630630630630407e+01 2.659163502144274993e-01
5.645645645645645772e+01 2.832336169249909941e-01
5.660660660660660426e+01 2.705215398274740668e-01
5.675675675675675791e+01 2.475743688493316497e-01
5.690690690690690445e+01 2.538235412429931115e-01
5.705705705705705810e+01 3.532298260333531226e-01
5.720720720720720465e+01 4.892164043358871450e-01
5.735735735735735830e+01 5.733804227102499151e-01
5.750750750750750484e+01 5.616131443926966060e-01
5.765765765765765849e+01 4.592536362446861253e-01
5.780780780780781214e+01 3.186995970151809687e-01
5.795795795795795868e+01 2.258427292614871851e-01
5.810810810810811233e+01 2.096471454240665111e-01
5.825825825825825888e+01 2.065287421989565331e-01
5.840840840840841253e+01 2.034866169833187133e-01
5.855855855855855907e+01 2.011326782219134413e-01
5.870870870870871272e+01 2.012334825060465571e-01
5.885885885885885926e+01 2.056894243414352785e-01
5.900900900900901291e+01 2.155670619208850392e-01
5.915915915915915946e+01 2.304297336065511126e-01
5.930930930930931311e+01 2.485050906210927446e-01
5.945945945945945965e+01 2.673630117819439933e-01
5.960960960960961330e+01 2.845199635388215853e-01
5.975975975975975985e+01 2.666079503141358664e-01
5.990990990990991349e+01 2.458331913097643040e-01
6.006006006006006004e+01 2.579946971177583537e-01
6.021021021021021369e+01 3.648691713380544654e-01
6.036036036036036023e+01 5.002429614430938809e-01
6.051051051051051388e+01 5.773511668665672891e-01
6.066066066066066043e+01 5.561008328881400509e-01
6.081081081081081408e+01 4.476830500885762287e-01
6.096096096096096062e+01 3.079040634652489561e-01
6.111111111111111427e+01 2.224672769813977047e-01
6.126126126126126081e+01 2.090829156046599413e-01
6.141141141141141446e+01 2.063231762750469545e-01
6.156156156156156101e+01 2.032802037309131837e-01
6.171171171171171466e+01 2.010018454201902283e-01
6.186186186186186120e+01 2.013575312345876056e-01
6.201201201201201485e+01 2.062566043851130348e-01
6.216216216216216139e+01 2.166137165814637777e-01
6.231231231231231504e+01 2.317965135390045450e-01
6.246246246246246159e+01 2.499540337891975050e-01
6.261261261261261524e+01 2.687056646826956885e-01
6.276276276276276178e+01 2.856447400509856127e-01
6.291291291291291543e+01 2.645940995958898645e-01
6.306306306306306197e+01 2.445575412309418661e-01
6.321321321321321562e+01 2.617240601461549576e-01
6.336336336336336217e+01 3.739540369864543523e-01
6.351351351351351582e+01 5.077134286280323705e-01
6.366366366366366236e+01 5.795909829282019921e-01
6.381381381381381601e+01 5.518875205713155152e-01
6.396396396396396256e+01 4.382359220341227046e-01
6.411411411411411621e+01 2.986510423106046308e-01
6.426426426426426985e+01 2.198246773544596522e-01
6.441441441441440929e+01 2.088806977253603869e-01
6.456456456456456294e+01 2.060722464779214669e-01
6.471471471471471659e+01 2.030685215160489832e-01
6.486486486486487024e+01 2.009504909171505871e-01
6.501501501501500968e+01 2.015690483463463412e-01
6.516516516516516333e+01 2.068126303155714274e-01
6.531531531531531698e+01 2.175636825964664678e-01
6.546546546546547063e+01 2.331061727259523819e-01
6.561561561561561007e+01 2.514662294372578821e-01
6.576576576576576372e+01 2.701716304231789878e-01
6.591591591591591737e+01 2.868163315295952920e-01
6.606606606606607102e+01 2.627415674426000769e-01
6.621621621621621046e+01 2.444236607291224439e-01
6.636636636636636410e+01 2.687014072745405047e-01
6.651651651651651775e+01 3.860319241910380450e-01
6.666666666666667140e+01 5.162642320248653771e-01
6.681681681681681084e+01 5.796159708705923563e-01
6.696696696696696449e+01 5.440677091735756088e-01
6.711711711711711814e+01 4.269033448306931988e-01
6.726726726726727179e+01 2.895157943790807042e-01
6.741741741741742544e+01 2.180401122359971744e-01
6.756756756756756488e+01 2.086983866721866532e-01
6.771771771771771853e+01 2.058469146205159361e-01
6.786786786786787218e+01 2.028243499459467802e-01
6.801801801801802583e+01 2.008474785905049464e-01
6.816816816816816527e+01 2.018140088799784126e-01
6.831831831831831892e+01 2.075069363981108805e-01
6.846846846846847257e+01 2.186383027722119954e-01
6.861861861861862621e+01 2.344063402971050536e-01
6.876876876876876565e+01 2.528535735328049650e-01
6.891891891891891930e+01 2.715296054563086647e-01
6.906906906906907295e+01 2.879989872967887998e-01
6.921921921921922660e+01 2.598264699754956331e-01
6.936936936936936604e+01 2.425994673488539310e-01
6.951951951951951969e+01 2.738664723447553073e-01
6.966966966966967334e+01 3.968251166180963851e-01
6.981981981981982699e+01 5.255769161520115196e-01
6.996996996996996643e+01 5.823911935757296598e-01
7.012012012012012008e+01 5.381929406536958282e-01
7.027027027027027373e+01 4.155871092359012531e-01
7.042042042042042738e+01 2.800452247800955807e-01
7.057057057057056682e+01 2.159991732341220716e-01
7.072072072072072046e+01 2.084745543685037616e-01
7.087087087087087411e+01 2.056234289700916706e-01
7.102102102102102776e+01 2.026435881199936395e-01
7.117117117117116720e+01 2.007862814940239438e-01
7.132132132132132085e+01 2.020139049782503637e-01
7.147147147147147450e+01 2.081288308907354723e-01
7.162162162162162815e+01 2.197302876911440550e-01
7.177177177177176759e+01 2.358295097059505963e-01
7.192192192192192124e+01 2.543533264487279899e-01
7.207207207207207489e+01 2.728678272986579945e-01
7.222222222222222854e+01 2.890307516269172150e-01
7.237237237237236798e+01 2.589977284262979240e-01
7.252252252252252163e+01 2.426956792955309861e-01
7.267267267267267528e+01 2.806388358149389251e-01
7.282282282282282893e+01 4.066068176427578007e-01
7.297297297297296836e+01 5.312563608420191041e-01
7.312312312312312201e+01 5.814243342009655091e-01
7.327327327327327566e+01 5.314051347469690434e-01
7.342342342342342931e+01 4.055596546146150727e-01
7.357357357357356875e+01 2.723415354950403100e-01
7.372372372372372240e+01 2.148400369509519126e-01
7.387387387387387605e+01 2.082723249150763012e-01
7.402402402402402970e+01 2.053620858291092255e-01
7.417417417417416914e+01 2.024268188992577044e-01
7.432432432432432279e+01 2.007798711101635158e-01
7.447447447447447644e+01 2.023410559301295486e-01
7.462462462462463009e+01 2.088246857908104270e-01
7.477477477477476953e+01 2.207678400889259152e-01
7.492492492492492318e+01 2.371455947962237965e-01
7.507507507507507682e+01 2.558271246525840592e-01
7.522522522522523047e+01 2.742994727468278660e-01
7.537537537537536991e+01 2.901786006290932862e-01
7.552552552552552356e+01 2.568799369476002514e-01
7.567567567567567721e+01 2.425436786545107082e-01
7.582582582582583086e+01 2.891353918385110022e-01
7.597597597597597030e+01 4.191545294763889817e-01
7.612612612612612395e+01 5.397343376116096048e-01
7.627627627627627760e+01 5.808180874129710292e-01
7.642642642642643125e+01 5.223607599241248955e-01
7.657657657657657069e+01 3.934247104490235514e-01
7.672672672672672434e+01 2.640615847537700622e-01
7.687687687687687799e+01 2.138917661239612966e-01
7.702702702702703164e+01 2.080752448409880218e-01
7.717717717717718529e+01 2.051433647876436672e-01
7.732732732732732472e+01 2.022117866695261890e-01
7.747747747747747837e+01 2.007132450057723949e-01
7.762762762762763202e+01 2.026372031034214816e-01
7.777777777777778567e+01 2.096086692621761949e-01
7.792792792792792511e+01 2.219650426437739243e-01
7.807807807807807876e+01 2.385487299479525369e-01
7.822822822822823241e+01 2.572377901821921720e-01
7.837837837837838606e+01 2.755871744751692831e-01
7.852852852852852550e+01 2.912405188922159716e-01
7.867867867867867915e+01 2.550655535415968234e-01
7.882882882882883280e+01 2.417626328236178179e-01
7.897897897897898645e+01 2.956722195990224011e-01
7.912912912912912589e+01 4.287182000604335963e-01
7.927927927927927954e+01 5.463724504462003084e-01
7.942942942942943318e+01 5.813614877693968896e-01
7.957957957957958683e+01 5.157786637545269670e-01
7.972972972972972627e+01 3.828245827857016392e-01
7.987987987987987992e+01 2.566663219556451492e-01
8.003003003003003357e+01 2.128433695135677761e-01
8.018018018018018722e+01 2.078542877931698341e-01
8.033033033033032666e+01 2.049134436616492361e-01
8.048048048048048031e+01 2.020636493432129976e-01
8.063063063063063396e+01 2.007431669464319890e-01
8.078078078078078761e+01 2.029484242406064398e-01
8.093093093093092705e+01 2.103046810689749024e-01
8.108108108108108070e+01 2.230804109187891349e-01
8.123123123123123435e+01 2.399779054549072421e-01
8.138138138138138800e+01 2.587492715877388050e-01
8.153153153153152743e+01 2.769188021732679750e-01
8.168168168168168108e+01 2.920074292589496245e-01
8.183183183183183473e+01 2.544014655062463159e-01
8.198198198198198838e+01 2.434390246875130781e-01
8.213213213213212782e+01 3.053015132597844961e-01
8.228228228228228147e+01 4.395417465668126078e-01
8.243243243243243512e+01 5.511352976266131742e-01
8.258258258258258877e+01 5.778879699031123085e-01
8.273273273273272821e+01 5.065057512035168186e-01
8.288288288288288186e+01 3.720252636672895519e-01
8.303303303303303551e+01 2.503993800059231001e-01
8.318318318318318916e+01 2.124335410331915641e-01
8.333333333333332860e+01 2.076468993818416653e-01
8.348348348348348225e+01 2.046511944441793962e-01
8.363363363363363590e+01 2.018481495476212584e-01
8.378378378378378954e+01 2.007704754893209209e-01
8.393393393393392898e+01 2.033751106938295472e-01
8.408408408408408263e+01 2.111449054212445053e-01
8.423423423423423628e+01 2.242332998574720349e-01
8.438438438438438993e+01 2.413217366508405015e-01
8.453453453453452937e+01 2.601702601664870329e-01
8.468468468468468302e+01 2.782708731532435587e-01
8.483483483483483667e+01 2.852679540301496508e-01
8.498498498498499032e+01 2.520583727364857363e-01
8.513513513513512976e+01 2.436114282003501996e-01
8.528528528528528341e+01 3.142633264474913868e-01
8.543543543543543706e+01 4.512015386530205951e-01
8.558558558558559071e+01 5.586343546318562892e-01
8.573573573573573015e+01 5.767641303837713895e-01
8.588588588588588379e+01 4.971674170353627686e-01
8.603603603603603744e+01 3.601392580060627235e-01
8.618618618618619109e+01 2.436659268347179108e-01
8.633633633633633053e+01 2.118319015835819219e-01
8.648648648648648418e+01 2.074314046430710268e-01
8.663663663663663783e+01 2.044413554127917088e-01
8.678678678678679148e+01 2.016851071667186135e-01
8.693693693693694513e+01 2.007729988268503740e-01
8.708708708708708457e+01 2.037305715440486109e-01
8.723723723723723822e+01 2.119836665699125489e-01
8.738738738738739187e+01 2.254992297056600259e-01
8.753753753753754552e+01 2.427949421092584492e-01
8.768768768768768496e+01 2.616031666832002167e-01
8.783783783783783861e+01 2.794921990667698086e-01
8.798798798798799226e+01 2.816355539829005217e-01
8.813813813813814591e+01 2.511628720693347971e-01
8.828828828828828534e+01 2.450351899800636835e-01
8.843843843843843899e+01 3.226060860594599511e-01
8.858858858858859264e+01 4.597796742594579822e-01
8.873873873873874629e+01 5.623012341133593051e-01
8.888888888888888573e+01 5.742397998956478844e-01
8.903903903903903938e+01 4.891718033272957622e-01
8.918918918918919303e+01 3.501596776980325787e-01
8.933933933933934668e+01 2.385196572498931022e-01
8.948948948948948612e+01 2.112304240455431525e-01
8.963963963963963977e+01 2.072011973810927998e-01
8.978978978978979342e+01 2.041912511337869718e-01
8.993993993993994707e+01 2.015493339062614520e-01
9.009009009009008651e+01 2.008864438875040959e-01
9.024024024024024015e+01 2.041756385473069979e-01
9.039039039039039380e+01 2.127927611369111183e-01
9.054054054054054745e+01 2.266597354667836961e-01
9.069069069069068689e+01 2.442201684078401380e-01
9.084084084084084054e+01 2.631077957053579164e-01
9.099099099099099419e+01 2.808268471353418949e-01
9.114114114114114784e+01 2.768150132362235394e-01
9.129129129129128728e+01 2.500130210709913814e-01
9.144144144144144093e+01 2.481355976983780909e-01
9.159159159159159458e+01 3.339937546911931898e-01
9.174174174174174823e+01 4.712726070975407633e-01
9.189189189189188767e+01 5.667608205002293564e-01
9.204204204204204132e+01 5.693567182674045268e-01
9.219219219219219497e+01 4.782199838981410212e-01
9.234234234234234862e+01 3.389537056316214159e-01
9.249249249249248805e+01 2.336797837393159161e-01
9.264264264264264170e+01 2.109608635645309205e-01
9.279279279279279535e+01 2.069994716710666649e-01
9.294294294294294900e+01 2.039545709552951502e-01
9.309309309309308844e+01 2.013650889105944863e-01
9.324324324324324209e+01 2.009541716773605158e-01
9.339339339339339574e+01 2.046790818613778706e-01
9.354354354354354939e+01 2.137514012038481404e-01
9.369369369369368883e+01 2.279256628491365955e-01
9.384384384384384248e+01 2.456052357135743436e-01
9.399399399399399613e+01 2.644717871313180257e-01
9.414414414414414978e+01 2.820586064487032862e-01
9.429429429429428922e+01 2.726835844559924449e-01
9.444444444444444287e+01 2.478963807292094979e-01
9.459459459459459651e+01 2.495221835531924726e-01
9.474474474474475016e+01 3.429006660575529275e-01
9.489489489489488960e+01 4.809530971009702283e-01
9.504504504504504325e+01 5.720314551291219018e-01
9.519519519519519690e+01 5.671003679616866133e-01
9.534534534534535055e+01 4.689292826122574143e-01
9.549549549549548999e+01 3.281799810130011097e-01
9.564564564564564364e+01 2.290103172103276075e-01
9.579579579579579729e+01 2.102772102382204911e-01
9.594594594594595094e+01 2.067608905411622011e-01
9.609609609609609038e+01 2.037436251575303336e-01
9.624624624624624403e+01 2.012579003366052888e-01
9.639639639639639768e+01 2.010521759451950330e-01
9.654654654654655133e+01 2.051195666374017457e-01
9.669669669669670498e+01 2.146395036927431776e-01
9.684684684684684441e+01 2.292260124301195856e-01
9.699699699699699806e+01 2.471206858380348981e-01
9.714714714714715171e+01 2.659350349264588687e-01
9.729729729729730536e+01 2.832497058153561897e-01
9.744744744744744480e+01 2.704971182915552053e-01
9.759759759759759845e+01 2.475731552021613879e-01
9.774774774774775210e+01 2.538793940599307075e-01
9.789789789789790575e+01 3.533534008676764149e-01
9.804804804804804519e+01 4.893186475812208447e-01
9.819819819819819884e+01 5.733962711671614088e-01
9.834834834834835249e+01 5.615394714125995224e-01
9.849849849849850614e+01 4.591384724539757656e-01
9.864864864864864558e+01 3.186006015430218330e-01
9.879879879879879923e+01 2.258171561342763312e-01
9.894894894894895288e+01 2.096464573857368952e-01
9.909909909909910652e+01 2.065300362512053622e-01
9.924924924924924596e+01 2.034887977994887520e-01
9.939939939939939961e+01 2.011362159750532674e-01
9.954954954954955326e+01 2.012395668139889682e-01
9.969969969969970691e+01 2.056985062028635070e-01
9.984984984984984635e+01 2.155781111907516534e-01
1.000000000000000000e+02 2.304412223952634620e-01
1.001501501501501536e+02 2.485161533447128313e-01
1.003003003003003073e+02 2.673735073763824355e-01
1.004504504504504467e+02 2.845294918975573295e-01
1.006006006006006004e+02 2.665609465350353147e-01
1.007507507507507540e+02 2.457900542540116529e-01
1.009009009009009077e+02 2.579933345285523316e-01
1.010510510510510471e+02 3.649397796459261101e-01
1.012012012012012008e+02 5.003169351628456996e-01
1.013513513513513544e+02 5.773747471908249329e-01
1.015015015015015081e+02 5.560382932674774459e-01
1.016516516516516475e+02 4.475510320672164699e-01
1.018018018018018012e+02 3.077766449316488573e-01
1.019519519519519548e+02 2.224214672274845150e-01
1.021021021021021085e+02 2.090734331230844900e-01
1.022522522522522479e+02 2.063151661244531920e-01
1.024024024024024015e+02 2.032747013470314612e-01
1.025525525525525552e+02 2.009994567546222466e-01
1.027027027027027088e+02 2.013591704576282448e-01
1.028528528528528483e+02 2.062638287421279526e-01
1.030030030030030019e+02 2.166274881429605670e-01
1.031531531531531556e+02 2.318157065657853177e-01
1.033033033033033092e+02 2.499756572329218107e-01
1.034534534534534487e+02 2.687265350876916203e-01
1.036036036036036023e+02 2.856629327288213727e-01
1.037537537537537560e+02 2.645863863921452674e-01
1.039039039039039096e+02 2.445526037758034010e-01
1.040540540540540491e+02 2.617655224810161441e-01
1.042042042042042027e+02 3.740377521724129184e-01
1.043543543543543564e+02 5.077611242491976151e-01
1.045045045045045100e+02 5.795685655953086712e-01
1.046546546546546494e+02 5.518072860395303314e-01
1.048048048048048031e+02 4.381227413417962402e-01
1.049549549549549567e+02 2.985525757199947727e-01
1.051051051051051104e+02 2.198015270906689966e-01
1.052552552552552498e+02 2.088801194707599895e-01
1.054054054054054035e+02 2.060694941920898915e-01
1.055555555555555571e+02 2.030650138185162989e-01
1.057057057057057108e+02 2.009488620316775276e-01
1.058558558558558644e+02 2.015715105505319626e-01
1.060060060060060039e+02 2.068200491079274228e-01
1.061561561561561575e+02 2.175759941940464404e-01
1.063063063063063112e+02 2.331229390303363180e-01
1.064564564564564648e+02 2.514864212424956502e-01
1.066066066066066043e+02 2.701930661373801446e-01
1.067567567567567579e+02 2.868357666906294345e-01
1.069069069069069116e+02 2.627109719970923130e-01
1.070570570570570652e+02 2.444152350586638878e-01
1.072072072072072046e+02 2.687847262505802526e-01
1.073573573573573583e+02 3.861884174601240005e-01
1.075075075075075119e+02 5.163967711887569312e-01
1.076576576576576656e+02 5.796511452403722009e-01
1.078078078078078050e+02 5.439919327742532840e-01
1.079579579579579587e+02 4.267722046138560654e-01
1.081081081081081123e+02 2.894110878407158971e-01
1.082582582582582660e+02 2.180228531900155475e-01
1.084084084084084054e+02 2.086997636949194934e-01
1.085585585585585591e+02 2.058481962628378736e-01
1.087087087087087127e+02 2.028251027782439486e-01
1.088588588588588664e+02 2.008485388678068195e-01
1.090090090090090058e+02 2.018175056629828157e-01
1.091591591591591595e+02 2.075147234761061110e-01
1.093093093093093131e+02 2.186501177697642295e-01
1.094594594594594668e+02 2.344199125675016093e-01
1.096096096096096062e+02 2.528663821612933127e-01
1.097597597597597598e+02 2.715401027878933671e-01
1.099099099099099135e+02 2.880063842929557194e-01
1.100600600600600671e+02 2.598014072372442640e-01
1.102102102102102066e+02 2.425819338925874202e-01
1.103603603603603602e+02 2.739286315186961196e-01
1.105105105105105139e+02 3.969387513548382485e-01
1.106606606606606675e+02 5.256631015796143780e-01
1.108108108108108070e+02 5.824125382611979873e-01
1.109609609609609606e+02 5.381325000538643710e-01
1.111111111111111143e+02 4.154660955579038695e-01
1.112612612612612679e+02 2.799420461401826432e-01
1.114114114114114074e+02 2.159764541640211977e-01
1.115615615615615610e+02 2.084700537565721823e-01
1.117117117117117147e+02 2.056180395890999657e-01
1.118618618618618683e+02 2.026388661265358382e-01
1.120120120120120077e+02 2.007839440561082212e-01
1.121621621621621614e+02 2.020154531907049356e-01
1.123123123123123150e+02 2.081356250018827070e-01
1.124624624624624687e+02 2.197430212211584910e-01
1.126126126126126081e+02 2.358472132646395325e-01
1.127627627627627618e+02 2.543731045467967355e-01
1.129129129129129154e+02 2.728858599325786893e-01
1.130630630630630691e+02 2.890438161597863598e-01
1.132132132132132085e+02 2.589905175032362061e-01
1.133633633633633622e+02 2.427174597612913043e-01
1.135135135135135158e+02 2.807631494211845768e-01
1.136636636636636695e+02 4.067666964212765524e-01
1.138138138138138089e+02 5.313501305468542046e-01
1.139639639639639626e+02 5.814088071725102003e-01
1.141141141141141162e+02 5.313062256972053143e-01
1.142642642642642699e+02 4.054320216627967377e-01
1.144144144144144093e+02 2.722536948523384681e-01
1.145645645645645629e+02 2.148334288325290387e-01
1.147147147147147166e+02 2.082732913831627508e-01
1.148648648648648702e+02 2.053603706647197658e-01
1.150150150150150097e+02 2.024234534334986568e-01
1.151651651651651633e+02 2.007778375922468772e-01
1.153153153153153170e+02 2.023433644603079840e-01
1.154654654654654706e+02 2.088323905475318043e-01
1.156156156156156243e+02 2.207798896123013832e-01
1.157657657657657637e+02 2.371602568784111353e-01
1.159159159159159174e+02 2.558428956882704552e-01
1.160660660660660710e+02 2.743145526556759473e-01
1.162162162162162247e+02 2.901903721868449582e-01
1.163663663663663641e+02 2.568475578536070780e-01
1.165165165165165178e+02 2.425432840167378867e-01
1.166666666666666714e+02 2.892546288386273479e-01
1.168168168168168251e+02 4.193303393444308136e-01
1.169669669669669645e+02 5.398738481521135890e-01
1.171171171171171181e+02 5.808551988415229239e-01
1.172672672672672718e+02 5.222797322396079966e-01
1.174174174174174254e+02 3.932851180277993630e-01
1.175675675675675649e+02 2.639632165604553493e-01
1.177177177177177185e+02 2.138799340529332627e-01
1.178678678678678722e+02 2.080727719902534523e-01
1.180180180180180258e+02 2.051425712777056043e-01
1.181681681681681653e+02 2.022120539473477030e-01
1.183183183183183189e+02 2.007143350257213632e-01
1.184684684684684726e+02 2.026399637270754339e-01
1.186186186186186262e+02 2.096144307474502588e-01
1.187687687687687657e+02 2.219739005402872056e-01
1.189189189189189193e+02 2.385588803177979833e-01
1.190690690690690730e+02 2.572466435992324940e-01
1.192192192192192266e+02 2.755929010181211170e-01
1.193693693693693660e+02 2.912425103548234029e-01
1.195195195195195197e+02 2.550490061434733113e-01
1.196696696696696733e+02 2.417509503396971793e-01
1.198198198198198270e+02 2.957302737083878919e-01
1.199699699699699664e+02 4.287889151470259952e-01
1.201201201201201201e+02 5.463895765672798222e-01
1.202702702702702737e+02 5.813126461120606825e-01
1.204204204204204274e+02 5.156758115940435205e-01
1.205705705705705668e+02 3.826969049223796770e-01
1.207207207207207205e+02 2.565831046451364506e-01
1.208708708708708741e+02 2.128282064559665065e-01
1.210210210210210278e+02 2.078458884582839450e-01
1.211711711711711672e+02 2.049047779803999936e-01
1.213213213213213209e+02 2.020571791874298806e-01
1.214714714714714745e+02 2.007414255997807540e-01
1.216216216216216282e+02 2.029528658598911128e-01
1.217717717717717676e+02 2.103156234907830602e-01
1.219219219219219212e+02 2.230975774525361388e-01
1.220720720720720749e+02 2.400003471284811729e-01
1.222222222222222285e+02 2.587748140610106051e-01
1.223723723723723680e+02 2.769440520411449724e-01
1.225225225225225216e+02 2.919312368375870936e-01
1.226726726726726753e+02 2.543907053546510255e-01
1.228228228228228289e+02 2.434622453895823879e-01
1.229729729729729684e+02 3.054260876760893639e-01
1.231231231231231220e+02 4.396913790436350333e-01
1.232732732732732757e+02 5.512192577026836515e-01
1.234234234234234293e+02 5.778595516638653784e-01
1.235735735735735688e+02 5.063911376880341209e-01
1.237237237237237224e+02 3.718928143837542666e-01
1.238738738738738761e+02 2.503270192016981421e-01
1.240240240240240297e+02 2.124339615601310849e-01
1.241741741741741691e+02 2.076493954354131366e-01
1.243243243243243228e+02 2.046520528264554051e-01
1.244744744744744764e+02 2.018478116226294639e-01
1.246246246246246301e+02 2.007711730216683033e-01
1.247747747747747695e+02 2.033796554171198867e-01
1.249249249249249232e+02 2.111544920619862209e-01
1.250750750750750768e+02 2.242466578186601278e-01
1.252252252252252305e+02 2.413365441775965348e-01
1.253753753753753841e+02 2.601847607465079260e-01
1.255255255255255236e+02 2.782840522258993587e-01
1.256756756756756772e+02 2.852160358061706646e-01
1.258258258258258309e+02 2.520362782448397065e-01
1.259759759759759845e+02 2.436119938505783289e-01
1.261261261261261239e+02 3.143521660387034178e-01
1.262762762762762776e+02 4.513137179468466598e-01
1.264264264264264312e+02 5.587117472340644708e-01
1.265765765765765849e+02 5.767698589462759706e-01
1.267267267267267243e+02 4.970901686966988087e-01
1.268768768768768780e+02 3.600258517071866504e-01
1.270270270270270316e+02 2.436029757998580958e-01
1.271771771771771853e+02 2.118253832123756231e-01
1.273273273273273247e+02 2.074304882247378357e-01
1.274774774774774784e+02 2.044408723195267896e-01
1.276276276276276320e+02 2.016858151901196605e-01
1.277777777777777857e+02 2.007755426745847782e-01
1.279279279279279251e+02 2.037359262534685078e-01
1.280780780780780788e+02 2.119930019801743171e-01
1.282282282282282324e+02 2.255127182520276219e-01
1.283783783783783861e+02 2.428108043091244672e-01
1.285285285285285397e+02 2.616182486687902986e-01
1.286786786786786934e+02 2.795035474665291120e-01
1.288288288288288186e+02 2.815902946401791507e-01
1.289789789789789722e+02 2.511594412026759704e-01
1.291291291291291259e+02 2.450779592747764635e-01
1.292792792792792795e+02 3.227366572280036539e-01
1.294294294294294332e+02 4.598979120687025079e-01
1.295795795795795868e+02 5.623327372593025508e-01
1.297297297297297405e+02 5.741785784695054851e-01
1.298798798798798941e+02 4.890548705608986912e-01
1.300300300300300194e+02 3.500369035209981439e-01
1.301801801801801730e+02 2.384635928614743106e-01
1.303303303303303267e+02 2.112244957491768438e-01
1.304804804804804803e+02 2.071960252457796248e-01
1.306306306306306340e+02 2.041874329203732241e-01
1.307807807807807876e+02 2.015477456149163127e-01
1.309309309309309413e+02 2.008883195981714664e-01
1.310810810810810949e+02 2.041811300071089408e-01
1.312312312312312201e+02 2.128007765150854991e-01
1.313813813813813738e+02 2.266691952602805094e-01
1.315315315315315274e+02 2.442307623699787045e-01
1.316816816816816811e+02 2.631192763432520509e-01
1.318318318318318347e+02 2.808379956463685212e-01
1.319819819819819884e+02 2.767514238890425582e-01
1.321321321321321420e+02 2.499738385520319517e-01
1.322822822822822957e+02 2.481186432740360437e-01
1.324324324324324209e+02 3.340585001656321551e-01
1.325825825825825746e+02 4.713556855013434355e-01
1.327327327327327282e+02 5.667922325611369772e-01
1.328828828828828819e+02 5.692933037650107497e-01
1.330330330330330355e+02 4.780826831251527298e-01
1.331831831831831892e+02 3.388138459907790168e-01
1.333333333333333428e+02 2.336154195238555609e-01
1.334834834834834965e+02 2.109517315454728925e-01
1.336336336336336217e+02 2.069933136084671776e-01
1.337837837837837753e+02 2.039486861973602017e-01
1.339339339339339290e+02 2.013607506158496541e-01
1.340840840840840826e+02 2.009539205893910996e-01
1.342342342342342363e+02 2.046859506870515877e-01
1.343843843843843899e+02 2.137666158939782457e-01
1.345345345345345436e+02 2.279474685272423473e-01
1.346846846846846972e+02 2.456301868452622217e-01
1.348348348348348509e+02 2.644969448708578419e-01
1.349849849849849761e+02 2.820823095145318371e-01
1.351351351351351298e+02 2.726661770718084576e-01
1.352852852852852834e+02 2.478928165317511589e-01
1.354354354354354371e+02 2.495535743388009320e-01
1.355855855855855907e+02 3.429984948400763289e-01
1.357357357357357444e+02 4.810427702486844703e-01
1.358858858858858980e+02 5.720702525742609179e-01
1.360360360360360517e+02 5.670766317207237561e-01
1.361861861861861769e+02 4.688454911932319336e-01
1.363363363363363305e+02 3.280800853644491033e-01
1.364864864864864842e+02 2.289731314243902971e-01
1.366366366366366378e+02 2.102732235122057869e-01
1.367867867867867915e+02 2.067630070147242205e-01
1.369369369369369451e+02 2.037442264171484829e-01
1.370870870870870988e+02 2.012587252490784517e-01
1.372372372372372524e+02 2.010548481049253267e-01
1.373873873873873777e+02 2.051252252883245530e-01
1.375375375375375313e+02 2.146489123308646108e-01
1.376876876876876850e+02 2.292392618684757633e-01
1.378378378378378386e+02 2.471366155144351651e-01
1.379879879879879923e+02 2.659510557335141301e-01
1.381381381381381459e+02 2.832626045340501664e-01
1.382882882882882996e+02 2.704570435431507547e-01
1.384384384384384532e+02 2.475686781509441325e-01
1.385885885885885784e+02 2.539613292711064285e-01
1.387387387387387321e+02 3.535281197974792788e-01
1.388888888888888857e+02 4.894678773863304078e-01
1.390390390390390394e+02 5.734380211824252616e-01
1.391891891891891930e+02 5.614653780327599764e-01
1.393393393393393467e+02 4.590033477407508555e-01
1.394894894894895003e+02 3.184780425899738643e-01
1.396396396396396540e+02 2.257817172233822223e-01
1.397897897897897792e+02 2.096405528275699648e-01
1.399399399399399329e+02 2.065276671799175512e-01
1.400900900900900865e+02 2.034847326805891976e-01
1.402402402402402402e+02 2.011324616052011793e-01
1.403903903903903938e+02 2.012395911215913991e-01
1.405405405405405475e+02 2.057048455908064566e-01
1.406906906906907011e+02 2.155904286363646005e-01
1.408408408408408548e+02 2.304569158519706729e-01
1.409909909909909800e+02 2.485325226108780483e-01
1.411411411411411336e+02 2.673886193312187132e-01
1.412912912912912873e+02 2.845416164732801900e-01
1.414414414414414409e+02 2.665170931622786732e-01
1.415915915915915946e+02 2.457735023989762735e-01
1.417417417417417482e+02 2.580624373245167247e-01
1.418918918918919019e+02 3.651008516049456532e-01
1.420420420420420555e+02 5.004725924090175360e-01
1.421921921921921808e+02 5.774582755883034269e-01
1.423423423423423344e+02 5.560099110773536468e-01
1.424924924924924881e+02 4.474316845432299017e-01
1.426426426426426417e+02 3.076528448904873869e-01
1.427927927927927954e+02 2.223836395242241304e-01
1.429429429429429490e+02 2.090727841830323785e-01
1.430930930930931027e+02 2.063138018149164865e-01
1.432432432432432563e+02 2.032729011981241063e-01
1.433933933933933815e+02 2.009978505595038933e-01
1.435435435435435352e+02 2.013591056299685600e-01
1.436936936936936888e+02 2.062673489669843707e-01
1.438438438438438425e+02 2.166359542716785325e-01
1.439939939939939961e+02 2.318282478742182406e-01
1.441441441441441498e+02 2.499893368189567422e-01
1.442942942942943034e+02 2.687379768417393344e-01
1.444444444444444571e+02 2.856698121153872783e-01
1.445945945945946107e+02 2.645708636946626502e-01
1.447447447447447360e+02 2.445543527866071987e-01
1.448948948948948896e+02 2.618468923775937318e-01
1.450450450450450433e+02 3.741737156915616591e-01
1.451951951951951969e+02 5.078502183077212573e-01
1.453453453453453506e+02 5.795681251973265891e-01
1.454954954954955042e+02 5.517306328898913259e-01
1.456456456456456579e+02 4.380030086834111325e-01
1.457957957957958115e+02 2.984478585719347321e-01
1.459459459459459367e+02 2.197778195127640943e-01
1.460960960960960904e+02 2.088757101503484204e-01
1.462462462462462440e+02 2.060648886728637663e-01
1.463963963963963977e+02 2.030610286713244728e-01
1.465465465465465513e+02 2.009475838443371132e-01
1.466966966966967050e+02 2.015746324985454030e-01
1.468468468468468586e+02 2.068277743871598517e-01
1.469969969969970123e+02 2.175874337781198153e-01
1.471471471471471375e+02 2.331372263960615476e-01
1.472972972972972912e+02 2.515026410795164757e-01
1.474474474474474448e+02 2.702094807550705635e-01
1.475975975975975985e+02 2.868496253103431926e-01
1.477477477477477521e+02 2.626700620315896018e-01
1.478978978978979058e+02 2.443975058262369549e-01
1.480480480480480594e+02 2.688604272228669045e-01
1.481981981981982130e+02 3.863376745319966887e-01
1.483483483483483383e+02 5.165181369919497056e-01
1.484984984984984919e+02 5.796686376886810432e-01
1.486486486486486456e+02 5.438923618001222371e-01
1.487987987987987992e+02 4.266151055943589454e-01
1.489489489489489529e+02 2.892849512634280695e-01
1.490990990990991065e+02 2.179949338785097668e-01
1.492492492492492602e+02 2.086923994666177173e-01
1.493993993993994138e+02 2.058444310642724151e-01
1.495495495495495391e+02 2.028238607135079974e-01
1.496996996996996927e+02 2.008493879283248240e-01
1.498498498498498464e+02 2.018212413250657367e-01
1.500000000000000000e+02 2.075221528106044599e-01
