0.000000000000000000e+00 7.584699164532351934e-02
1.501501501501501523e-01 2.916804531874381823e-01
3.003003003003003046e-01 4.446226933223991762e-01
4.504504504504504570e-01 4.840327897174343530e-01
6.006006006006006093e-01 4.577523104740744975e-01
7.507507507507507061e-01 4.957129733394820548e-01
9.009009009009009139e-01 6.258247474563517487e-01
1.051051051051051122e+00 7.081753754425672565e-01
1.201201201201201219e+00 7.155504509781986933e-01
1.351351351351351315e+00 7.265903886572835368e-01
1.501501501501501412e+00 7.340507549716569491e-01
1.651651651651651731e+00 6.891132521127975030e-01
1.801801801801801828e+00 6.619031297435348238e-01
1.951951951951951925e+00 6.919576094059072258e-01
2.102102102102102243e+00 7.134876365108158147e-01
2.252252252252252340e+00 6.926285581522504398e-01
2.402402402402402437e+00 7.116283817065515160e-01
2.552552552552552534e+00 7.149040298414943706e-01
2.702702702702702631e+00 6.987972785140728060e-01
2.852852852852852727e+00 7.196745909041805112e-01
3.003003003003002824e+00 7.938319543307795767e-01
3.153153153153153365e+00 8.492120831463196851e-01
3.303303303303303462e+00 8.370411579837562233e-01
3.453453453453453559e+00 8.234654615738321581e-01
3.603603603603603656e+00 8.621332973439741476e-01
3.753753753753753752e+00 8.787741662655137453e-01
3.903903903903903849e+00 8.718313857689571345e-01
4.054054054054054390e+00 8.845280931096641819e-01
4.204204204204204487e+00 8.905227957790884386e-01
4.354354354354354584e+00 8.556499571577268481e-01
4.504504504504504681e+00 8.092188965059414762e-01
4.654654654654654777e+00 8.070412328806019220e-01
4.804804804804804874e+00 8.089293418996026386e-01
4.954954954954954971e+00 8.139121383779623908e-01
5.105105105105105068e+00 8.362983973886846112e-01
5.255255255255255165e+00 8.552425882123908529e-01
5.405405405405405261e+00 8.408067110722596826e-01
5.555555555555555358e+00 8.214804323891191640e-01
5.705705705705705455e+00 8.608136594236226458e-01
5.855855855855855552e+00 8.954664690185811793e-01
6.006006006006005649e+00 9.007338187374529515e-01
6.156156156156156634e+00 8.957606948886293052e-01
6.306306306306306730e+00 8.930960278023302168e-01
6.456456456456456827e+00 9.031710870079211473e-01
6.606606606606606924e+00 8.744470105956414496e-01
6.756756756756757021e+00 8.744900281743963610e-01
6.906906906906907118e+00 8.781455775547292175e-01
7.057057057057057214e+00 8.729843292677048616e-01
7.207207207207207311e+00 8.581186230083078792e-01
7.357357357357357408e+00 8.432272565683616161e-01
7.507507507507507505e+00 8.376176997013555781e-01
7.657657657657657602e+00 8.246654622133401391e-01
7.807807807807807698e+00 8.499970025012917318e-01
7.957957957957957795e+00 8.725937403107822954e-01
8.108108108108108780e+00 8.730615509412870123e-01
8.258258258258258877e+00 8.606720852692835155e-01
8.408408408408408974e+00 8.561484004694224215e-01
8.558558558558559071e+00 8.865989255870244667e-01
8.708708708708709167e+00 8.861591255539721379e-01
8.858858858858859264e+00 8.841285322947741721e-01
9.009009009009009361e+00 8.792312072959084235e-01
9.159159159159159458e+00 8.824014614214846786e-01
9.309309309309309555e+00 8.740365830049523499e-01
9.459459459459459651e+00 8.524347621482616377e-01
9.609609609609609748e+00 8.520822950568889276e-01
9.759759759759759845e+00 8.445047663407023730e-01
9.909909909909909942e+00 8.529890750667035171e-01
1.006006006006006004e+01 8.541597143491095334e-01
1.021021021021021014e+01 8.473950522248164807e-01
1.036036036036036023e+01 8.356645487357631241e-01
1.051051051051051033e+01 8.318238901370768046e-01
1.066066066066066043e+01 8.598412493467250117e-01
1.081081081081081052e+01 8.671829683407825673e-01
1.096096096096096062e+01 8.608646542579641014e-01
1.111111111111111072e+01 8.484767941248808620e-01
1.126126126126126081e+01 8.606265131354599029e-01
1.141141141141141091e+01 8.710142578278704528e-01
1.156156156156156101e+01 8.593902515002209697e-01
1.171171171171171110e+01 8.561606050953156632e-01
1.186186186186186120e+01 8.463960545961642934e-01
1.201201201201201130e+01 8.580727902911695626e-01
1.216216216216216317e+01 8.507696767723207376e-01
1.231231231231231327e+01 8.408456295040241946e-01
1.246246246246246336e+01 8.316695878705080425e-01
1.261261261261261346e+01 8.303015402868892947e-01
1.276276276276276356e+01 8.481546995087854146e-01
1.291291291291291365e+01 8.476766810130391683e-01
1.306306306306306375e+01 8.405992941031805721e-01
1.321321321321321385e+01 8.261174228094780858e-01
1.336336336336336394e+01 8.403481721276870875e-01
1.351351351351351404e+01 8.586199735780373210e-01
1.366366366366366414e+01 8.530399840030182812e-01
1.381381381381381424e+01 8.438288872250787609e-01
1.396396396396396433e+01 8.275600773546398781e-01
1.411411411411411443e+01 8.527384072308005214e-01
1.426426426426426453e+01 8.528174563059107705e-01
1.441441441441441462e+01 8.447291656328810294e-01
1.456456456456456472e+01 8.354558833464029721e-01
1.471471471471471482e+01 8.337879865589158390e-01
1.486486486486486491e+01 8.471877862821419747e-01
1.501501501501501501e+01 8.407101739563961340e-01
1.516516516516516511e+01 8.324476670476783635e-01
1.531531531531531520e+01 8.161846985837295509e-01
1.546546546546546530e+01 8.305077510307088406e-01
1.561561561561561540e+01 8.481426358634094331e-01
1.576576576576576549e+01 8.420272045187725540e-01
1.591591591591591559e+01 8.290291786321187795e-01
1.606606606606606746e+01 8.107632459668753233e-01
1.621621621621621756e+01 8.422902909050309361e-01
1.636636636636636766e+01 8.486657399421079218e-01
1.651651651651651775e+01 8.391168801146622336e-01
1.666666666666666785e+01 8.174974523247031666e-01
1.681681681681681795e+01 8.202262317114741297e-01
1.696696696696696804e+01 8.470292791119249376e-01
1.711711711711711814e+01 8.403618080160113468e-01
1.726726726726726824e+01 8.315779039593163002e-01
1.741741741741741833e+01 8.072842263037737220e-01
1.756756756756756843e+01 8.245312332518378584e-01
1.771771771771771853e+01 8.434032802443693910e-01
1.786786786786786863e+01 8.363587826004964532e-01
1.801801801801801872e+01 8.179982161347842951e-01
1.816816816816816882e+01 8.073416272819575745e-01
1.831831831831831892e+01 8.373315300158700181e-01
1.846846846846846901e+01 8.450938082512310379e-01
1.861861861861861911e+01 8.344023419135238040e-01
1.876876876876876921e+01 8.149978739488213941e-01
1.891891891891891930e+01 8.216931746803649572e-01
1.906906906906906940e+01 8.452468095877486709e-01
1.921921921921921950e+01 8.389318175087080443e-01
1.936936936936936959e+01 8.239108030473131228e-01
1.951951951951951969e+01 8.107412184948278311e-01
1.966966966966966979e+01 8.251886369209947558e-01
1.981981981981981988e+01 8.433508146272330475e-01
1.996996996996996998e+01 8.333851260914847403e-01
2.012012012012012008e+01 8.137242881227886304e-01
2.027027027027027017e+01 8.093125307095866416e-01
2.042042042042042027e+01 8.339641837762731269e-01
2.057057057057057037e+01 8.421304498113740822e-01
2.072072072072072046e+01 8.315420597098779343e-01
2.087087087087087056e+01 8.120445462946684900e-01
2.102102102102102066e+01 8.193116659351065145e-01
2.117117117117117076e+01 8.446990945840320286e-01
2.132132132132132085e+01 8.400143352472970726e-01
2.147147147147147095e+01 8.243837366764359409e-01
2.162162162162162105e+01 8.101613849166671155e-01
2.177177177177177114e+01 8.252338350917827192e-01
2.192192192192192124e+01 8.444536839812041285e-01
2.207207207207207134e+01 8.341298071093663502e-01
2.222222222222222143e+01 8.149645643975836906e-01
2.237237237237237153e+01 8.135241653949716323e-01
2.252252252252252163e+01 8.368091670605767307e-01
2.267267267267267172e+01 8.389611844635749272e-01
2.282282282282282182e+01 8.226101015569656782e-01
2.297297297297297192e+01 8.119671719773290386e-01
2.312312312312312201e+01 8.209087503079068870e-01
2.327327327327327211e+01 8.433233245457223415e-01
2.342342342342342221e+01 8.381555395084548943e-01
2.357357357357357230e+01 8.181072924775213417e-01
2.372372372372372240e+01 8.084453466073772132e-01
2.387387387387387250e+01 8.255027330592615842e-01
2.402402402402402259e+01 8.456360812570102858e-01
2.417417417417417624e+01 8.364766192217305552e-01
2.432432432432432634e+01 8.153440985868070090e-01
2.447447447447447644e+01 8.145084066212765483e-01
2.462462462462462653e+01 8.397214027988613161e-01
2.477477477477477663e+01 8.401751729544499891e-01
2.492492492492492673e+01 8.295628228507891944e-01
2.507507507507507682e+01 8.107920120552173371e-01
2.522522522522522692e+01 8.201894909843184811e-01
2.537537537537537702e+01 8.428706986463690987e-01
2.552552552552552712e+01 8.347725974035941077e-01
2.567567567567567721e+01 8.170977012604306866e-01
2.582582582582582731e+01 8.086310703673033062e-01
2.597597597597597741e+01 8.253501383080564802e-01
2.612612612612612750e+01 8.437374180828022263e-01
2.627627627627627760e+01 8.327200910611954887e-01
2.642642642642642770e+01 8.150480020250535640e-01
2.657657657657657779e+01 8.155352289405153332e-01
2.672672672672672789e+01 8.411868217524840485e-01
2.687687687687687799e+01 8.406144814892928530e-01
2.702702702702702808e+01 8.305196091839853745e-01
2.717717717717717818e+01 8.109396002733127995e-01
2.732732732732732828e+01 8.214558794302861955e-01
2.747747747747747837e+01 8.443702768901978351e-01
2.762762762762762847e+01 8.374890624852971976e-01
2.777777777777777857e+01 8.206511113554223469e-01
2.792792792792792866e+01 8.069594574123200026e-01
2.807807807807807876e+01 8.328994456029713556e-01
2.822822822822822886e+01 8.427679530364823313e-01
2.837837837837837895e+01 8.312594759470290917e-01
2.852852852852852905e+01 8.150033071568197895e-01
2.867867867867867915e+01 8.177244709264712696e-01
2.882882882882882924e+01 8.410405090132244688e-01
2.897897897897897934e+01 8.378301593860727481e-01
2.912912912912912944e+01 8.191673567918501542e-01
2.927927927927927954e+01 8.108620828978552186e-01
2.942942942942942963e+01 8.237427776305693561e-01
2.957957957957957973e+01 8.444529807534393306e-01
2.972972972972972983e+01 8.366655996967981013e-01
2.987987987987987992e+01 8.163483438383242197e-01
3.003003003003003002e+01 8.087096177200250313e-01
3.018018018018018012e+01 8.335393396279396905e-01
3.033033033033033021e+01 8.436400283964466951e-01
3.048048048048048031e+01 8.339542266671295945e-01
3.063063063063063041e+01 8.131405940210655325e-01
3.078078078078078050e+01 8.169577469863983366e-01
3.093093093093093060e+01 8.416721109172288218e-01
3.108108108108108070e+01 8.387479916088766974e-01
3.123123123123123079e+01 8.265291678090536109e-01
3.138138138138138089e+01 8.098698422769674554e-01
3.153153153153153099e+01 8.231401845374468618e-01
3.168168168168168108e+01 8.437690404930701105e-01
3.183183183183183118e+01 8.339794049141776577e-01
3.198198198198198128e+01 8.163252345608797977e-01
3.213213213213213493e+01 8.118902847169267023e-01
3.228228228228228147e+01 8.306847279323245070e-01
3.243243243243243512e+01 8.417214363844358616e-01
3.258258258258258167e+01 8.259771356359598693e-01
3.273273273273273531e+01 8.130040779249601002e-01
3.288288288288288186e+01 8.191966704753143036e-01
3.303303303303303551e+01 8.423996009860530432e-01
3.318318318318318205e+01 8.395573806461870126e-01
3.333333333333333570e+01 8.236576164577704695e-01
3.348348348348348225e+01 8.090880793455041964e-01
3.363363363363363590e+01 8.237554203341276304e-01
3.378378378378378244e+01 8.445977176259265029e-01
3.393393393393393609e+01 8.365534374594980616e-01
3.408408408408408263e+01 8.156439837317749353e-01
3.423423423423423628e+01 8.115842908581926141e-01
3.438438438438438283e+01 8.366950990803255772e-01
3.453453453453453648e+01 8.408357128743978448e-01
3.468468468468468302e+01 8.288389426602671417e-01
3.483483483483483667e+01 8.133183650362926231e-01
3.498498498498498321e+01 8.205831052101959511e-01
3.513513513513513686e+01 8.419052567444985646e-01
3.528528528528528341e+01 8.363928158236966226e-01
3.543543543543543706e+01 8.179913445059043831e-01
3.558558558558558360e+01 8.087224800598450392e-01
3.573573573573573725e+01 8.253112182349560122e-01
3.588588588588588379e+01 8.437966823794578186e-01
3.603603603603603744e+01 8.349063588140406278e-01
3.618618618618618399e+01 8.153544520768639670e-01
3.633633633633633764e+01 8.128863561566103124e-01
3.648648648648648418e+01 8.372824458354327648e-01
3.663663663663663783e+01 8.417057289073981430e-01
3.678678678678678438e+01 8.318215897318004259e-01
3.693693693693693803e+01 8.118925217590430288e-01
3.708708708708708457e+01 8.201975213462430192e-01
3.723723723723723822e+01 8.426207339384043093e-01
3.738738738738738476e+01 8.374044140171378325e-01
3.753753753753753841e+01 8.174385506375489996e-01
3.768768768768768496e+01 8.079065630596393710e-01
3.783783783783783861e+01 8.250243615628182203e-01
3.798798798798798515e+01 8.425759229322951072e-01
3.813813813813813880e+01 8.314227620584355716e-01
3.828828828828828534e+01 8.149927456180900975e-01
3.843843843843843899e+01 8.159184006575243009e-01
3.858858858858859264e+01 8.369490999528793607e-01
3.873873873873873919e+01 8.390186243217877538e-01
3.888888888888889284e+01 8.194672857321138038e-01
3.903903903903903938e+01 8.116265458005481603e-01
3.918918918918919303e+01 8.225386360018170917e-01
3.933933933933933957e+01 8.434753289607044291e-01
3.948948948948949322e+01 8.381701163694436074e-01
3.963963963963963977e+01 8.171367606804235129e-01
3.978978978978979342e+01 8.072812592505556051e-01
3.993993993993993996e+01 8.256205247851340356e-01
4.009009009009009361e+01 8.435998625058729328e-01
4.024024024024024015e+01 8.342907039354555687e-01
4.039039039039039380e+01 8.142218525172929544e-01
4.054054054054054035e+01 8.153222787035172558e-01
4.069069069069069400e+01 8.390985035700806449e-01
4.084084084084084054e+01 8.378067950824716892e-01
4.099099099099099419e+01 8.222426821762789384e-01
4.114114114114114074e+01 8.120657237450069621e-01
4.129129129129129439e+01 8.233388460288167954e-01
4.144144144144144093e+01 8.426305847150806771e-01
4.159159159159159458e+01 8.346189753965845837e-01
4.174174174174174112e+01 8.170685325835714830e-01
4.189189189189189477e+01 8.088990113046486963e-01
4.204204204204204132e+01 8.261750610491618296e-01
4.219219219219219497e+01 8.426842675042930386e-01
4.234234234234234151e+01 8.324310315597316379e-01
4.249249249249249516e+01 8.139505551276324802e-01
4.264264264264264170e+01 8.165707108723455621e-01
4.279279279279279535e+01 8.405032859732179951e-01
4.294294294294294190e+01 8.399851158702434928e-01
4.309309309309309555e+01 8.246627324696177430e-01
4.324324324324324209e+01 8.101171768242252380e-01
4.339339339339339574e+01 8.227555511360260532e-01
4.354354354354354228e+01 8.434006916872300863e-01
4.369369369369369593e+01 8.355573654695768182e-01
4.384384384384384248e+01 8.163907285866808250e-01
4.399399399399399613e+01 8.092972749857978432e-01
4.414414414414414267e+01 8.264827126559814996e-01
4.429429429429429632e+01 8.412419689501819953e-01
4.444444444444444287e+01 8.284994076258977991e-01
4.459459459459459651e+01 8.144303784153491543e-01
4.474474474474474306e+01 8.194313430467665693e-01
4.489489489489489671e+01 8.404905056534565100e-01
4.504504504504504325e+01 8.375998100233070787e-01
4.519519519519519690e+01 8.186069428110341883e-01
4.534534534534534345e+01 8.098218171713285063e-01
4.549549549549549710e+01 8.247151788386563043e-01
4.564564564564564364e+01 8.443096959549418745e-01
4.579579579579579729e+01 8.363985013564003701e-01
4.594594594594594383e+01 8.159534876689193972e-01
4.609609609609609748e+01 8.107022433385032700e-01
4.624624624624624403e+01 8.345632273460859007e-01
4.639639639639639768e+01 8.424586833382130546e-01
4.654654654654654422e+01 8.321847308452580139e-01
4.669669669669669787e+01 8.127426677411355715e-01
4.684684684684684441e+01 8.185906647487279919e-01
4.699699699699699806e+01 8.419029883587324514e-01
4.714714714714714461e+01 8.364719721863079771e-01
4.729729729729729826e+01 8.181741078034424630e-01
4.744744744744744480e+01 8.104027490920520105e-01
4.759759759759759845e+01 8.242693129165431509e-01
4.774774774774774500e+01 8.432113184804790329e-01
4.789789789789789864e+01 8.326990539600142016e-01
4.804804804804804519e+01 8.157957533269294403e-01
4.819819819819819884e+01 8.132312875230611748e-01
4.834834834834835249e+01 8.355313989701390609e-01
4.849849849849849903e+01 8.413852925942262306e-01
4.864864864864865268e+01 8.259748155038215689e-01
4.879879879879879923e+01 8.123937776918800369e-01
4.894894894894895288e+01 8.195256027181233582e-01
4.909909909909909942e+01 8.435599509734063028e-01
4.924924924924925307e+01 8.389030456504292799e-01
4.939939939939939961e+01 8.229942350605627954e-01
4.954954954954955326e+01 8.082750470957211775e-01
4.969969969969969981e+01 8.245053151060122154e-01
4.984984984984985346e+01 8.438588841666316842e-01
5.000000000000000000e+01 8.341602952006783589e-01
5.015015015015015365e+01 8.150956266969485720e-01
5.030030030030030019e+01 8.134372451875755416e-01
5.045045045045045384e+01 8.382192329639576167e-01
5.060060060060060039e+01 8.396450297126316631e-01
5.075075075075075404e+01 8.233011813809275603e-01
5.090090090090090058e+01 8.130763967483440879e-01
5.105105105105105423e+01 8.219346742476190126e-01
5.120120120120120077e+01 8.431562265472650752e-01
5.135135135135135442e+01 8.364335426359794656e-01
5.150150150150150097e+01 8.175737334327125572e-01
5.165165165165165462e+01 8.079343199245374585e-01
5.180180180180180116e+01 8.250088495055220017e-01
5.195195195195195481e+01 8.445282226261275893e-01
5.210210210210210136e+01 8.350513080074691841e-01
5.225225225225225500e+01 8.146183543932030702e-01
5.240240240240240155e+01 8.143059908877166020e-01
5.255255255255255520e+01 8.399210598250280713e-01
5.270270270270270174e+01 8.408225798516288929e-01
5.285285285285285539e+01 8.305528613150294781e-01
5.300300300300300194e+01 8.111198183214917146e-01
5.315315315315315559e+01 8.210432820879609572e-01
5.330330330330330213e+01 8.436345651139846025e-01
5.345345345345345578e+01 8.355924930729962119e-01
5.360360360360360232e+01 8.171113881416988134e-01
5.375375375375375597e+01 8.084641110012092957e-01
5.390390390390390252e+01 8.254055056889364472e-01
5.405405405405405617e+01 8.429108619287295490e-01
5.420420420420420271e+01 8.310536453270375157e-01
5.435435435435435636e+01 8.144415349177251962e-01
5.450450450450450290e+01 8.168593979361542523e-01
5.465465465465465655e+01 8.405005200952638811e-01
5.480480480480480310e+01 8.395002677593331741e-01
5.495495495495495675e+01 8.246050655873852220e-01
5.510510510510510329e+01 8.107562120076914347e-01
5.525525525525525694e+01 8.218295536760887865e-01
5.540540540540540349e+01 8.449516757037844883e-01
5.555555555555555713e+01 8.381007046328978749e-01
5.570570570570570368e+01 8.165385355866059403e-01
5.585585585585585733e+01 8.079034940439067114e-01
5.600600600600600387e+01 8.335884902792717321e-01
5.615615615615615752e+01 8.431701962757651714e-01
5.630630630630630407e+01 8.328582928771314231e-01
5.645645645645645772e+01 8.137143481365617381e-01
5.660660660660660426e+01 8.169125346547774225e-01
5.675675675675675791e+01 8.412851015794424736e-01
5.690690690690690445e+01 8.372597619286186177e-01
5.705705705705705810e+01 8.187815018690982605e-01
5.720720720720720465e+01 8.113378582609246381e-01
5.735735735735735830e+01 8.236685824069672757e-01
5.750750750750750484e+01 8.439006289592596577e-01
5.765765765765765849e+01 8.353230994283975530e-01
5.780780780780781214e+01 8.164773023316722611e-01
5.795795795795795868e+01 8.093048969220811850e-01
5.810810810810811233e+01 8.336563013737778860e-01
5.825825825825825888e+01 8.434481417227541744e-01
5.840840840840841253e+01 8.334835433353120493e-01
5.855855855855855907e+01 8.132241336369897544e-01
5.870870870870871272e+01 8.174680710731823119e-01
5.885885885885885926e+01 8.423102326374397597e-01
5.900900900900901291e+01 8.396100952382663518e-01
5.915915915915915946e+01 8.281452210921191881e-01
5.930930930930931311e+01 8.094542363763743698e-01
5.945945945945945965e+01 8.232301881085660744e-01
5.960960960960961330e+01 8.437036741447879740e-01
5.975975975975975985e+01 8.343372571137426252e-01
5.990990990990991349e+01 8.160026828127756593e-01
6.006006006006006004e+01 8.121227184746199201e-01
6.021021021021021369e+01 8.310226506984689232e-01
6.036036036036036023e+01 8.411634401442593667e-01
6.051051051051051388e+01 8.251469528549884025e-01
6.066066066066066043e+01 8.130240958413011976e-01
6.081081081081081408e+01 8.201715472078801028e-01
6.096096096096096062e+01 8.422318645732634890e-01
6.111111111111111427e+01 8.386757520213805606e-01
6.126126126126126081e+01 8.181016522801669577e-01
6.141141141141141446e+01 8.090465568904302573e-01
6.156156156156156101e+01 8.244842176050444227e-01
6.171171171171171466e+01 8.447464590322243394e-01
6.186186186186186120e+01 8.367317218954996028e-01
6.201201201201201485e+01 8.153940833407418154e-01
6.216216216216216139e+01 8.119474461621316586e-01
6.231231231231231504e+01 8.368133616401859376e-01
6.246246246246246159e+01 8.411775010052714441e-01
6.261261261261261524e+01 8.304196322687910081e-01
6.276276276276276178e+01 8.122662246407925668e-01
6.291291291291291543e+01 8.198044349514471696e-01
6.306306306306306197e+01 8.422518156132565714e-01
6.321321321321321562e+01 8.360531133976748519e-01
6.336336336336336217e+01 8.179198820602424647e-01
6.351351351351351582e+01 8.096393633374298071e-01
6.366366366366366236e+01 8.246896230094968860e-01
6.381381381381381601e+01 8.431741280511840797e-01
6.396396396396396256e+01 8.333627212231633496e-01
6.411411411411411621e+01 8.152917705174380636e-01
6.426426426426426985e+01 8.139257693208665767e-01
6.441441441441440929e+01 8.371154376215731441e-01
6.456456456456456294e+01 8.410768536227647418e-01
6.471471471471471659e+01 8.308443187729409596e-01
6.486486486486487024e+01 8.117181748563521149e-01
6.501501501501500968e+01 8.205132951201862257e-01
6.516516516516516333e+01 8.432779632742141152e-01
6.531531531531531698e+01 8.383258874718989562e-01
6.546546546546547063e+01 8.216236552583150443e-01
6.561561561561561007e+01 8.076327240157498144e-01
6.576576576576576372e+01 8.252487633403525757e-01
6.591591591591591737e+01 8.426808185828371656e-01
6.606606606606607102e+01 8.319619708295729055e-01
6.621621621621621046e+01 8.153203106431549108e-01
6.636636636636636410e+01 8.161274436882807182e-01
6.651651651651651775e+01 8.376069375705114117e-01
6.666666666666667140e+01 8.381460997102800903e-01
6.681681681681681084e+01 8.193950629680568642e-01
6.696696696696696449e+01 8.114501876497185462e-01
6.711711711711711814e+01 8.231516953509400158e-01
6.726726726726727179e+01 8.430347797805085586e-01
6.741741741741742544e+01 8.370755858628766699e-01
6.756756756756756488e+01 8.171287462884206931e-01
6.771771771771771853e+01 8.071503596985573070e-01
6.786786786786787218e+01 8.258300543824825812e-01
6.801801801801802583e+01 8.437807282285152422e-01
6.816816816816816527e+01 8.345424452586369668e-01
6.831831831831831892e+01 8.140826336204509683e-01
6.846846846846847257e+01 8.157779703971373975e-01
6.861861861861862621e+01 8.393751047511237573e-01
6.876876876876876565e+01 8.387400506684055124e-01
6.891891891891891930e+01 8.268892192500728600e-01
6.906906906906907295e+01 8.106172203865511516e-01
6.921921921921922660e+01 8.222679822756622237e-01
6.936936936936936604e+01 8.428066671125312714e-01
6.951951951951951969e+01 8.341054244759716907e-01
6.966966966966967334e+01 8.168813527227376525e-01
6.981981981981982699e+01 8.099546204318177622e-01
6.996996996996996643e+01 8.263020217891421382e-01
7.012012012012012008e+01 8.419217337100882714e-01
7.027027027027027373e+01 8.264771332909808255e-01
7.042042042042042738e+01 8.138969420270210087e-01
7.057057057057056682e+01 8.179542299175641684e-01
7.072072072072072046e+01 8.405504041766264089e-01
7.087087087087087411e+01 8.396519071122500177e-01
7.102102102102102776e+01 8.242213307188521743e-01
7.117117117117116720e+01 8.099817946247802602e-01
7.132132132132132085e+01 8.230193810190318260e-01
7.147147147147147450e+01 8.441185465319532844e-01
7.162162162162162815e+01 8.365755414173829951e-01
7.177177177177176759e+01 8.161633218645651944e-01
7.192192192192192124e+01 8.097758677933277749e-01
7.207207207207207489e+01 8.334142744212316156e-01
7.222222222222222854e+01 8.413599864765901604e-01
7.237237237237236798e+01 8.291906376835833647e-01
7.252252252252252163e+01 8.143789896322970456e-01
7.267267267267267528e+01 8.195250177533830449e-01
7.282282282282282893e+01 8.408730177601285716e-01
7.297297297297296836e+01 8.365964501538929454e-01
7.312312312312312201e+01 8.185390592273293908e-01
7.327327327327327566e+01 8.098576838749711460e-01
7.342342342342342931e+01 8.250661915885650899e-01
7.357357357357356875e+01 8.438381990725746240e-01
7.372372372372372240e+01 8.352380709154573202e-01
7.387387387387387605e+01 8.159193332082420591e-01
7.402402402402402970e+01 8.111614293692713806e-01
7.417417417417416914e+01 8.350624216548035994e-01
7.432432432432432279e+01 8.425828530254199089e-01
7.447447447447447644e+01 8.324541824933966438e-01
7.462462462462463009e+01 8.125603396515478360e-01
7.477477477477476953e+01 8.189265319430031331e-01
7.492492492492492318e+01 8.422183954315598520e-01
7.507507507507507682e+01 8.374961786685618526e-01
7.522522522522523047e+01 8.215157400129843301e-01
7.537537537537536991e+01 8.087939360832535618e-01
7.552552552552552356e+01 8.241977897334253900e-01
7.567567567567567721e+01 8.432177379206214907e-01
7.582582582582583086e+01 8.322277216626492446e-01
7.597597597597597030e+01 8.160656555853702532e-01
7.612612612612612395e+01 8.140441205400879010e-01
7.627627627627627760e+01 8.361035897193376254e-01
7.642642642642643125e+01 8.405101489050258445e-01
7.657657657657657069e+01 8.249108031151702880e-01
7.672672672672672434e+01 8.123156011634768969e-01
7.687687687687687799e+01 8.209132523724343988e-01
7.702702702702703164e+01 8.435736837856556702e-01
7.717717717717718529e+01 8.385531157073933262e-01
7.732732732732732472e+01 8.175922303390081858e-01
7.747747747747747837e+01 8.081449990823502683e-01
7.762762762762763202e+01 8.246886662377478361e-01
7.777777777777778567e+01 8.444985212299143118e-01
7.792792792792792511e+01 8.352484509674658053e-01
7.807807807807807876e+01 8.148424622451672095e-01
7.822822822822823241e+01 8.135318472753260144e-01
7.837837837837838606e+01 8.389395483286058441e-01
7.852852852852852550e+01 8.397400062132436283e-01
7.867867867867867915e+01 8.269148349350987637e-01
7.882882882882883280e+01 8.128248743114100394e-01
7.897897897897898645e+01 8.218898265137427606e-01
7.912912912912912589e+01 8.432070274222771555e-01
7.927927927927927954e+01 8.354752839103090079e-01
7.942942942942943318e+01 8.175111016335410152e-01
7.957957957957958683e+01 8.081805273510902499e-01
7.972972972972972627e+01 8.251754661079688802e-01
7.987987987987987992e+01 8.439436827145679887e-01
8.003003003003003357e+01 8.338112047673658100e-01
8.018018018018018722e+01 8.145787430426293385e-01
8.033033033033032666e+01 8.147045827249037586e-01
8.048048048048048031e+01 8.405229839470834685e-01
8.063063063063063396e+01 8.408677289572428215e-01
8.078078078078078761e+01 8.307699842057119088e-01
8.093093093093092705e+01 8.109124726048527743e-01
8.108108108108108070e+01 8.213043589424157132e-01
8.123123123123123435e+01 8.439056385731039667e-01
8.138138138138138800e+01 8.367361163764817089e-01
8.153153153153152743e+01 8.168650120194727027e-01
8.168168168168168108e+01 8.069762228631307543e-01
8.183183183183183473e+01 8.288258970297223138e-01
8.198198198198198838e+01 8.427487391803125671e-01
8.213213213213212782e+01 8.306223136907828763e-01
8.228228228228228147e+01 8.148768718474914685e-01
8.243243243243243512e+01 8.174585232694256964e-01
8.258258258258258877e+01 8.405515447707765375e-01
8.273273273273272821e+01 8.384657340997515584e-01
8.288288288288288186e+01 8.189615336031337289e-01
8.303303303303303551e+01 8.106734305398234364e-01
8.318318318318318916e+01 8.231591440789925995e-01
8.333333333333332860e+01 8.448004130874243733e-01
8.348348348348348225e+01 8.376555104340210889e-01
8.363363363363363590e+01 8.164843176237319700e-01
8.378378378378378954e+01 8.083940077129081470e-01
8.393393393393392898e+01 8.336120771577740785e-01
8.408408408408408263e+01 8.437139170807682609e-01
8.423423423423423628e+01 8.339519525339164074e-01
8.438438438438438993e+01 8.134595599202915084e-01
8.453453453453452937e+01 8.167499769089876516e-01
8.468468468468468302e+01 8.416010194401600808e-01
8.483483483483483667e+01 8.376482195566518074e-01
8.498498498498499032e+01 8.217828286193121778e-01
8.513513513513512976e+01 8.110816572461221341e-01
8.528528528528528341e+01 8.231793759982016789e-01
8.543543543543543706e+01 8.436851519569336100e-01
8.558558558558559071e+01 8.342524127831507652e-01
8.573573573573573015e+01 8.163988171162142038e-01
8.588588588588588379e+01 8.108835863720468273e-01
8.603603603603603744e+01 8.305450714707448556e-01
8.618618618618619109e+01 8.426734814449360345e-01
8.633633633633633053e+01 8.320200718745820456e-01
8.648648648648648418e+01 8.131796798572764606e-01
8.663663663663663783e+01 8.178473513638867542e-01
8.678678678678679148e+01 8.427238746941480008e-01
8.693693693693694513e+01 8.399549037354682168e-01
8.708708708708708457e+01 8.242406819141864238e-01
8.723723723723723822e+01 8.092421235182993833e-01
8.738738738738739187e+01 8.234770133477083975e-01
8.753753753753754552e+01 8.439510789286803760e-01
8.768768768768768496e+01 8.355237308929370776e-01
8.783783783783783861e+01 8.157422167502587085e-01
8.798798798798799226e+01 8.113525735738144062e-01
8.813813813813814591e+01 8.359340581699811201e-01
8.828828828828828534e+01 8.408245710596509159e-01
8.843843843843843899e+01 8.279010242902563599e-01
8.858858858858859264e+01 8.134151219153347157e-01
8.873873873873874629e+01 8.206024143243964009e-01
8.888888888888888573e+01 8.420052515018624506e-01
8.903903903903903938e+01 8.374972155289130971e-01
8.918918918918919303e+01 8.181112801691895475e-01
8.933933933933934668e+01 8.089510268263796489e-01
8.948948948948948612e+01 8.252234105733711189e-01
8.963963963963963977e+01 8.444428691818643973e-01
8.978978978978979342e+01 8.361442392341547070e-01
8.993993993993994707e+01 8.153266736888554744e-01
9.009009009009008651e+01 8.124204481030962155e-01
9.024024024024024015e+01 8.370311685550240188e-01
9.039039039039039380e+01 8.416499704221310774e-01
9.054054054054054745e+01 8.315929426552136627e-01
9.069069069069068689e+01 8.120011592221618724e-01
9.084084084084084054e+01 8.198347821538057856e-01
9.099099099099099419e+01 8.424633977395215023e-01
9.114114114114114784e+01 8.363871057679705956e-01
9.129129129129128728e+01 8.176985117471350373e-01
9.144144144144144093e+01 8.094002037336479605e-01
9.159159159159159458e+01 8.248839438080409758e-01
9.174174174174174823e+01 8.427654223911650311e-01
9.189189189189188767e+01 8.320397952433261635e-01
9.204204204204204132e+01 8.151959776369932520e-01
9.219219219219219497e+01 8.153076273720527567e-01
9.234234234234234862e+01 8.369006049621707799e-01
9.249249249249248805e+01 8.400799441561951353e-01
9.264264264264264170e+01 8.253282083139528158e-01
9.279279279279279535e+01 8.116554030866067748e-01
9.294294294294294900e+01 8.208618476135107755e-01
9.309309309309308844e+01 8.436229574518337992e-01
9.324324324324324209e+01 8.386037447316450066e-01
9.339339339339339574e+01 8.171534182361905874e-01
9.354354354354354939e+01 8.073952986637334961e-01
9.369369369369368883e+01 8.254381701627157009e-01
9.384384384384384248e+01 8.430413518311946630e-01
9.399399399399399613e+01 8.332609091693465864e-01
9.414414414414414978e+01 8.144829899829436615e-01
9.429429429429428922e+01 8.154591744233499195e-01
9.444444444444444287e+01 8.384718335853730276e-01
9.459459459459459651e+01 8.377096021420700200e-01
9.474474474474475016e+01 8.192689902925459622e-01
9.489489489489488960e+01 8.121884820776436031e-01
9.504504504504504325e+01 8.234337923360759426e-01
9.519519519519519690e+01 8.426931167537802247e-01
9.534534534534535055e+01 8.357344532674373383e-01
9.549549549549548999e+01 8.171146168374354701e-01
9.564564564564564364e+01 8.074217453992934557e-01
9.579579579579579729e+01 8.260179986438414002e-01
9.594594594594595094e+01 8.433925623611320255e-01
9.609609609609609038e+01 8.338501227337991040e-01
9.624624624624624403e+01 8.139916186428329814e-01
9.639639639639639768e+01 8.162016169160882795e-01
9.654654654654655133e+01 8.400308910322062950e-01
9.669669669669670498e+01 8.396446424933032837e-01
9.684684684684684441e+01 8.284813150860170783e-01
9.699699699699699806e+01 8.103316872394037418e-01
9.714714714714715171e+01 8.225254008388962479e-01
9.729729729729730536e+01 8.430185638578432394e-01
9.744744744744744480e+01 8.344208392027709920e-01
9.759759759759759845e+01 8.166295238322675010e-01
9.774774774774775210e+01 8.103004928937063145e-01
9.789789789789790575e+01 8.263961460096490574e-01
9.804804804804804519e+01 8.413767188727625523e-01
9.819819819819819884e+01 8.255343703364453889e-01
9.834834834834835249e+01 8.137644782933689536e-01
9.849849849849850614e+01 8.189682103173077099e-01
9.864864864864864558e+01 8.404105036717433030e-01
9.879879879879879923e+01 8.387446683765098498e-01
9.894894894894895288e+01 8.185980819361424743e-01
9.909909909909910652e+01 8.099084189188577865e-01
9.924924924924924596e+01 8.236542489358142927e-01
9.939939939939939961e+01 8.444585225510236048e-01
9.954954954954955326e+01 8.368795551406361666e-01
9.969969969969970691e+01 8.160163154454069812e-01
9.984984984984984635e+01 8.102731400551137497e-01
1.000000000000000000e+02 8.342597903492874334e-01
1.001501501501501536e+02 8.418374548978563299e-01
1.003003003003003073e+02 8.308566186840736778e-01
1.004504504504504467e+02 8.129915549697875887e-01
1.006006006006006004e+02 8.187949146427524472e-01
1.007507507507507540e+02 8.414167578530797886e-01
1.009009009009009077e+02 8.361478173068230824e-01
1.010510510510510471e+02 8.183872622443872924e-01
1.012012012012012008e+02 8.106749865997414650e-01
1.013513513513513544e+02 8.250498459349474567e-01
1.015015015015015081e+02 8.433977929235593196e-01
1.016516516516516475e+02 8.338268637460255484e-01
1.018018018018018012e+02 8.158934671520310378e-01
1.019519519519519548e+02 8.116230966897070020e-01
1.021021021021021085e+02 8.352872375289154272e-01
1.022522522522522479e+02 8.421484382159882820e-01
1.024024024024024015e+02 8.317055244813553738e-01
1.025525525525525552e+02 8.124451200952300667e-01
1.027027027027027088e+02 8.192519174846953911e-01
1.028528528528528483e+02 8.430435230032383709e-01
1.030030030030030019e+02 8.384838514125532161e-01
1.031531531531531556e+02 8.226904836584266745e-01
1.033033033033033092e+02 8.084796906137136085e-01
1.034534534534534487e+02 8.243554801769850116e-01
1.036036036036036023e+02 8.433968390981340102e-01
1.037537537537537560e+02 8.327689065137454660e-01
1.039039039039039096e+02 8.162191486493914905e-01
1.040540540540540491e+02 8.143089852609475265e-01
1.042042042042042027e+02 8.371251896651201729e-01
1.043543543543543564e+02 8.398742716165650268e-01
1.045045045045045100e+02 8.238613779145741445e-01
1.046546546546546494e+02 8.121875151190953712e-01
1.048048048048048031e+02 8.216662656100812701e-01
1.049549549549549567e+02 8.433371541427180373e-01
1.051051051051051104e+02 8.375951196703237400e-01
1.052552552552552498e+02 8.175759712129034851e-01
1.054054054054054035e+02 8.080240165918406436e-01
1.055555555555555571e+02 8.248568363258583780e-01
1.057057057057057108e+02 8.447507479878015868e-01
1.058558558558558644e+02 8.355560036332717599e-01
1.060060060060060039e+02 8.146796711398572866e-01
1.061561561561561575e+02 8.139445526695341382e-01
1.063063063063063112e+02 8.391271723839140995e-01
1.064564564564564648e+02 8.402552449640751098e-01
1.066066066066066043e+02 8.291167858466185203e-01
1.067567567567567579e+02 8.113818297631535392e-01
1.069069069069069116e+02 8.208362467405572183e-01
1.070570570570570652e+02 8.434376283660466322e-01
1.072072072072072046e+02 8.351184253287581294e-01
1.073573573573573583e+02 8.173414190529991741e-01
1.075075075075075119e+02 8.088091852933895209e-01
1.076576576576576656e+02 8.253062626549797498e-01
1.078078078078078050e+02 8.433110515399708795e-01
1.079579579579579587e+02 8.322658602183994336e-01
1.081081081081081123e+02 8.145259923576135819e-01
1.082582582582582660e+02 8.155196903868353608e-01
1.084084084084084054e+02 8.406157665293096937e-01
1.085585585585585591e+02 8.403472881720486232e-01
1.087087087087087127e+02 8.298767768874202311e-01
1.088588588588588664e+02 8.108019464176694502e-01
1.090090090090090058e+02 8.215878710447792610e-01
1.091591591591591595e+02 8.446124755882500335e-01
1.093093093093093131e+02 8.377402701856057066e-01
1.094594594594594668e+02 8.166592208808856057e-01
1.096096096096096062e+02 8.074691611859186047e-01
1.097597597597597598e+02 8.331485718684202846e-01
1.099099099099099135e+02 8.427892146038842291e-01
1.100600600600600671e+02 8.313362557112041751e-01
1.102102102102102066e+02 8.147353747656030931e-01
1.103603603603603602e+02 8.176061411375383781e-01
1.105105105105105139e+02 8.408583551586645832e-01
1.106606606606606675e+02 8.375792827581207689e-01
1.108108108108108070e+02 8.189091313274226014e-01
1.109609609609609606e+02 8.105272391945055332e-01
1.111111111111111143e+02 8.235997789182712969e-01
1.112612612612612679e+02 8.443591166888843036e-01
1.114114114114114074e+02 8.366078476909346584e-01
1.115615615615615610e+02 8.164826285876632950e-01
1.117117117117117147e+02 8.088831936712740367e-01
1.118618618618618683e+02 8.338894342274646432e-01
1.120120120120120077e+02 8.438548434024123468e-01
1.121621621621621614e+02 8.341757722573807099e-01
1.123123123123123150e+02 8.132967096355165904e-01
1.124624624624624687e+02 8.171279083397953169e-01
1.126126126126126081e+02 8.416607001043489023e-01
1.127627627627627618e+02 8.386586688782387000e-01
1.129129129129129154e+02 8.265878848450279870e-01
1.130630630630630691e+02 8.097124086060074610e-01
1.132132132132132085e+02 8.230125921151759671e-01
1.133633633633633622e+02 8.436607939801773481e-01
1.135135135135135158e+02 8.338252060993796011e-01
1.136636636636636695e+02 8.162252801933345125e-01
1.138138138138138089e+02 8.118455918714553299e-01
1.139639639639639626e+02 8.307517019085336463e-01
1.141141141141141162e+02 8.418172084216015705e-01
1.142642642642642699e+02 8.260827873448591818e-01
1.144144144144144093e+02 8.131256783514120290e-01
1.145645645645645629e+02 8.193405476196408133e-01
1.147147147147147166e+02 8.426241637889929637e-01
1.148648648648648702e+02 8.395991716956282547e-01
1.150150150150150097e+02 8.237355831562866992e-01
1.151651651651651633e+02 8.091099502740712879e-01
1.153153153153153170e+02 8.237367813229288238e-01
1.154654654654654706e+02 8.445467841217380034e-01
1.156156156156156243e+02 8.364890757557714718e-01
1.157657657657657637e+02 8.155225003632586844e-01
1.159159159159159174e+02 8.115152697755446676e-01
1.160660660660660710e+02 8.367357702295699085e-01
1.162162162162162247e+02 8.407980214389800810e-01
1.163663663663663641e+02 8.287120594456048872e-01
1.165165165165165178e+02 8.133610716637370563e-01
1.166666666666666714e+02 8.206442713131991695e-01
1.168168168168168251e+02 8.420484577135939341e-01
1.169669669669669645e+02 8.364903649253556672e-01
1.171171171171171181e+02 8.180527446445472473e-01
1.172672672672672718e+02 8.087921003152322985e-01
1.174174174174174254e+02 8.253136832869374384e-01
1.175675675675675649e+02 8.438299459851268391e-01
1.177177177177177185e+02 8.349075853809692083e-01
1.178678678678678722e+02 8.153108990542785595e-01
1.180180180180180258e+02 8.128948667261006733e-01
1.181681681681681653e+02 8.373609605765182096e-01
1.183183183183183189e+02 8.416571149893093962e-01
1.184684684684684726e+02 8.317601605515753116e-01
1.186186186186186262e+02 8.118121638465861656e-01
1.187687687687687657e+02 8.201827502077729815e-01
1.189189189189189193e+02 8.426412743313583809e-01
1.190690690690690730e+02 8.374143212786806512e-01
1.192192192192192266e+02 8.174623000948858520e-01
1.193693693693693660e+02 8.079182650885914363e-01
1.195195195195195197e+02 8.250702159077304421e-01
1.196696696696696733e+02 8.426321843963509028e-01
1.198198198198198270e+02 8.314746841040057124e-01
1.199699699699699664e+02 8.150046499454687288e-01
1.201201201201201201e+02 8.159753705599452900e-01
1.202702702702702737e+02 8.370501034094038895e-01
1.204204204204204274e+02 8.389842331256167629e-01
1.205705705705705668e+02 8.194217559574840104e-01
1.207207207207207205e+02 8.115727880866659971e-01
1.208708708708708741e+02 8.225302071441271679e-01
1.210210210210210278e+02 8.434652741178644275e-01
1.211711711711711672e+02 8.381502204976644110e-01
1.213213213213213209e+02 8.171150228784924696e-01
1.214714714714714745e+02 8.072409722038123014e-01
1.216216216216216282e+02 8.256423818590868935e-01
1.217717717717717676e+02 8.436199970410596105e-01
1.219219219219219212e+02 8.343164816768349201e-01
1.220720720720720749e+02 8.142391413269506328e-01
1.222222222222222285e+02 8.153842181821334689e-01
1.223723723723723680e+02 8.391624210589511135e-01
1.225225225225225216e+02 8.378230640627915005e-01
1.226726726726726753e+02 8.222595291785929073e-01
1.228228228228228289e+02 8.120388950885475410e-01
1.229729729729729684e+02 8.233469485807400901e-01
1.231231231231231220e+02 8.426219988325063248e-01
1.232732732732732757e+02 8.345932225022001383e-01
1.234234234234234293e+02 8.170319818350265662e-01
1.235735735735735688e+02 8.089368893629033108e-01
1.237237237237237224e+02 8.261764447341393147e-01
1.238738738738738761e+02 8.426648712103692596e-01
1.240240240240240297e+02 8.324139026060847213e-01
1.241741741741741691e+02 8.139409646064339476e-01
1.243243243243243228e+02 8.166085327562085938e-01
1.244744744744744764e+02 8.405467100802562763e-01
1.246246246246246301e+02 8.400272631826087855e-01
1.247747747747747695e+02 8.246895197642569730e-01
1.249249249249249232e+02 8.101337890028490474e-01
1.250750750750750768e+02 8.228037703790708202e-01
1.252252252252252305e+02 8.434052274522738646e-01
1.253753753753753841e+02 8.355565959875026483e-01
1.255255255255255236e+02 8.163705795211571026e-01
1.256756756756756772e+02 8.093381888973947280e-01
1.258258258258258309e+02 8.264821397377499768e-01
1.259759759759759845e+02 8.411922409584547955e-01
1.261261261261261239e+02 8.284449720427665698e-01
1.262762762762762776e+02 8.143905163540934300e-01
1.264264264264264312e+02 8.194638399543888729e-01
1.265765765765765849e+02 8.404635460054038498e-01
1.267267267267267243e+02 8.375809574255921319e-01
1.268768768768768780e+02 8.185997998521852281e-01
1.270270270270270316e+02 8.098033198005535338e-01
1.271771771771771853e+02 8.247566722343708800e-01
1.273273273273273247e+02 8.442909513689069723e-01
1.274774774774774784e+02 8.363836330127586427e-01
1.276276276276276320e+02 8.159454079626973222e-01
1.277777777777777857e+02 8.107549253803172373e-01
1.279279279279279251e+02 8.345566547321318085e-01
1.280780780780780788e+02 8.424197224054265076e-01
1.282282282282282324e+02 8.321432346510143629e-01
1.283783783783783861e+02 8.127275936164009007e-01
1.285285285285285397e+02 8.186310354930423916e-01
1.286786786786786934e+02 8.418834542250047681e-01
1.288288288288288186e+02 8.364466783190050991e-01
1.289789789789789722e+02 8.181601105083046166e-01
1.291291291291291259e+02 8.103796215394560853e-01
1.292792792792792795e+02 8.243365128938502373e-01
1.294294294294294332e+02 8.431774296839502636e-01
1.295795795795795868e+02 8.326589617529598364e-01
1.297297297297297405e+02 8.157854022659042359e-01
1.298798798798798941e+02 8.132930832726682491e-01
1.300300300300300194e+02 8.317675312513423957e-01
1.301801801801801730e+02 8.413413705259222830e-01
1.303303303303303267e+02 8.259537060387590612e-01
1.304804804804804803e+02 8.123817698916218077e-01
1.306306306306306340e+02 8.195771549458217287e-01
1.307807807807807876e+02 8.435549116379166268e-01
1.309309309309309413e+02 8.388674897004190223e-01
1.310810810810810949e+02 8.229460014593873440e-01
1.312312312312312201e+02 8.082537709771298040e-01
1.313813813813813738e+02 8.245270993516733427e-01
1.315315315315315274e+02 8.438135278484910629e-01
1.316816816816816811e+02 8.340973952624533005e-01
1.318318318318318347e+02 8.150651299030854391e-01
1.319819819819819884e+02 8.135061770679477000e-01
1.321321321321321420e+02 8.381906277771624669e-01
1.322822822822822957e+02 8.395908542298151644e-01
1.324324324324324209e+02 8.232482129027810513e-01
1.325825825825825746e+02 8.130717698444326347e-01
1.327327327327327282e+02 8.219891115542488080e-01
1.328828828828828819e+02 8.431572477374781327e-01
1.330330330330330355e+02 8.364153363731209323e-01
1.331831831831831892e+02 8.175726730885343185e-01
1.333333333333333428e+02 8.079253321043180502e-01
1.334834834834834965e+02 8.250383203062456872e-01
1.336336336336336217e+02 8.444891302870162209e-01
1.337837837837837753e+02 8.349913710547419710e-01
1.339339339339339290e+02 8.145906515294643047e-01
1.340840840840840826e+02 8.143443304202961919e-01
1.342342342342342363e+02 8.399267304645351429e-01
1.343843843843843899e+02 8.407802116911511359e-01
1.345345345345345436e+02 8.304988356807564420e-01
1.346846846846846972e+02 8.110975116058998236e-01
1.348348348348348509e+02 8.210836661136323711e-01
1.349849849849849761e+02 8.436380937991255768e-01
1.351351351351351298e+02 8.355624467116172793e-01
1.352852852852852834e+02 8.171127411449703448e-01
1.354354354354354371e+02 8.084612587854681509e-01
1.355855855855855907e+02 8.254312472535942913e-01
1.357357357357357444e+02 8.428822316927129243e-01
1.358858858858858980e+02 8.309984245555770421e-01
1.360360360360360517e+02 8.144155090710707423e-01
1.361861861861861769e+02 8.168944877187206410e-01
1.363363363363363305e+02 8.405185348149267766e-01
1.364864864864864842e+02 8.394703938515668540e-01
1.366366366366366378e+02 8.245658835915389284e-01
1.367867867867867915e+02 8.107268568689390831e-01
1.369369369369369451e+02 8.218623897881680573e-01
1.370870870870870988e+02 8.449611084453608756e-01
1.372372372372372524e+02 8.380655946037152138e-01
1.373873873873873777e+02 8.165287544960593280e-01
1.375375375375375313e+02 8.079643510919881644e-01
1.376876876876876850e+02 8.336513695112226507e-01
1.378378378378378386e+02 8.431605798744880031e-01
1.379879879879879923e+02 8.328267470136146988e-01
1.381381381381381459e+02 8.136944099525078578e-01
1.382882882882882996e+02 8.169382034007451887e-01
1.384384384384384532e+02 8.413183483690269693e-01
1.385885885885885784e+02 8.372458149037160791e-01
1.387387387387387321e+02 8.187766856677756167e-01
1.388888888888888857e+02 8.113327522902404887e-01
1.390390390390390394e+02 8.236821154537939949e-01
1.391891891891891930e+02 8.439356289581245729e-01
1.393393393393393467e+02 8.353100178803343212e-01
1.394894894894895003e+02 8.164719328612652927e-01
1.396396396396396540e+02 8.093599056048262907e-01
1.397897897897897792e+02 8.338088458935288827e-01
1.399399399399399329e+02 8.434479764730503648e-01
1.400900900900900865e+02 8.334718351028245209e-01
1.402402402402402402e+02 8.131985245174582211e-01
1.403903903903903938e+02 8.174972334763047632e-01
1.405405405405405475e+02 8.423571098869061524e-01
1.406906906906907011e+02 8.395825702571008131e-01
1.408408408408408548e+02 8.281076777257360133e-01
1.409909909909909800e+02 8.094226734244331922e-01
1.411411411411411336e+02 8.232443602275254513e-01
1.412912912912912873e+02 8.437329083333638957e-01
1.414414414414414409e+02 8.343362214015599410e-01
1.415915915915915946e+02 8.159927924076634254e-01
1.417417417417417482e+02 8.121731927628486059e-01
1.418918918918919019e+02 8.310877367339579713e-01
1.420420420420420555e+02 8.411652376659194408e-01
1.421921921921921808e+02 8.251360520259160003e-01
1.423423423423423344e+02 8.130111505575673414e-01
1.424924924924924881e+02 8.201979122493527896e-01
1.426426426426426417e+02 8.423017081580388421e-01
1.427927927927927954e+02 8.386669480356980788e-01
1.429429429429429490e+02 8.180818024410180245e-01
1.430930930930931027e+02 8.090166084837974170e-01
1.432432432432432563e+02 8.244624236933749684e-01
1.433933933933933815e+02 8.447620005702900503e-01
1.435435435435435352e+02 8.367225003878624445e-01
1.436936936936936888e+02 8.153769345080773556e-01
1.438438438438438425e+02 8.119856356322813218e-01
1.439939939939939961e+02 8.369119667769068238e-01
1.441441441441441498e+02 8.411820463843511231e-01
1.442942942942943034e+02 8.304246486606835509e-01
1.444444444444444571e+02 8.122502797247701523e-01
1.445945945945946107e+02 8.198165182324653744e-01
1.447447447447447360e+02 8.423004749532692070e-01
1.448948948948948896e+02 8.360494530923050505e-01
1.450450450450450433e+02 8.179045628315532168e-01
1.451951951951951969e+02 8.096140852037576607e-01
1.453453453453453506e+02 8.246953544025668048e-01
1.454954954954955042e+02 8.431854411739827526e-01
1.456456456456456579e+02 8.333470518841025187e-01
1.457957957957958115e+02 8.152684090867995392e-01
1.459459459459459367e+02 8.139662993283472980e-01
1.460960960960960904e+02 8.372197937350026598e-01
1.462462462462462440e+02 8.410734045539617343e-01
1.463963963963963977e+02 8.308373519638030391e-01
1.465465465465465513e+02 8.117022887276840182e-01
1.466966966966967050e+02 8.205364482113051139e-01
1.468468468468468586e+02 8.433142325361825398e-01
1.469969969969970123e+02 8.383290138070443875e-01
1.471471471471471375e+02 8.216179138289848582e-01
1.472972972972972912e+02 8.076155838544846199e-01
1.474474474474474448e+02 8.252565861501052202e-01
1.475975975975975985e+02 8.426818822288524302e-01
1.477477477477477521e+02 8.319528601786571054e-01
1.478978978978979058e+02 8.152908135356858876e-01
1.480480480480480594e+02 8.161585556600043923e-01
1.481981981981982130e+02 8.376564848130189089e-01
1.483483483483483383e+02 8.381166342089458876e-01
1.484984984984984919e+02 8.193768684014650638e-01
1.486486486486486456e+02 8.114212684492948524e-01
1.487987987987987992e+02 8.231652239649416281e-01
1.489489489489489529e+02 8.430485938569473037e-01
1.490990990990991065e+02 8.370751681904925467e-01
1.492492492492492602e+02 8.171202738146223776e-01
1.493993993993994138e+02 8.071321238043981383e-01
1.495495495495495391e+02 8.258485892372442461e-01
1.496996996996996927e+02 8.437783923078409076e-01
1.498498498498498464e+02 8.345462138475129299e-01
1.500000000000000000e+02 8.140750846395261586e-01
