0.000000000000000000e+00 5.503315953679859679e-02
1.501501501501501523e-01 2.730095192977256557e-01
3.003003003003003046e-01 4.091234247656722056e-01
4.504504504504504570e-01 5.385797978477859793e-01
6.006006006006006093e-01 6.849585552612270645e-01
7.507507507507507061e-01 6.908304673723133504e-01
9.009009009009009139e-01 6.762510917897883722e-01
1.051051051051051122e+00 6.660706040663204597e-01
1.201201201201201219e+00 6.613798366042394905e-01
1.351351351351351315e+00 7.188094324939034996e-01
1.501501501501501412e+00 7.309999916642790918e-01
1.651651651651651731e+00 6.641978419802230249e-01
1.801801801801801828e+00 5.883836914061794099e-01
1.951951951951951925e+00 5.795709201891325879e-01
2.102102102102102243e+00 5.906611204906976331e-01
2.252252252252252340e+00 5.902854737315129663e-01
2.402402402402402437e+00 5.796849338673368823e-01
2.552552552552552534e+00 5.874943464478814548e-01
2.702702702702702631e+00 6.640159773979529279e-01
2.852852852852852727e+00 7.472365300078349648e-01
3.003003003003002824e+00 8.226553453490889067e-01
3.153153153153153365e+00 8.547455054942366681e-01
3.303303303303303462e+00 8.490196266134455438e-01
3.453453453453453559e+00 8.413564152092349868e-01
3.603603603603603656e+00 8.301786321643214173e-01
3.753753753753753752e+00 8.166267316914720409e-01
3.903903903903903849e+00 8.546315527968801895e-01
4.054054054054054390e+00 8.422147417185016360e-01
4.204204204204204487e+00 7.928775130967313789e-01
4.354354354354354584e+00 7.371714570514430465e-01
4.504504504504504681e+00 7.277752669643932082e-01
4.654654654654654777e+00 7.213843799422708924e-01
4.804804804804804874e+00 7.070129277295288395e-01
4.954954954954954971e+00 6.866577674438891776e-01
5.105105105105105068e+00 7.058184233226287851e-01
5.255255255255255165e+00 7.565581790815567587e-01
5.405405405405405261e+00 8.085136774910168800e-01
5.555555555555555358e+00 8.392271866641012323e-01
5.705705705705705455e+00 8.294372225483247485e-01
5.855855855855855552e+00 8.288319771231282829e-01
6.006006006006005649e+00 8.206081466506763844e-01
6.156156156156156634e+00 8.083252644184936164e-01
6.306306306306306730e+00 8.060107108248596441e-01
6.456456456456456827e+00 8.268488020687277951e-01
6.606606606606606924e+00 8.157919708764711508e-01
6.756756756756757021e+00 7.879685956734301389e-01
6.906906906906907118e+00 7.522193113414794574e-01
7.057057057057057214e+00 7.480730641844515194e-01
7.207207207207207311e+00 7.369263084176509437e-01
7.357357357357357408e+00 7.199747264930926871e-01
7.507507507507507505e+00 6.990901305369422447e-01
7.657657657657657602e+00 7.467808380206908403e-01
7.807807807807807698e+00 7.894501947995334890e-01
7.957957957957957795e+00 8.279014250922398510e-01
8.108108108108108780e+00 8.286987775006807722e-01
8.258258258258258877e+00 8.176092712762422776e-01
8.408408408408408974e+00 8.166681909476314338e-01
8.558558558558559071e+00 8.129947352576560871e-01
8.708708708708709167e+00 8.037625764609819257e-01
8.858858858858859264e+00 8.152421796645366037e-01
9.009009009009009361e+00 8.232031798900033559e-01
9.159159159159159458e+00 8.159963176029456644e-01
9.309309309309309555e+00 7.977505609526777119e-01
9.459459459459459651e+00 7.761013209518610179e-01
9.609609609609609748e+00 7.710726649727952520e-01
9.759759759759759845e+00 7.583699789327940088e-01
9.909909909909909942e+00 7.399842568578247626e-01
1.006006006006006004e+01 7.229931984818718238e-01
1.021021021021021014e+01 7.816686130570594804e-01
1.036036036036036023e+01 8.225522217344387599e-01
1.051051051051051033e+01 8.533993646672655142e-01
1.066066066066066043e+01 8.284228613369766236e-01
1.081081081081081052e+01 8.281872033232047237e-01
1.096096096096096062e+01 8.289781985437916223e-01
1.111111111111111072e+01 8.232055612773016007e-01
1.126126126126126081e+01 8.136567790232598352e-01
1.141141141141141091e+01 8.291271839959819534e-01
1.156156156156156101e+01 8.307430351162292670e-01
1.171171171171171110e+01 8.283268770356230215e-01
1.186186186186186120e+01 8.123476393071618062e-01
1.201201201201201130e+01 7.973886450696794359e-01
1.216216216216216317e+01 7.904681755420386313e-01
1.231231231231231327e+01 7.766217918962103894e-01
1.246246246246246336e+01 7.579953094918694401e-01
1.261261261261261346e+01 7.641385902016272214e-01
1.276276276276276356e+01 8.083611020001941760e-01
1.291291291291291365e+01 8.438618406420728135e-01
1.306306306306306375e+01 8.604909482017494282e-01
1.321321321321321385e+01 8.298036536218663661e-01
1.336336336336336394e+01 8.359683398076291905e-01
1.351351351351351404e+01 8.327817434993060042e-01
1.366366366366366414e+01 8.237105631443540910e-01
1.381381381381381424e+01 8.109930899692379125e-01
1.396396396396396433e+01 8.340608950844099478e-01
1.411411411411411443e+01 8.394050562555590567e-01
1.426426426426426453e+01 8.408107977644887487e-01
1.441441441441441462e+01 8.181237026362297993e-01
1.456456456456456472e+01 8.101743721655763064e-01
1.471471471471471482e+01 8.034939364664538397e-01
1.486486486486486491e+01 7.897908273464981921e-01
1.501501501501501501e+01 7.718323094809462770e-01
1.516516516516516511e+01 7.933268306316956231e-01
1.531531531531531520e+01 8.242492833046053402e-01
1.546546546546546530e+01 8.507081388565169711e-01
1.561561561561561540e+01 8.521203622961786017e-01
1.576576576576576549e+01 8.315607239186509902e-01
1.591591591591591559e+01 8.324949598828579322e-01
1.606606606606606746e+01 8.238426091874631041e-01
1.621621621621621756e+01 8.109015073339342905e-01
1.636636636636636766e+01 8.092189918995904563e-01
1.651651651651651775e+01 8.342135074453423949e-01
1.666666666666666785e+01 8.455002901232666623e-01
1.681681681681681795e+01 8.460581402879994162e-01
1.696696696696696804e+01 8.135687541865096462e-01
1.711711711711711814e+01 8.159652591190774684e-01
1.726726726726726824e+01 8.103780509020608314e-01
1.741741741741741833e+01 7.972436198039970501e-01
1.756756756756756843e+01 7.808082889742622434e-01
1.771771771771771853e+01 8.118361600557650881e-01
1.786786786786786863e+01 8.332265810104105830e-01
1.801801801801801872e+01 8.507843616166764766e-01
1.816816816816816882e+01 8.376972506586481959e-01
1.831831831831831892e+01 8.263558487047671930e-01
1.846846846846846901e+01 8.232311663073844654e-01
1.861861861861861911e+01 8.109929395680655073e-01
1.876876876876876921e+01 7.961022349891564431e-01
1.891891891891891930e+01 8.103319684080876328e-01
1.906906906906906940e+01 8.351587123185830741e-01
1.921921921921921950e+01 8.500139658929971587e-01
1.936936936936936959e+01 8.449775922409397122e-01
1.951951951951951969e+01 8.186258633594500900e-01
1.966966966966966979e+01 8.201183102014044657e-01
1.981981981981981988e+01 8.140032386968232281e-01
1.996996996996996998e+01 8.006503499563027981e-01
2.012012012012012008e+01 7.914876941490275319e-01
2.027027027027027017e+01 8.227344126932587542e-01
2.042042042042042027e+01 8.401942631962697750e-01
2.057057057057057037e+01 8.505340823623029900e-01
2.072072072072072046e+01 8.259931047957144168e-01
2.087087087087087056e+01 8.232862476150626385e-01
2.102102102102102066e+01 8.166807689347330701e-01
2.117117117117117076e+01 8.040261363066620870e-01
2.132132132132132085e+01 7.877402808171143356e-01
2.147147147147147095e+01 8.155722917266998717e-01
2.162162162162162105e+01 8.380745237258132585e-01
2.177177177177177114e+01 8.533317845331442886e-01
2.192192192192192124e+01 8.398546216468283365e-01
2.207207207207207134e+01 8.239901239744974459e-01
2.222222222222222143e+01 8.233922141782445969e-01
2.237237237237237153e+01 8.133350299885568901e-01
2.252252252252252163e+01 7.997917099188137646e-01
2.267267267267267172e+01 8.066047465563986885e-01
2.282282282282282182e+01 8.305001463605359291e-01
2.297297297297297192e+01 8.476486235889746368e-01
2.312312312312312201e+01 8.496208836075281878e-01
2.327327327327327211e+01 8.229996384952813493e-01
2.342342342342342221e+01 8.239837680071105952e-01
2.357357357357357230e+01 8.168958406965027841e-01
2.372372372372372240e+01 8.026655654573002785e-01
2.387387387387387250e+01 7.861143513897493884e-01
2.402402402402402259e+01 8.236760361003788722e-01
2.417417417417417624e+01 8.425471818174351535e-01
2.432432432432432634e+01 8.549538706489649975e-01
2.447447447447447644e+01 8.315345760829777610e-01
2.462462462462462653e+01 8.267968735513091527e-01
2.477477477477477663e+01 8.225029731831250412e-01
2.492492492492492673e+01 8.098099154120114163e-01
2.507507507507507682e+01 7.944367316695166714e-01
2.522522522522522692e+01 8.158605410663004598e-01
2.537537537537537702e+01 8.376170582370032758e-01
2.552552552552552712e+01 8.543023019033224585e-01
2.567567567567567721e+01 8.456630712117326754e-01
2.582582582582582731e+01 8.254828707338462968e-01
2.597597597597597741e+01 8.254603124655393032e-01
2.612612612612612750e+01 8.179715194314396420e-01
2.627627627627627760e+01 8.028406671155222663e-01
2.642642642642642770e+01 8.035354362072719692e-01
2.657657657657657779e+01 8.310003137610421087e-01
2.672672672672672789e+01 8.469300117846627618e-01
2.687687687687687799e+01 8.523538245276989223e-01
2.702702702702702808e+01 8.239728407198135818e-01
2.717717717717717818e+01 8.256027994424954830e-01
2.732732732732732828e+01 8.183823696645686763e-01
2.747747747747747837e+01 8.040949252621032439e-01
2.762762762762762847e+01 7.873477604572527433e-01
2.777777777777777857e+01 8.221862819057335070e-01
2.792792792792792866e+01 8.433460053354817632e-01
2.807807807807807876e+01 8.580270094373394496e-01
2.822822822822822886e+01 8.375907423543123009e-01
2.837837837837837895e+01 8.271678372164077420e-01
2.852852852852852905e+01 8.256902883711211283e-01
2.867867867867867915e+01 8.157624325953538591e-01
2.882882882882882924e+01 8.005759676537639313e-01
2.897897897897897934e+01 8.150185010635901950e-01
2.912912912912912944e+01 8.357722123604188758e-01
2.927927927927927954e+01 8.505647324597219727e-01
2.942942942942942963e+01 8.465816325152715205e-01
2.957957957957957973e+01 8.246236630995578132e-01
2.972972972972972983e+01 8.233433669528611443e-01
2.987987987987987992e+01 8.138359059418300845e-01
3.003003003003003002e+01 7.994825019342668426e-01
3.018018018018018012e+01 7.928955165974487240e-01
3.033033033033033021e+01 8.270964905199473804e-01
3.048048048048048031e+01 8.471901740860885432e-01
3.063063063063063041e+01 8.564809486372984004e-01
3.078078078078078050e+01 8.266797352063257609e-01
3.093093093093093060e+01 8.279401725411532631e-01
3.108108108108108070e+01 8.234208319491229666e-01
3.123123123123123079e+01 8.105208556000875753e-01
3.138138138138138089e+01 7.952436937701657937e-01
3.153153153153153099e+01 8.218375994858058142e-01
3.168168168168168108e+01 8.401469807839012649e-01
3.183183183183183118e+01 8.543296649286546973e-01
3.198198198198198128e+01 8.388792697920802732e-01
3.213213213213213493e+01 8.254704646332634566e-01
3.228228228228228147e+01 8.231909536475857658e-01
3.243243243243243512e+01 8.124325285236819738e-01
3.258258258258258167e+01 7.970529865518518609e-01
3.273273273273273531e+01 8.071323283588833775e-01
3.288288288288288186e+01 8.327606430252202374e-01
3.303303303303303551e+01 8.503003482912715461e-01
3.318318318318318205e+01 8.513583431882185693e-01
3.333333333333333570e+01 8.254983007409935070e-01
3.348348348348348225e+01 8.269124071134372755e-01
3.363363363363363590e+01 8.193511554851661272e-01
3.378378378378378244e+01 8.048581013266784545e-01
3.393393393393393609e+01 7.907968216773502146e-01
3.408408408408408263e+01 8.275390997005543925e-01
3.423423423423423628e+01 8.455665991271358317e-01
3.438438438438438283e+01 8.567999259931881051e-01
3.453453453453453648e+01 8.299651133503769262e-01
3.468468468468468302e+01 8.264224290622159685e-01
3.483483483483483667e+01 8.230074975029271211e-01
3.498498498498498321e+01 8.105102165151361060e-01
3.513513513513513686e+01 7.952486173539192738e-01
3.528528528528528341e+01 8.180831421173486717e-01
3.543543543543543706e+01 8.384017228604843108e-01
3.558558558558558360e+01 8.530131814503278953e-01
3.573573573573573725e+01 8.439182823615706264e-01
3.588588588588588379e+01 8.259211848360108466e-01
3.603603603603603744e+01 8.245636622698410134e-01
3.618618618618618399e+01 8.141856385357166825e-01
3.633633633633633764e+01 7.992071584257915973e-01
3.648648648648648418e+01 8.030431678171536802e-01
3.663663663663663783e+01 8.320520563122270064e-01
3.678678678678678438e+01 8.503062156107145109e-01
3.693693693693693803e+01 8.543540118230545932e-01
3.708708708708708457e+01 8.247287793052071603e-01
3.723723723723723822e+01 8.271995777547916928e-01
3.738738738738738476e+01 8.214715454164523978e-01
3.753753753753753841e+01 8.078098202125958416e-01
3.768768768768768496e+01 7.919783750205324768e-01
3.783783783783783861e+01 8.249038942165481947e-01
3.798798798798798515e+01 8.430599892474461843e-01
3.813813813813813880e+01 8.552328838832206070e-01
3.828828828828828534e+01 8.344825334495707958e-01
3.843843843843843899e+01 8.261264067476606909e-01
3.858858858858859264e+01 8.225266506776909292e-01
3.873873873873873919e+01 8.099816974267081138e-01
3.888888888888889284e+01 7.947658844650743459e-01
3.903903903903903938e+01 8.129579106815804090e-01
3.918918918918919303e+01 8.360685162297337714e-01
3.933933933933933957e+01 8.532780761160939642e-01
3.948948948948949322e+01 8.477751757678197997e-01
3.963963963963963977e+01 8.265968857799270708e-01
3.978978978978979342e+01 8.268423082502244226e-01
3.993993993993993996e+01 8.181723234206819129e-01
4.009009009009009361e+01 8.034792958611740588e-01
4.024024024024024015e+01 8.004412006811884028e-01
4.039039039039039380e+01 8.302215749818442347e-01
4.054054054054054035e+01 8.476273692828687478e-01
4.069069069069069400e+01 8.547832021483542375e-01
4.084084084084084054e+01 8.234374407958999775e-01
4.099099099099099419e+01 8.262161099644362849e-01
4.114114114114114074e+01 8.211378683040992943e-01
4.129129129129129439e+01 8.073861657791973068e-01
4.144144144144144093e+01 7.914590079714884929e-01
4.159159159159159458e+01 8.216916945682188889e-01
4.174174174174174112e+01 8.409593837319572218e-01
4.189189189189189477e+01 8.556302179323000967e-01
4.204204204204204132e+01 8.389077202083954354e-01
4.219219219219219497e+01 8.268820023928961094e-01
4.234234234234234151e+01 8.247118868445363349e-01
4.249249249249249516e+01 8.128846748713994819e-01
4.264264264264264170e+01 7.980820063118515550e-01
4.279279279279279535e+01 8.108493048890405008e-01
4.294294294294294190e+01 8.354781379224047733e-01
4.309309309309309555e+01 8.520160329245617392e-01
4.324324324324324209e+01 8.507687155738803408e-01
4.339339339339339574e+01 8.251605962129394678e-01
4.354354354354354228e+01 8.262260278339208508e-01
4.369369369369369593e+01 8.191578982331915171e-01
4.384384384384384248e+01 8.045942571877157112e-01
4.399399399399399613e+01 7.941302425165097656e-01
4.414414414414414267e+01 8.281130346592217029e-01
4.429429429429429632e+01 8.457757253755294746e-01
4.444444444444444287e+01 8.554204063473344055e-01
4.459459459459459651e+01 8.289911603527531092e-01
4.474474474474474306e+01 8.262986282928738158e-01
4.489489489489489671e+01 8.216774642507790327e-01
4.504504504504504325e+01 8.083878828764454738e-01
4.519519519519519690e+01 7.927184376263485266e-01
4.534534534534534345e+01 8.184039143596388843e-01
4.549549549549549710e+01 8.397615632977430966e-01
4.564564564564564364e+01 8.551162869055177751e-01
4.579579579579579729e+01 8.431388791894878221e-01
4.594594594594594383e+01 8.265971585556376455e-01
4.609609609609609748e+01 8.255661543970678196e-01
4.624624624624624403e+01 8.157382474691152741e-01
4.639639639639639768e+01 8.008949352463432536e-01
4.654654654654654422e+01 8.070653596926106177e-01
4.669669669669669787e+01 8.325811455750367074e-01
4.684684684684684441e+01 8.498009074168146881e-01
4.699699699699699806e+01 8.517939614372467272e-01
4.714714714714714461e+01 8.247022509189138040e-01
4.729729729729729826e+01 8.259367446706328275e-01
4.744744744744744480e+01 8.190180486256216641e-01
4.759759759759759845e+01 8.046703498115217457e-01
4.774774774774774500e+01 7.881962966209699051e-01
4.789789789789789864e+01 8.247245011648518531e-01
4.804804804804804519e+01 8.438250345387534601e-01
4.819819819819819884e+01 8.566834758247164894e-01
4.834834834834835249e+01 8.329811851939835643e-01
4.849849849849849903e+01 8.271597801187462462e-01
4.864864864864865268e+01 8.239120197132214773e-01
4.879879879879879923e+01 8.113761113687301130e-01
4.894894894894895288e+01 7.962492077450066263e-01
4.909909909909909942e+01 8.164268470197312277e-01
4.924924924924925307e+01 8.374935244712901072e-01
4.939939939939939961e+01 8.533771233941732648e-01
4.954954954954955326e+01 8.456983143056111540e-01
4.969969969969969981e+01 8.258766143434900231e-01
4.984984984984985346e+01 8.254991250451652052e-01
5.000000000000000000e+01 8.166590557549945339e-01
5.015015015015015365e+01 8.013885260681807843e-01
5.030030030030030019e+01 8.013412695842597744e-01
5.045045045045045384e+01 8.309207474048110331e-01
5.060060060060060039e+01 8.482299074374268777e-01
5.075075075075075404e+01 8.546178934789360193e-01
5.090090090090090058e+01 8.242109396923742448e-01
5.105105105105105423e+01 8.267757339907982894e-01
5.120120120120120077e+01 8.210317622479410549e-01
5.135135135135135442e+01 8.070853688391151914e-01
5.150150150150150097e+01 7.910055225288635805e-01
5.165165165165165462e+01 8.234547490670296455e-01
5.180180180180180116e+01 8.427227630054033858e-01
5.195195195195195481e+01 8.563867303746043325e-01
5.210210210210210136e+01 8.374670512456641180e-01
5.225225225225225500e+01 8.265347751111981056e-01
5.240240240240240155e+01 8.242018448223764615e-01
5.255255255255255520e+01 8.130541330993570348e-01
5.270270270270270174e+01 7.977861325186060837e-01
5.285285285285285539e+01 8.125163497640442989e-01
5.300300300300300194e+01 8.357353165497121150e-01
5.315315315315315559e+01 8.518832098049321511e-01
5.330330330330330213e+01 8.489122344989017410e-01
5.345345345345345578e+01 8.255039375342192454e-01
5.360360360360360232e+01 8.256829892835343410e-01
5.375375375375375597e+01 8.173356989462308153e-01
5.390390390390390252e+01 8.026696452744463972e-01
5.405405405405405617e+01 7.953408809910208488e-01
5.420420420420420271e+01 8.282795490999865784e-01
5.435435435435435636e+01 8.469939749723884859e-01
5.450450450450450290e+01 8.557354515954562757e-01
5.465465465465465655e+01 8.271748837638479568e-01
5.480480480480480310e+01 8.267947703225722034e-01
5.495495495495495675e+01 8.222496930954769079e-01
5.510510510510510329e+01 8.090412657088330572e-01
5.525525525525525694e+01 7.935158115836118409e-01
5.540540540540540349e+01 8.202561633095055704e-01
5.555555555555555713e+01 8.398952833068783486e-01
5.570570570570570368e+01 8.547901780056983423e-01
5.585585585585585733e+01 8.404934379444419790e-01
5.600600600600600387e+01 8.263840641639890183e-01
5.615615615615615752e+01 8.245550329152937508e-01
5.630630630630630407e+01 8.136016898850415568e-01
5.645645645645645772e+01 7.986429825988421438e-01
5.660660660660660426e+01 8.077475600951321555e-01
5.675675675675675791e+01 8.331520090198093476e-01
5.690690690690690445e+01 8.506209863873652743e-01
5.705705705705705810e+01 8.516337856516528193e-01
5.720720720720720465e+01 8.252583930604358020e-01
5.735735735735735830e+01 8.267395622453415083e-01
5.750750750750750484e+01 8.196088194929669335e-01
5.765765765765765849e+01 8.051136826185025797e-01
5.780780780780781214e+01 7.899601136364217124e-01
5.795795795795795868e+01 8.268488585411181147e-01
5.810810810810811233e+01 8.447874908339896294e-01
5.825825825825825888e+01 8.564683765553136041e-01
5.840840840840841253e+01 8.306682863663963357e-01
5.855855855855855907e+01 8.265776672425395599e-01
5.870870870870871272e+01 8.229532407255235604e-01
5.885885885885885926e+01 8.101305027964104122e-01
5.900900900900901291e+01 7.947615072429716765e-01
5.915915915915915946e+01 8.174871186545445978e-01
5.930930930930931311e+01 8.385194730460008294e-01
5.945945945945945965e+01 8.537406506017820584e-01
5.960960960960961330e+01 8.448033882135996819e-01
5.975975975975975985e+01 8.261004155930610215e-01
5.990990990990991349e+01 8.253114567580678296e-01
6.006006006006006004e+01 8.158690350001674974e-01
6.021021021021021369e+01 8.006839564823541311e-01
6.036036036036036023e+01 8.035374398836432341e-01
6.051051051051051388e+01 8.320235612114272872e-01
6.066066066066066043e+01 8.494432917320400289e-01
6.081081081081081408e+01 8.538857385021906277e-01
6.096096096096096062e+01 8.242901189540408069e-01
6.111111111111111427e+01 8.263392045001534125e-01
6.126126126126126081e+01 8.205039078110547557e-01
6.141141141141141446e+01 8.065994158628977395e-01
6.156156156156156101e+01 7.905625842132140146e-01
6.171171171171171466e+01 8.240361969378482421e-01
6.186186186186186120e+01 8.430588425345685311e-01
6.201201201201201485e+01 8.558043163368623807e-01
6.216216216216216139e+01 8.355595205600033770e-01
6.231231231231231504e+01 8.264914177085845859e-01
6.246246246246246159e+01 8.233795985665101069e-01
6.261261261261261524e+01 8.111125624304216242e-01
6.276276276276276178e+01 7.961708789280945719e-01
6.291291291291291543e+01 8.133023332443831688e-01
6.306306306306306197e+01 8.360266444778947648e-01
6.321321321321321562e+01 8.527782947466131525e-01
6.336336336336336217e+01 8.476313644884923004e-01
6.351351351351351582e+01 8.259426329414407686e-01
6.366366366366366236e+01 8.260531561429362846e-01
6.381381381381381601e+01 8.174643102014614859e-01
6.396396396396396256e+01 8.027360404349087597e-01
6.411411411411411621e+01 7.986658410927264251e-01
6.426426426426426985e+01 8.292543857198213519e-01
6.441441441441440929e+01 8.471868087225125077e-01
6.456456456456456294e+01 8.548939158603576782e-01
6.471471471471471659e+01 8.244389979187930484e-01
6.486486486486487024e+01 8.264657400608819149e-01
6.501501501501500968e+01 8.214131116378002861e-01
6.516516516516516333e+01 8.077303097164585388e-01
6.531531531531531698e+01 7.918623124940933344e-01
6.546546546546547063e+01 8.213665061717474458e-01
6.561561561561561007e+01 8.407457951101002802e-01
6.576576576576576372e+01 8.556625146812756322e-01
6.591591591591591737e+01 8.391002266310663149e-01
6.606606606606607102e+01 8.266255062474718862e-01
6.621621621621621046e+01 8.247060511693405926e-01
6.636636636636636410e+01 8.137444075655254627e-01
6.651651651651651775e+01 7.984626980768901872e-01
6.666666666666667140e+01 8.102856038770074321e-01
6.681681681681681084e+01 8.347525517221965341e-01
6.696696696696696449e+01 8.512543600604436378e-01
6.711711711711711814e+01 8.507267931736773869e-01
6.726726726726727179e+01 8.251249914842027078e-01
6.741741741741742544e+01 8.261338875878876387e-01
6.756756756756756488e+01 8.188142990106912489e-01
6.771771771771771853e+01 8.041313628830482063e-01
6.786786786786787218e+01 7.924861781854790621e-01
6.801801801801802583e+01 8.277757128171910894e-01
6.816816816816816527e+01 8.457623673872856074e-01
6.831831831831831892e+01 8.560631171415785667e-01
6.846846846846847257e+01 8.294242163661328382e-01
6.861861861861862621e+01 8.264740064157660715e-01
6.876876876876876565e+01 8.223464756774387929e-01
6.891891891891891930e+01 8.092990882101731565e-01
6.906906906906907295e+01 7.938412912582972769e-01
6.921921921921922660e+01 8.185384451109761761e-01
6.936936936936936604e+01 8.394453767165261926e-01
6.951951951951951969e+01 8.543931520540798408e-01
6.966966966966967334e+01 8.433205697494730035e-01
6.981981981981982699e+01 8.261985328199592526e-01
6.996996996996996643e+01 8.250110337433254060e-01
7.012012012012012008e+01 8.151012988209924703e-01
7.027027027027027373e+01 8.001534991220045079e-01
7.042042042042042738e+01 8.055935865695955655e-01
7.057057057057056682e+01 8.322052823994189330e-01
7.072072072072072046e+01 8.498087148012589687e-01
7.087087087087087411e+01 8.524471638649905314e-01
7.102102102102102776e+01 8.246928649900631125e-01
7.117117117117116720e+01 8.263093642981905740e-01
7.132132132132132085e+01 8.195966452352884124e-01
7.147147147147147450e+01 8.054532670330685207e-01
7.162162162162162815e+01 7.891673387084832125e-01
7.177177177177176759e+01 8.245990127932871783e-01
7.192192192192192124e+01 8.435486726466889795e-01
7.207207207207207489e+01 8.562477921989166685e-01
7.222222222222222854e+01 8.333732562620927986e-01
7.237237237237236798e+01 8.267841323289388811e-01
7.252252252252252163e+01 8.235096347074825074e-01
7.267267267267267528e+01 8.110073145740608336e-01
7.282282282282282893e+01 7.959097687646317087e-01
7.297297297297296836e+01 8.153500362687671199e-01
7.312312312312312201e+01 8.368185198835472738e-01
7.327327327327327566e+01 8.530521494929508286e-01
7.342342342342342931e+01 8.460585264046205367e-01
7.357357357357356875e+01 8.259450236694401148e-01
7.372372372372372240e+01 8.256815025255045404e-01
7.387387387387387605e+01 8.167584934510128125e-01
7.402402402402402970e+01 8.016356344943094125e-01
7.417417417417416914e+01 8.006398970356498612e-01
7.432432432432432279e+01 8.305359936720935199e-01
7.447447447447447644e+01 8.479854985530385081e-01
7.462462462462463009e+01 8.547680557602571616e-01
7.477477477477476953e+01 8.239229593771402183e-01
7.492492492492492318e+01 8.265818022117868979e-01
7.507507507507507682e+01 8.212077913938757856e-01
7.522522522522523047e+01 8.073522143075883006e-01
7.537537537537536991e+01 7.913601613198374407e-01
7.552552552552552356e+01 8.230274901443084268e-01
7.567567567567567721e+01 8.420922127029499826e-01
7.582582582582583086e+01 8.559916302483158157e-01
7.597597597597597030e+01 8.377599321622944961e-01
7.612612612612612395e+01 8.264204814054149084e-01
7.627627627627627760e+01 8.241013849400966595e-01
7.642642642642643125e+01 8.128664765985210705e-01
7.657657657657657069e+01 7.975763419602392990e-01
7.672672672672672434e+01 8.117791225364270336e-01
7.687687687687687799e+01 8.355873303069238922e-01
7.702702702702703164e+01 8.518488679347623327e-01
7.717717717717718529e+01 8.495176286312280389e-01
7.732732732732732472e+01 8.253784655117867297e-01
7.747747747747747837e+01 8.258599273131690399e-01
7.762762762762763202e+01 8.179075107110280740e-01
7.777777777777778567e+01 8.032620115949790085e-01
7.792792792792792511e+01 7.949590202614276180e-01
7.807807807807807876e+01 8.282128458285404893e-01
7.822822822822823241e+01 8.466224776110887751e-01
7.837837837837838606e+01 8.555665142554567115e-01
7.852852852852852550e+01 8.277182478090450157e-01
7.867867867867867915e+01 8.265012310367527704e-01
7.882882882882883280e+01 8.219458815722713307e-01
7.897897897897898645e+01 8.087524503445349122e-01
7.912912912912912589e+01 7.932165883696531417e-01
7.927927927927927954e+01 8.195225064199885834e-01
7.942942942942943318e+01 8.396690381883562537e-01
7.957957957957958683e+01 8.546700333123654625e-01
7.972972972972972627e+01 8.412246420262041724e-01
7.987987987987987992e+01 8.263997532006945868e-01
8.003003003003003357e+01 8.247460245849295157e-01
8.018018018018018722e+01 8.139137694157019265e-01
8.033033033033032666e+01 7.991319052386854915e-01
8.048048048048048031e+01 8.072944526649901142e-01
8.063063063063063396e+01 8.328016686901110743e-01
8.078078078078078761e+01 8.503609097295071750e-01
8.093093093093092705e+01 8.516691419486811521e-01
8.108108108108108070e+01 8.250317602819403628e-01
8.123123123123123435e+01 8.265283826825738922e-01
8.138138138138138800e+01 8.195068479038509768e-01
8.153153153153152743e+01 8.050763695662845887e-01
8.168168168168168108e+01 7.887991988524483133e-01
8.183183183183183473e+01 8.261514950496678944e-01
8.198198198198198838e+01 8.442867565868413804e-01
8.213213213213212782e+01 8.563566241325638595e-01
8.228228228228228147e+01 8.311932127928955971e-01
8.243243243243243512e+01 8.266292832949888592e-01
8.258258258258258877e+01 8.230688191643351637e-01
8.273273273273272821e+01 8.102689223377951278e-01
8.288288288288288186e+01 7.949298490388029270e-01
8.303303303303303551e+01 8.169887722389252982e-01
8.318318318318318916e+01 8.381343883095805358e-01
8.333333333333332860e+01 8.536375309546105905e-01
8.348348348348348225e+01 8.451267677877680740e-01
8.363363363363363590e+01 8.260081710849973557e-01
8.378378378378378954e+01 8.254255518994000340e-01
8.393393393393392898e+01 8.162500456153063411e-01
8.408408408408408263e+01 8.010242302574792639e-01
8.423423423423423628e+01 8.029729745380542738e-01
8.438438438438438993e+01 8.317536185621434708e-01
8.453453453453452937e+01 8.489756759418809473e-01
8.468468468468468302e+01 8.540235526559510904e-01
8.483483483483483667e+01 8.241060167988194518e-01
8.498498498498499032e+01 8.262078651338393698e-01
8.513513513513512976e+01 8.204798548287304261e-01
8.528528528528528341e+01 8.065493568496513443e-01
8.543543543543543706e+01 7.904885212729367838e-01
8.558558558558559071e+01 8.237227232930404153e-01
8.573573573573573015e+01 8.429117317748724414e-01
8.588588588588588379e+01 8.559193904526697372e-01
8.603603603603603744e+01 8.362228124136599217e-01
8.618618618618619109e+01 8.264689314956799038e-01
8.633633633633633053e+01 8.235989865850069647e-01
8.648648648648648418e+01 8.115000997282242334e-01
8.663663663663663783e+01 7.966674794964856421e-01
8.678678678678679148e+01 8.130116035927006379e-01
8.693693693693694513e+01 8.358908327715133257e-01
8.708708708708708457e+01 8.524653091899574431e-01
8.723723723723723822e+01 8.479547252153307735e-01
8.738738738738739187e+01 8.257091966484089163e-01
8.753753753753754552e+01 8.258272831955106863e-01
8.768768768768768496e+01 8.173189704188313920e-01
8.783783783783783861e+01 8.026453916572410252e-01
8.798798798798799226e+01 7.975401609058386798e-01
8.813813813813814591e+01 8.287643048185843186e-01
8.828828828828828534e+01 8.469949466853300413e-01
8.843843843843843899e+01 8.550199549183238323e-01
8.858858858858859264e+01 8.252830667609063475e-01
8.873873873873874629e+01 8.265280881855086026e-01
8.888888888888888573e+01 8.215791057555825727e-01
8.903903903903903938e+01 8.080248956905269342e-01
8.918918918918919303e+01 7.922485196486567238e-01
8.933933933933934668e+01 8.208892701789913815e-01
8.948948948948948612e+01 8.403679989820522778e-01
8.963963963963963977e+01 8.553948215480805528e-01
8.978978978978979342e+01 8.394465792637462176e-01
8.993993993993994707e+01 8.265328277351068342e-01
9.009009009009008651e+01 8.246863895438397707e-01
9.024024024024024015e+01 8.138017496388612049e-01
9.039039039039039380e+01 7.985708328507244991e-01
9.054054054054054745e+01 8.095375789550229850e-01
9.069069069069068689e+01 8.341953671593796971e-01
9.084084084084084054e+01 8.509325093218355063e-01
9.099099099099099419e+01 8.509404922932457538e-01
9.114114114114114784e+01 8.250994760434594566e-01
9.129129129129128728e+01 8.262458657964728559e-01
9.144144144144144093e+01 8.189759008490435921e-01
9.159159159159159458e+01 8.043100630122188566e-01
9.174174174174174823e+01 7.915300986425148899e-01
9.189189189189188767e+01 8.274878814966049045e-01
9.204204204204204132e+01 8.454385660680721060e-01
9.219219219219219497e+01 8.562423766379230194e-01
9.234234234234234862e+01 8.297927789840352508e-01
9.249249249249248805e+01 8.264811266715463844e-01
9.264264264264264170e+01 8.225602297271644714e-01
9.279279279279279535e+01 8.095965805012789174e-01
9.294294294294294900e+01 7.941817717075554395e-01
9.309309309309308844e+01 8.182638075505475062e-01
9.324324324324324209e+01 8.391914798195613256e-01
9.339339339339339574e+01 8.541263532894878274e-01
9.354354354354354939e+01 8.437930414990473249e-01
9.369369369369368883e+01 8.260626905746818460e-01
9.384384384384384248e+01 8.249805218194633527e-01
9.399399399399399613e+01 8.152506611860192987e-01
9.414414414414414978e+01 8.002194210446346156e-01
9.429429429429428922e+01 8.048492176291769384e-01
9.444444444444444287e+01 8.320817206205929351e-01
9.459459459459459651e+01 8.496669993913447128e-01
9.474474474474475016e+01 8.528566973004373386e-01
9.489489489489488960e+01 8.245425764364248122e-01
9.504504504504504325e+01 8.262934092940665831e-01
9.519519519519519690e+01 8.198097085253063243e-01
9.534534534534535055e+01 8.057670250854856997e-01
9.549549549549548999e+01 7.895682180253170701e-01
9.564564564564564364e+01 8.243112486387389470e-01
9.579579579579579729e+01 8.433519685289754264e-01
9.594594594594595094e+01 8.560509845042786337e-01
9.609609609609609038e+01 8.340426277499453089e-01
9.624624624624624403e+01 8.266506397072351797e-01
9.639639639639639768e+01 8.234199733126849052e-01
9.654654654654655133e+01 8.110022759628325861e-01
9.669669669669670498e+01 7.959698252426030685e-01
9.684684684684684441e+01 8.146182476274894668e-01
9.699699699699699806e+01 8.364147625996748436e-01
9.714714714714715171e+01 8.528733618681014761e-01
9.729729729729730536e+01 8.464424099723658612e-01
9.744744744744744480e+01 8.259347906647276361e-01
9.759759759759759845e+01 8.257707010001825720e-01
9.774774774774775210e+01 8.168995108815404471e-01
9.789789789789790575e+01 8.018986601126730784e-01
9.804804804804804519e+01 7.999314113143256577e-01
9.819819819819819884e+01 8.300596313762786949e-01
9.834834834834835249e+01 8.476763288594558743e-01
9.849849849849850614e+01 8.548323118403723386e-01
9.864864864864864558e+01 8.237962595007558564e-01
9.879879879879879923e+01 8.264444440366871536e-01
9.894894894894895288e+01 8.213117178090268977e-01
9.909909909909910652e+01 8.075069560824821302e-01
9.924924924924924596e+01 7.915567992873226988e-01
9.939939939939939961e+01 8.225667720129703486e-01
9.954954954954955326e+01 8.416273044238933299e-01
9.969969969969970691e+01 8.558640517858633334e-01
9.984984984984984635e+01 8.381258026151875429e-01
1.000000000000000000e+02 8.264273046506168674e-01
1.001501501501501536e+02 8.242378781866284143e-01
1.003003003003003073e+02 8.131437357946538214e-01
1.004504504504504467e+02 7.977732496516994898e-01
1.006006006006006004e+02 8.112796123606915710e-01
1.007507507507507540e+02 8.353746698691734140e-01
1.009009009009009077e+02 8.516555999335493343e-01
1.010510510510510471e+02 8.499637476579335882e-01
1.012012012012012008e+02 8.252633994036985277e-01
1.013513513513513544e+02 8.259296225542303027e-01
1.015015015015015081e+02 8.182143960347114664e-01
1.016516516516516475e+02 8.035542249597417142e-01
1.018018018018018012e+02 7.942170601676478148e-01
1.019519519519519548e+02 8.281072976685133202e-01
1.021021021021021085e+02 8.463737717370956037e-01
1.022522522522522479e+02 8.556866027011555964e-01
1.024024024024024015e+02 8.283095942815046353e-01
1.025525525525525552e+02 8.264253794619446092e-01
1.027027027027027088e+02 8.219917647678293138e-01
1.028528528528528483e+02 8.088607862218619715e-01
1.030030030030030019e+02 7.933617592400744600e-01
1.031531531531531556e+02 8.191219810092673637e-01
1.033033033033033092e+02 8.395581074066519323e-01
1.034534534534534487e+02 8.545246244045729966e-01
1.036036036036036023e+02 8.418927321496884053e-01
1.037537537537537560e+02 8.263262555643369200e-01
1.039039039039039096e+02 8.247948592720871774e-01
1.040540540540540491e+02 8.141839807579061006e-01
1.042042042042042027e+02 7.994234390563634829e-01
1.043543543543543564e+02 8.066978134211445495e-01
1.045045045045045100e+02 8.325049361635057377e-01
1.046546546546546494e+02 8.501702759699906187e-01
1.048048048048048031e+02 8.518513007123286185e-01
1.049549549549549567e+02 8.249139501449896938e-01
1.051051051051051104e+02 8.264536240622484264e-01
1.052552552552552498e+02 8.195134120242139053e-01
1.054054054054054035e+02 8.051803808400054274e-01
1.055555555555555571e+02 7.888090517451313843e-01
1.057057057057057108e+02 8.255787892003358941e-01
1.058558558558558644e+02 8.439478647238383147e-01
1.060060060060060039e+02 8.562956404962898116e-01
1.061561561561561575e+02 8.317909188122405428e-01
1.063063063063063112e+02 8.266748680527963300e-01
1.064564564564564648e+02 8.231983047437140266e-01
1.066066066066066043e+02 8.104703534103542273e-01
1.067567567567567579e+02 7.951919590936842308e-01
1.069069069069069116e+02 8.164633711366293678e-01
1.070570570570570652e+02 8.376829745576317432e-01
1.072072072072072046e+02 8.534450249864062865e-01
1.073573573573573583e+02 8.454164523288443256e-01
1.075075075075075119e+02 8.259716547347042415e-01
1.076576576576576656e+02 8.255226120919861854e-01
1.078078078078078050e+02 8.164638297346441531e-01
1.079579579579579587e+02 8.012399123742618423e-01
1.081081081081081123e+02 8.022690118174866658e-01
1.082582582582582660e+02 8.314396997181248139e-01
1.084084084084084054e+02 8.486356050629921821e-01
1.085585585585585591e+02 8.542876411721934682e-01
1.087087087087087127e+02 8.239966153304205676e-01
1.088588588588588664e+02 8.262476509144465187e-01
1.090090090090090058e+02 8.206806360469302009e-01
1.091591591591591595e+02 8.067632011106447010e-01
1.093093093093093131e+02 7.907195769006767350e-01
1.094594594594594668e+02 8.235303385353605066e-01
1.096096096096096062e+02 8.427004863719753658e-01
1.097597597597597598e+02 8.559419735150106678e-01
1.099099099099099135e+02 8.367754293285419864e-01
1.100600600600600671e+02 8.264194888976963416e-01
1.102102102102102066e+02 8.237278431088691510e-01
1.103603603603603602e+02 8.117376442310244578e-01
1.105105105105105139e+02 7.969543141193317082e-01
1.106606606606606675e+02 8.126099507098480945e-01
1.108108108108108070e+02 8.358052972434624195e-01
1.109609609609609606e+02 8.522697333596975788e-01
1.111111111111111143e+02 8.484481132209876764e-01
1.112612612612612679e+02 8.255746749237381499e-01
1.114114114114114074e+02 8.257839028770335155e-01
1.115615615615615610e+02 8.174374349114733596e-01
1.117117117117117147e+02 8.028084370858363794e-01
1.118618618618618683e+02 7.966755773089766457e-01
1.120120120120120077e+02 8.284852978022166914e-01
1.121621621621621614e+02 8.468538672015335500e-01
1.123123123123123150e+02 8.551377477939839933e-01
1.124624624624624687e+02 8.261065779912526441e-01
1.126126126126126081e+02 8.265112566823766826e-01
1.127627627627627618e+02 8.216581889937673022e-01
1.129129129129129154e+02 8.082248188177046933e-01
1.130630630630630691e+02 7.925278923513654483e-01
1.132132132132132085e+02 8.203649813571589622e-01
1.133633633633633622e+02 8.400514336536895055e-01
1.135135135135135158e+02 8.551499253488253904e-01
1.136636636636636695e+02 8.399497778502889034e-01
1.138138138138138089e+02 8.264988273379796357e-01
1.139639639639639626e+02 8.247188438213084449e-01
1.141141141141141162e+02 8.138329357549696219e-01
1.142642642642642699e+02 7.987525596936306815e-01
1.144144144144144093e+02 8.088196706511359135e-01
1.145645645645645629e+02 8.336895720514445607e-01
1.147147147147147166e+02 8.506990748449571038e-01
1.148648648648648702e+02 8.511590253593457334e-01
1.150150150150150097e+02 8.250914167209394412e-01
1.151651651651651633e+02 8.263619696875127429e-01
1.153153153153153170e+02 8.191687600493855470e-01
1.154654654654654706e+02 8.045472729269370626e-01
1.156156156156156243e+02 7.906417837814154748e-01
1.157657657657657637e+02 8.271350281041331964e-01
1.159159159159159174e+02 8.450716402072296907e-01
1.160660660660660710e+02 8.563359871956117697e-01
1.162162162162162247e+02 8.301757453147543542e-01
1.163663663663663641e+02 8.265081400576809179e-01
1.165165165165165178e+02 8.227331075426366214e-01
1.166666666666666714e+02 8.098231859167098756e-01
1.168168168168168251e+02 7.944265420196892080e-01
1.169669669669669645e+02 8.179177892915521220e-01
1.171171171171171181e+02 8.389167417882659183e-01
1.172672672672672718e+02 8.539672357912706513e-01
1.174174174174174254e+02 8.442815332466180323e-01
1.175675675675675649e+02 8.260239035652692241e-01
1.177177177177177185e+02 8.251014695935723342e-01
1.178678678678678722e+02 8.155924637360150165e-01
1.180180180180180258e+02 8.004680497253657823e-01
1.181681681681681653e+02 8.042678766657699319e-01
1.183183183183183189e+02 8.320274492879089490e-01
1.184684684684684726e+02 8.494807389548802989e-01
1.186186186186186262e+02 8.532378035099507096e-01
1.187687687687687657e+02 8.243806402674059841e-01
1.189189189189189193e+02 8.262374204290376944e-01
1.190690690690690730e+02 8.199834996101943441e-01
1.192192192192192266e+02 8.059956082206243266e-01
1.193693693693693660e+02 7.898515176599154586e-01
1.195195195195195197e+02 8.240641610791746841e-01
1.196696696696696733e+02 8.432170549552635563e-01
1.198198198198198270e+02 8.559764319669929122e-01
1.199699699699699664e+02 8.347904123917563313e-01
1.201201201201201201e+02 8.265903559471666773e-01
1.202702702702702737e+02 8.234523485889607697e-01
1.204204204204204274e+02 8.111432270351804918e-01
1.205705705705705668e+02 7.961864019713243978e-01
1.207207207207207205e+02 8.140467522759873287e-01
1.208708708708708741e+02 8.361550754355734361e-01
1.210210210210210278e+02 8.527238414003707190e-01
1.211711711711711672e+02 8.468634910477161881e-01
1.213213213213213209e+02 8.258716952870079897e-01
1.214714714714714745e+02 8.257880759003599636e-01
1.216216216216216282e+02 8.169912565330126331e-01
1.217717717717717676e+02 8.021121722497823736e-01
1.219219219219219212e+02 7.991569711650156060e-01
1.220720720720720749e+02 8.295652761661201913e-01
1.222222222222222285e+02 8.474079961083170742e-01
1.223723723723723680e+02 8.548969139642160764e-01
1.225225225225225216e+02 8.237283307768802354e-01
1.226726726726726753e+02 8.264935764891301329e-01
1.228228228228228289e+02 8.214269939682945498e-01
1.229729729729729684e+02 8.076879119471482849e-01
1.231231231231231220e+02 7.917883028796866007e-01
1.232732732732732757e+02 8.220702605284174735e-01
1.234234234234234293e+02 8.411889293467350592e-01
1.235735735735735688e+02 8.557381976928388756e-01
1.237237237237237224e+02 8.384945831456221965e-01
1.238738738738738761e+02 8.264478138202950852e-01
1.240240240240240297e+02 8.243837792057387981e-01
1.241741741741741691e+02 8.134005146668347175e-01
1.243243243243243228e+02 7.980081844941366853e-01
1.244744744744744764e+02 8.107542840778736437e-01
1.246246246246246301e+02 8.350657366495629619e-01
1.247747747747747695e+02 8.514251333760899376e-01
1.249249249249249232e+02 8.503421898781917676e-01
1.250750750750750768e+02 8.251875098500428551e-01
1.252252252252252305e+02 8.260223068472838381e-01
1.253753753753753841e+02 8.184856973612197883e-01
1.255255255255255236e+02 8.038095522031758478e-01
1.256756756756756772e+02 7.933992912300555922e-01
1.258258258258258309e+02 8.279835603107242870e-01
1.259759759759759845e+02 8.461189526136742023e-01
1.261261261261261239e+02 8.558704119006128597e-01
1.262762762762762776e+02 8.288347889385101475e-01
1.264264264264264312e+02 8.263999962777917041e-01
1.265765765765765849e+02 8.221290384531649842e-01
1.267267267267267243e+02 8.090600765183731946e-01
1.268768768768768780e+02 7.935998657178359172e-01
1.270270270270270316e+02 8.188182775056044305e-01
1.271771771771771853e+02 8.394654565855295125e-01
1.273273273273273247e+02 8.543814353782961390e-01
1.274774774774774784e+02 8.425447667875878288e-01
1.276276276276276320e+02 8.262417957553309655e-01
1.277777777777777857e+02 8.248333737818792644e-01
1.279279279279279251e+02 8.144915134261883072e-01
1.280780780780780788e+02 7.996754462326318702e-01
1.282282282282282324e+02 8.060789378421349127e-01
1.283783783783783861e+02 8.322980517961101610e-01
1.285285285285285397e+02 8.500182953999830815e-01
1.286786786786786934e+02 8.521313139031566619e-01
1.288288288288288186e+02 8.248066354115206611e-01
1.289789789789789722e+02 8.264077977461972147e-01
1.291291291291291259e+02 8.195808319848456591e-01
1.292792792792792795e+02 8.053568666082704386e-01
1.294294294294294332e+02 7.890436537075103951e-01
1.295795795795795868e+02 8.250892369184177344e-01
1.297297297297297405e+02 8.436895620049489342e-01
1.298798798798798941e+02 8.562117546864641549e-01
1.300300300300300194e+02 8.324635162935880572e-01
1.301801801801801730e+02 8.266945180910405533e-01
1.303303303303303267e+02 8.232894410080371372e-01
1.304804804804804803e+02 8.106444644108842246e-01
1.306306306306306340e+02 7.954360986928408206e-01
1.307807807807807876e+02 8.158775626426322258e-01
1.309309309309309413e+02 8.372278762415059639e-01
1.310810810810810949e+02 8.532561315302862326e-01
1.312312312312312201e+02 8.457198513774770721e-01
1.313813813813813738e+02 8.259692826200488724e-01
1.315315315315315274e+02 8.256326323426851355e-01
1.316816816816816811e+02 8.166497715189319218e-01
1.318318318318318347e+02 8.014650205826299167e-01
1.319819819819819884e+02 8.015517130952469760e-01
1.321321321321321420e+02 8.310624247411214638e-01
1.322822822822822957e+02 8.483138138041274035e-01
1.324324324324324209e+02 8.545175911115767686e-01
1.325825825825825746e+02 8.239194768700780491e-01
1.327327327327327282e+02 8.263245037362358936e-01
1.328828828828828819e+02 8.209054702152205341e-01
1.330330330330330355e+02 8.070090268613260287e-01
1.331831831831831892e+02 7.909857612557705808e-01
1.333333333333333428e+02 8.233045470302150504e-01
1.334834834834834965e+02 8.424220245189838474e-01
1.336336336336336217e+02 8.559503888625822343e-01
1.337837837837837753e+02 8.372624624699254170e-01
1.339339339339339290e+02 8.263958619630410452e-01
1.340840840840840826e+02 8.238767628817611488e-01
1.342342342342342363e+02 8.119809553311095884e-01
1.343843843843843899e+02 7.972205002533836460e-01
1.345345345345345436e+02 8.122065119087309437e-01
1.346846846846846972e+02 8.357239572942714023e-01
1.348348348348348509e+02 8.520872520170683639e-01
1.349849849849849761e+02 8.489659072155248953e-01
1.351351351351351298e+02 8.254578231334169791e-01
1.352852852852852834e+02 8.257930574060570184e-01
1.354354354354354371e+02 8.176487708770944218e-01
1.355855855855855907e+02 8.030303826669732414e-01
1.357357357357357444e+02 7.958808082521162675e-01
1.358858858858858980e+02 8.283116320219047202e-01
1.360360360360360517e+02 8.467200879533650637e-01
1.361861861861861769e+02 8.552790219521320125e-01
1.363363363363363305e+02 8.268891473184636354e-01
1.364864864864864842e+02 8.264794856384147792e-01
1.366366366366366378e+02 8.217343627476834111e-01
1.367867867867867915e+02 8.084119912250422590e-01
1.369369369369369451e+02 7.927858214345701038e-01
1.370870870870870988e+02 8.198932977167421310e-01
1.372372372372372524e+02 8.398261964418025638e-01
1.373873873873873777e+02 8.549253075135649915e-01
1.375375375375375313e+02 8.405262721555952776e-01
1.376876876876876850e+02 8.264655799762531396e-01
1.378378378378378386e+02 8.247540520429132993e-01
1.379879879879879923e+02 8.138814329972939854e-01
1.381381381381381459e+02 7.989617938170763267e-01
1.382882882882882996e+02 8.081287196361532921e-01
1.384384384384384532e+02 8.332344988986720713e-01
1.385885885885885784e+02 8.505014806387630744e-01
1.387387387387387321e+02 8.513557638396024307e-01
1.388888888888888857e+02 8.250357826884240353e-01
1.390390390390390394e+02 8.264094098333473193e-01
1.391891891891891930e+02 8.192911937056442939e-01
1.393393393393393467e+02 8.047450385828834873e-01
1.394894894894895003e+02 7.897062488618139531e-01
1.396396396396396540e+02 8.266571778289559802e-01
1.397897897897897792e+02 8.446728782344909980e-01
1.399399399399399329e+02 8.563795260856752467e-01
1.400900900900900865e+02 8.306316456360560707e-01
1.402402402402402402e+02 8.265696878493188349e-01
1.403903903903903938e+02 8.229128031573407220e-01
1.405405405405405475e+02 8.100561424661237853e-01
1.406906906906907011e+02 7.946850132709459835e-01
1.408408408408408548e+02 8.175315417716016997e-01
1.409909909909909800e+02 8.385847637251223619e-01
1.411411411411411336e+02 8.538102168475273368e-01
1.412912912912912873e+02 8.446891075556839379e-01
1.414414414414414409e+02 8.259797817752522198e-01
1.415915915915915946e+02 8.252197678083338372e-01
1.417417417417417482e+02 8.158959657789890407e-01
1.418918918918919019e+02 8.007067416979232188e-01
1.420420420420420555e+02 8.036498882244896835e-01
1.421921921921921808e+02 8.319163161793935446e-01
1.423423423423423344e+02 8.492444421151936762e-01
1.424924924924924881e+02 8.536106917332387800e-01
1.426426426426426417e+02 8.242388569754998118e-01
1.427927927927927954e+02 8.262094941000912574e-01
1.429429429429429490e+02 8.201886553265640423e-01
1.430930930930931027e+02 8.062339461816638853e-01
1.432432432432432563e+02 7.901328137084975278e-01
1.433933933933933815e+02 8.238830134077698153e-01
1.435435435435435352e+02 8.430923411193931294e-01
1.436936936936936888e+02 8.559395178665929471e-01
1.438438438438438425e+02 8.354918728555073004e-01
1.439939939939939961e+02 8.265233479913858261e-01
1.441441441441441498e+02 8.235054143117666037e-01
1.442942942942943034e+02 8.113059484844961089e-01
1.444444444444444571e+02 7.964186963598293145e-01
1.445945945945946107e+02 8.135351842010625223e-01
1.447447447447447360e+02 8.359837376694712052e-01
1.448948948948948896e+02 8.525839537254844558e-01
1.450450450450450433e+02 8.473398519685713115e-01
1.451951951951951969e+02 8.257971663135219575e-01
1.453453453453453506e+02 8.257936975381878764e-01
1.454954954954955042e+02 8.171003536003941248e-01
1.456456456456456579e+02 8.023317916773913261e-01
1.457957957957958115e+02 7.983681317017072843e-01
1.459459459459459367e+02 8.291312661139695894e-01
1.460960960960960904e+02 8.471932128907559978e-01
1.462462462462462440e+02 8.549606318132335625e-01
1.463963963963963977e+02 8.243613124218194255e-01
1.465465465465465513e+02 8.265290225762017551e-01
1.466966966966967050e+02 8.215233248941917754e-01
1.468468468468468586e+02 8.078682180795815349e-01
1.469969969969970123e+02 7.920279953783089244e-01
1.471471471471471375e+02 8.215328100709682335e-01
1.472972972972972912e+02 8.407732624698649460e-01
1.474474474474474448e+02 8.555829773745108335e-01
1.475975975975975985e+02 8.389026053073286304e-01
1.477477477477477521e+02 8.264841949893967366e-01
1.478978978978979058e+02 8.245264489293278043e-01
1.480480480480480594e+02 8.136057653120807309e-01
1.481981981981982130e+02 7.982548376503896259e-01
1.483483483483483383e+02 8.101912678610827534e-01
1.484984984984984919e+02 8.346824542159306803e-01
1.486486486486486456e+02 8.511916945736559548e-01
1.487987987987987992e+02 8.506601599509834299e-01
1.489489489489489529e+02 8.251384004104733716e-01
1.490990990990991065e+02 8.261330298893648783e-01
1.492492492492492602e+02 8.187373699649413972e-01
1.493993993993994138e+02 8.040575072522065936e-01
1.495495495495495391e+02 7.925445165558506755e-01
1.496996996996996927e+02 8.278021322433647411e-01
1.498498498498498464e+02 8.458242301732961099e-01
1.500000000000000000e+02 8.560598102935308429e-01
