0.000000000000000000e+00 9.375121283379411752e-01
1.501501501501501523e-01 7.206914410921801961e-01
3.003003003003003046e-01 4.824417609514550231e-01
4.504504504504504570e-01 3.255051455604842658e-01
6.006006006006006093e-01 2.449084425817044386e-01
7.507507507507507061e-01 2.159356130974650623e-01
9.009009009009009139e-01 2.282215264709957503e-01
1.051051051051051122e+00 2.869296478214147794e-01
1.201201201201201219e+00 3.749341788513883000e-01
1.351351351351351315e+00 4.155550550285512235e-01
1.501501501501501412e+00 3.705268595282493194e-01
1.651651651651651731e+00 3.327385436956848408e-01
1.801801801801801828e+00 3.441262689089030768e-01
1.951951951951951925e+00 3.639558326830565349e-01
2.102102102102102243e+00 3.886294498511194129e-01
2.252252252252252340e+00 4.138035297773527410e-01
2.402402402402402437e+00 4.350520066984513434e-01
2.552552552552552534e+00 4.484209061915562788e-01
2.702702702702702631e+00 4.508222540047457372e-01
2.852852852852852727e+00 4.403404309035622299e-01
3.003003003003002824e+00 4.164889596768062141e-01
3.153153153153153365e+00 3.878172069985447723e-01
3.303303303303303462e+00 4.202077701755995154e-01
3.453453453453453559e+00 4.284461076945255686e-01
3.603603603603603656e+00 4.264176711378862561e-01
3.753753753753753752e+00 4.371933168358622113e-01
3.903903903903903849e+00 4.674911534647810396e-01
4.054054054054054390e+00 4.539826693335440311e-01
4.204204204204204487e+00 3.618031057732746802e-01
4.354354354354354584e+00 2.536747296190411394e-01
4.504504504504504681e+00 2.159520375643461665e-01
4.654654654654654777e+00 2.056477652032377978e-01
4.804804804804804874e+00 1.934689333671091027e-01
4.954954954954954971e+00 1.899528733407459258e-01
5.105105105105105068e+00 1.907878558255081125e-01
5.255255255255255165e+00 1.938191595764708619e-01
5.405405405405405261e+00 1.972859049509848584e-01
5.555555555555555358e+00 1.999551902791094904e-01
5.705705705705705455e+00 2.009258073353269725e-01
5.855855855855855552e+00 1.994186501185127303e-01
6.006006006006005649e+00 1.947489177831647489e-01
6.156156156156156634e+00 1.865001810692237805e-01
6.306306306306306730e+00 1.798852952916850656e-01
6.456456456456456827e+00 2.021251151525898238e-01
6.606606606606606924e+00 2.067296267153729550e-01
6.756756756756757021e+00 2.270100523457632691e-01
6.906906906906907118e+00 2.935508748077936270e-01
7.057057057057057214e+00 3.575999523684028625e-01
7.207207207207207311e+00 3.557347251591475024e-01
7.357357357357357408e+00 2.788567102421704580e-01
7.507507507507507505e+00 1.800391262242282686e-01
7.657657657657657602e+00 1.264140661121235243e-01
7.807807807807807698e+00 1.112020906399758952e-01
7.957957957957957795e+00 1.045517065405253826e-01
8.108108108108108780e+00 1.035592513553115768e-01
8.258258258258258877e+00 1.077413782983902141e-01
8.408408408408408974e+00 1.171097687049647562e-01
8.558558558558559071e+00 1.304182897099229188e-01
8.708708708708709167e+00 1.456314265626750815e-01
8.858858858858859264e+00 1.604147957322377416e-01
9.009009009009009361e+00 1.723946045203525179e-01
9.159159159159159458e+00 1.793499133842882398e-01
9.309309309309309555e+00 1.794564543757066200e-01
9.459459459459459651e+00 1.762941467786978134e-01
9.609609609609609748e+00 2.060265024160538860e-01
9.759759759759759845e+00 2.228910071184885267e-01
9.909909909909909942e+00 2.411159991996429663e-01
1.006006006006006004e+01 3.137422512303675859e-01
1.021021021021021014e+01 3.889683560428708331e-01
1.036036036036036023e+01 3.799671859446718258e-01
1.051051051051051033e+01 2.823498156480241383e-01
1.066066066066066043e+01 1.736522741378213330e-01
1.081081081081081052e+01 1.296143866381998244e-01
1.096096096096096062e+01 1.132398881805987412e-01
1.111111111111111072e+01 1.064753163137974329e-01
1.126126126126126081e+01 1.040127844054607870e-01
1.141141141141141091e+01 1.049035893243747269e-01
1.156156156156156101e+01 1.095282909816786276e-01
1.171171171171171110e+01 1.176189407807796961e-01
1.186186186186186120e+01 1.280269519455070060e-01
1.201201201201201130e+01 1.389271717377799642e-01
1.216216216216216317e+01 1.482269361814973208e-01
1.231231231231231327e+01 1.539324069075061752e-01
1.246246246246246336e+01 1.544072146261737111e-01
1.261261261261261346e+01 1.546536927873743972e-01
1.276276276276276356e+01 1.752714353818845550e-01
1.291291291291291365e+01 1.805931227561329844e-01
1.306306306306306375e+01 2.085002811697934388e-01
1.321321321321321385e+01 3.080636312367232565e-01
1.336336336336336394e+01 3.874785285033780502e-01
1.351351351351351404e+01 3.666576915400641679e-01
1.366366366366366414e+01 2.597476775642391655e-01
1.381381381381381424e+01 1.541556560592025060e-01
1.396396396396396433e+01 1.147215303770186823e-01
1.411411411411411443e+01 9.878042906336666207e-02
1.426426426426426453e+01 9.369917689282426798e-02
1.441441441441441462e+01 9.234028290241523551e-02
1.456456456456456472e+01 9.434922446473523183e-02
1.471471471471471482e+01 9.975143523088172981e-02
1.486486486486486491e+01 1.081083264167700120e-01
1.501501501501501501e+01 1.183990317064347875e-01
1.516516516516516511e+01 1.290615359492965630e-01
1.531531531531531520e+01 1.381930943980932414e-01
1.546546546546546530e+01 1.438761972363317154e-01
1.561561561561561540e+01 1.445375370638006807e-01
1.576576576576576549e+01 1.468517238440383010e-01
1.591591591591591559e+01 1.663820838132713531e-01
1.606606606606606746e+01 1.713506416035575630e-01
1.621621621621621756e+01 2.032468299903158471e-01
1.636636636636636766e+01 3.064064287620636429e-01
1.651651651651651775e+01 3.807712212283326236e-01
1.666666666666666785e+01 3.521136838071622366e-01
1.681681681681681795e+01 2.422726197261365066e-01
1.696696696696696804e+01 1.438240188085219418e-01
1.711711711711711814e+01 1.099511880385990320e-01
1.726726726726726824e+01 9.134272643059539176e-02
1.741741741741741833e+01 8.753121485527944057e-02
1.756756756756756843e+01 8.760914992692991898e-02
1.771771771771771853e+01 9.089542336019219848e-02
1.786786786786786863e+01 9.718241012869673068e-02
1.801801801801801872e+01 1.059324118451104024e-01
1.816816816816816882e+01 1.161647122382784419e-01
1.831831831831831892e+01 1.264938520921615739e-01
1.846846846846846901e+01 1.352657690052481709e-01
1.861861861861861911e+01 1.407467904761289523e-01
1.876876876876876921e+01 1.413765951367253193e-01
1.891891891891891930e+01 1.440105524976045270e-01
1.906906906906906940e+01 1.637206860888424931e-01
1.921921921921921950e+01 1.684213367675460871e-01
1.936936936936936959e+01 2.059547083346627283e-01
1.951951951951951969e+01 3.123626746684158850e-01
1.966966966966966979e+01 3.811840690357446992e-01
1.981981981981981988e+01 3.441845144957697000e-01
1.996996996996996998e+01 2.318031973017347924e-01
2.012012012012012008e+01 1.390713138880715627e-01
2.027027027027027017e+01 1.080110030185805758e-01
2.042042042042042027e+01 8.812675102163357310e-02
2.057057057057057037e+01 8.595235651230852258e-02
2.072072072072072046e+01 8.700644739607377165e-02
2.087087087087087056e+01 9.095640979655199299e-02
2.102102102102102066e+01 9.750982535647825800e-02
2.117117117117117076e+01 1.062480744479553513e-01
2.132132132132132085e+01 1.163286894521466663e-01
2.147147147147147095e+01 1.263756787083374911e-01
2.162162162162162105e+01 1.346678990853232838e-01
2.177177177177177114e+01 1.394740599482229282e-01
2.192192192192192124e+01 1.393563783632240372e-01
2.207207207207207134e+01 1.457757654790216295e-01
2.222222222222222143e+01 1.626323525667692504e-01
2.237237237237237153e+01 1.648569150471632383e-01
2.252252252252252163e+01 2.086616860121100203e-01
2.267267267267267172e+01 3.182143812756605961e-01
2.282282282282282182e+01 3.827100197414031180e-01
2.297297297297297192e+01 3.390525372675803895e-01
2.312312312312312201e+01 2.237147512170900854e-01
2.327327327327327211e+01 1.352325748592276555e-01
2.342342342342342221e+01 1.066517233887891297e-01
2.357357357357357230e+01 8.747752654397256133e-02
2.372372372372372240e+01 8.609033607180281711e-02
2.387387387387387250e+01 8.795087443793711546e-02
2.402402402402402259e+01 9.260955824853725482e-02
2.417417417417417624e+01 9.963405374518097268e-02
2.432432432432432634e+01 1.085017122092956227e-01
2.447447447447447644e+01 1.183914339912604530e-01
2.462462462462462653e+01 1.280449146428239982e-01
2.477477477477477663e+01 1.358183702246069935e-01
2.492492492492492673e+01 1.399435859546360461e-01
2.507507507507507682e+01 1.389107132185842530e-01
2.522522522522522692e+01 1.472784432093742768e-01
2.537537537537537702e+01 1.642493653991741465e-01
2.552552552552552712e+01 1.660706636522855106e-01
2.567567567567567721e+01 2.165536321022789867e-01
2.582582582582582731e+01 3.255294237979735605e-01
2.597597597597597741e+01 3.810941893625085508e-01
2.612612612612612750e+01 3.294041034859462314e-01
2.627627627627627760e+01 2.131870333462563272e-01
2.642642642642642770e+01 1.308634297492030085e-01
2.657657657657657779e+01 1.053987221979873767e-01
2.672672672672672789e+01 8.795412552776953052e-02
2.687687687687687799e+01 8.683601439203057770e-02
2.702702702702702808e+01 8.880258207491278921e-02
2.717717717717717818e+01 9.350428478532478438e-02
2.732732732732732828e+01 1.006142468917848032e-01
2.747747747747747837e+01 1.096031267529592179e-01
2.762762762762762847e+01 1.195136470718444616e-01
2.777777777777777857e+01 1.289607672227488233e-01
2.792792792792792866e+01 1.363182089908224481e-01
2.807807807807807876e+01 1.399583710088561916e-01
2.822822822822822886e+01 1.384942096462447592e-01
2.837837837837837895e+01 1.485961582970254935e-01
2.852852852852852905e+01 1.640271414908809899e-01
2.867867867867867915e+01 1.663908375965846287e-01
2.882882882882882924e+01 2.252621126496060222e-01
2.897897897897897934e+01 3.353709797332822817e-01
2.912912912912912944e+01 3.831337447854903377e-01
2.927927927927927954e+01 3.221662777595017402e-01
2.942942942942942963e+01 2.038753558366738494e-01
2.957957957957957973e+01 1.271143245106521324e-01
2.972972972972972983e+01 1.033575943985245715e-01
2.987987987987987992e+01 8.781710154078679886e-02
3.003003003003003002e+01 8.682485536056763764e-02
3.018018018018018012e+01 8.882660189967050979e-02
3.033033033033033021e+01 9.347344571311426431e-02
3.048048048048048031e+01 1.004565758522695251e-01
3.063063063063063041e+01 1.093165212953537274e-01
3.078078078078078050e+01 1.191652600408066309e-01
3.093093093093093060e+01 1.285879527083157170e-01
3.108108108108108070e+01 1.358360637418820349e-01
3.123123123123123079e+01 1.391967949049282005e-01
3.138138138138138089e+01 1.373503336839962119e-01
3.153153153153153099e+01 1.503993729684892922e-01
3.168168168168168108e+01 1.639773720692970227e-01
3.183183183183183118e+01 1.661081448262962112e-01
3.198198198198198128e+01 2.304767132551907016e-01
3.213213213213213493e+01 3.389118304443701768e-01
3.228228228228228147e+01 3.796372154625627937e-01
3.243243243243243512e+01 3.131039001626976792e-01
3.258258258258258167e+01 1.953405339793383433e-01
3.273273273273273531e+01 1.241755394866598944e-01
3.288288288288288186e+01 1.010782982304719718e-01
3.303303303303303551e+01 8.699962154499306377e-02
3.318318318318318205e+01 8.612141232014162984e-02
3.333333333333333570e+01 8.825798142562704673e-02
3.348348348348348225e+01 9.308382653756970548e-02
3.363363363363363590e+01 1.002471791487243996e-01
3.378378378378378244e+01 1.091780462852592198e-01
3.393393393393393609e+01 1.189278736731003705e-01
3.408408408408408263e+01 1.281475058031606162e-01
3.423423423423423628e+01 1.352028051259924479e-01
3.438438438438438283e+01 1.384124664001538108e-01
3.453453453453453648e+01 1.363810919389251697e-01
3.468468468468468302e+01 1.499465608879259337e-01
3.483483483483483667e+01 1.635091427286712307e-01
3.498498498498498321e+01 1.686068227268706643e-01
3.513513513513513686e+01 2.401909041746042861e-01
3.528528528528528341e+01 3.456735143804416932e-01
3.543543543543543706e+01 3.761886184589859905e-01
3.558558558558558360e+01 3.019768532399271788e-01
3.573573573573573725e+01 1.854809793286565089e-01
3.588588588588588379e+01 1.209654027808694104e-01
3.603603603603603744e+01 9.875271235869727271e-02
3.618618618618618399e+01 8.623826126480425847e-02
3.633633633633633764e+01 8.567665879282805597e-02
3.648648648648648418e+01 8.809435097163823003e-02
3.663663663663663783e+01 9.314105262636260263e-02
3.678678678678678438e+01 1.004996003690349360e-01
3.693693693693693803e+01 1.096230881181768230e-01
3.708708708708708457e+01 1.194870073509452235e-01
3.723723723723723822e+01 1.286135424924702564e-01
3.738738738738738476e+01 1.353265316762190529e-01
3.753753753753753841e+01 1.380526888185972245e-01
3.768768768768768496e+01 1.355653065208486108e-01
3.783783783783783861e+01 1.515877141197797540e-01
3.798798798798798515e+01 1.625894764550203375e-01
3.813813813813813880e+01 1.688728506973699584e-01
3.828828828828828534e+01 2.469080840179523062e-01
3.843843843843843899e+01 3.513387931655209129e-01
3.858858858858859264e+01 3.750799104743735013e-01
3.873873873873873919e+01 2.943904322172745114e-01
3.888888888888889284e+01 1.782205379959395652e-01
3.903903903903903938e+01 1.188157912174826886e-01
3.918918918918919303e+01 9.683722393713797838e-02
3.933933933933933957e+01 8.583874097549765159e-02
3.948948948948949322e+01 8.564277718593327204e-02
3.963963963963963977e+01 8.844465545641401472e-02
3.978978978978979342e+01 9.382561706819191050e-02
3.993993993993993996e+01 1.013798072839518505e-01
4.009009009009009361e+01 1.105381642881159282e-01
4.024024024024024015e+01 1.203436820552846870e-01
4.039039039039039380e+01 1.293721701773885013e-01
4.054054054054054035e+01 1.358961566055497394e-01
4.069069069069069400e+01 1.382349023296051138e-01
4.084084084084084054e+01 1.351061239500252475e-01
4.099099099099099419e+01 1.535747511807432075e-01
4.114114114114114074e+01 1.633412181588770606e-01
4.129129129129129439e+01 1.717531384204578626e-01
4.144144144144144093e+01 2.542243082697129286e-01
4.159159159159159458e+01 3.538937277476563725e-01
4.174174174174174112e+01 3.691570183224904267e-01
4.189189189189189477e+01 2.839741981030317608e-01
4.204204204204204132e+01 1.705686090734564175e-01
4.219219219219219497e+01 1.169584304650597151e-01
4.234234234234234151e+01 9.548997911408174666e-02
4.249249249249249516e+01 8.583476720432896279e-02
4.264264264264264170e+01 8.591706643086551021e-02
4.279279279279279535e+01 8.894996401245758300e-02
4.294294294294294190e+01 9.456643276192402969e-02
4.309309309309309555e+01 1.023667676412526456e-01
4.324324324324324209e+01 1.116802337239987675e-01
4.339339339339339574e+01 1.214245783414019120e-01
4.354354354354354228e+01 1.301632859531071662e-01
4.369369369369369593e+01 1.362818646423608060e-01
4.384384384384384248e+01 1.382145380909616528e-01
4.399399399399399613e+01 1.346659738185756461e-01
4.414414414414414267e+01 1.541771705910799928e-01
4.429429429429429632e+01 1.629418855631652174e-01
4.444444444444444287e+01 1.758093752337279159e-01
4.459459459459459651e+01 2.650214337247720486e-01
4.474474474474474306e+01 3.611474305439510979e-01
4.489489489489489671e+01 3.665610502923929981e-01
4.504504504504504325e+01 2.743778153331302705e-01
4.519519519519519690e+01 1.630191935721798380e-01
4.534534534534534345e+01 1.148435630372394017e-01
4.549549549549549710e+01 9.378770971747982244e-02
4.564564564564564364e+01 8.585355819973487790e-02
4.579579579579579729e+01 8.622263838993889096e-02
4.594594594594594383e+01 8.946999692235162172e-02
4.609609609609609748e+01 9.520632662472833241e-02
4.624624624624624403e+01 1.030651356241481797e-01
4.639639639639639768e+01 1.124373369423677382e-01
4.654654654654654422e+01 1.222280918333538829e-01
4.669669669669669787e+01 1.308846301421408287e-01
4.684684684684684441e+01 1.366815288097989189e-01
4.699699699699699806e+01 1.380781985035074155e-01
4.714714714714714461e+01 1.372993662657011338e-01
4.729729729729729826e+01 1.563162783285620139e-01
4.744744744744744480e+01 1.624631113158994666e-01
4.759759759759759845e+01 1.776865321000339892e-01
4.774774774774774500e+01 2.711078902401297119e-01
4.789789789789789864e+01 3.636235275896146368e-01
4.804804804804804519e+01 3.623378826777021167e-01
4.819819819819819884e+01 2.659917681272296885e-01
4.834834834834835249e+01 1.572108346078518459e-01
4.849849849849849903e+01 1.132496367394684456e-01
4.864864864864865268e+01 9.230734707506983716e-02
4.879879879879879923e+01 8.573610608128598431e-02
4.894894894894895288e+01 8.629211774860985618e-02
4.909909909909909942e+01 8.974396376157769972e-02
4.924924924924925307e+01 9.569668216259946680e-02
4.939939939939939961e+01 1.036992211762613331e-01
4.954954954954955326e+01 1.130608853206604980e-01
4.969969969969969981e+01 1.227088498430669444e-01
4.984984984984985346e+01 1.311813087293154378e-01
5.000000000000000000e+01 1.367884941832679946e-01
5.015015015015015365e+01 1.379211469276047652e-01
5.030030030030030019e+01 1.363566384058835512e-01
5.045045045045045384e+01 1.570820321736037806e-01
5.060060060060060039e+01 1.630496286393630090e-01
5.075075075075075404e+01 1.836694435544993231e-01
5.090090090090090058e+01 2.806105816908654460e-01
5.105105105105105423e+01 3.662354403217012444e-01
5.120120120120120077e+01 3.550584335118782686e-01
5.135135135135135442e+01 2.546988305802242447e-01
5.150150150150150097e+01 1.504286150065733685e-01
5.165165165165165462e+01 1.113844609490631382e-01
5.180180180180180116e+01 9.080311483627916125e-02
5.195195195195195481e+01 8.557683884395553275e-02
5.210210210210210136e+01 8.634211774668928974e-02
5.225225225225225500e+01 8.993719041108860779e-02
5.240240240240240155e+01 9.601910304436957200e-02
5.255255255255255520e+01 1.041861669304573329e-01
5.270270270270270174e+01 1.136967350410416355e-01
5.285285285285285539e+01 1.233417124461205633e-01
5.300300300300300194e+01 1.315753585106300139e-01
5.315315315315315559e+01 1.367725037234507612e-01
5.330330330330330213e+01 1.374799892138426072e-01
5.345345345345345578e+01 1.383525098474120418e-01
5.360360360360360232e+01 1.575125767088477458e-01
5.375375375375375597e+01 1.618615485933795894e-01
5.390390390390390252e+01 1.877856067431475651e-01
5.405405405405405617e+01 2.894582074278786998e-01
5.420420420420420271e+01 3.710062451249031557e-01
5.435435435435435636e+01 3.514049798579395034e-01
5.450450450450450290e+01 2.460166812130808733e-01
5.465465465465465655e+01 1.450792332030140241e-01
5.480480480480480310e+01 1.095867377011902760e-01
5.495495495495495675e+01 8.912293117466840719e-02
5.510510510510510329e+01 8.537259873411452704e-02
5.525525525525525694e+01 8.643359060022956508e-02
5.540540540540540349e+01 9.029951994337133414e-02
5.555555555555555713e+01 9.656229381157187264e-02
5.570570570570570368e+01 1.047912366205298179e-01
5.585585585585585733e+01 1.142949807023559278e-01
5.600600600600600387e+01 1.239191902570786624e-01
5.615615615615615752e+01 1.320774825564391963e-01
5.630630630630630407e+01 1.370303121475684172e-01
5.645645645645645772e+01 1.372681637643600183e-01
5.660660660660660426e+01 1.402689197200175097e-01
5.675675675675675791e+01 1.591874294643925714e-01
5.690690690690690445e+01 1.620378841110844403e-01
5.705705705705705810e+01 1.922562949034500313e-01
5.720720720720720465e+01 2.952271472472997593e-01
5.735735735735735830e+01 3.703543536238805278e-01
5.750750750750750484e+01 3.438043427639072003e-01
5.765765765765765849e+01 2.365068041417472677e-01
5.780780780780781214e+01 1.403827625058721718e-01
5.795795795795795868e+01 1.081489903774058292e-01
5.810810810810811233e+01 8.811064022313688793e-02
5.825825825825825888e+01 8.528838740525322704e-02
5.840840840840841253e+01 8.655860996183162293e-02
5.855855855855855907e+01 9.063927166530068302e-02
5.870870870870871272e+01 9.714668457132463741e-02
5.885885885885885926e+01 1.055810587692045388e-01
5.900900900900901291e+01 1.151271475494343999e-01
5.915915915915915946e+01 1.245856777146652633e-01
5.930930930930931311e+01 1.324529820144554337e-01
5.945945945945945965e+01 1.371005065724409944e-01
5.960960960960961330e+01 1.370356313904534662e-01
5.975975975975975985e+01 1.403755051050032399e-01
5.990990990990991349e+01 1.593240804168827573e-01
6.006006006006006004e+01 1.625299836989185509e-01
6.021021021021021369e+01 2.002543458271315302e-01
6.036036036036036023e+01 3.056275962005074454e-01
6.051051051051051388e+01 3.731893499850955087e-01
6.066066066066066043e+01 3.366858684767768395e-01
6.081081081081081408e+01 2.261083359464315101e-01
6.096096096096096062e+01 1.353229128736171127e-01
6.111111111111111427e+01 1.063771364230600841e-01
6.126126126126126081e+01 8.691502593559422007e-02
6.141141141141141446e+01 8.529421087336352958e-02
6.156156156156156101e+01 8.683529552783668393e-02
6.171171171171171466e+01 9.109837456601113659e-02
6.186186186186186120e+01 9.771837930814566975e-02
6.201201201201201485e+01 1.062588006474686625e-01
6.216216216216216139e+01 1.159161265002893459e-01
6.231231231231231504e+01 1.253913999346981667e-01
6.246246246246246159e+01 1.330528226591245755e-01
6.261261261261261524e+01 1.372552907411423995e-01
6.276276276276276178e+01 1.366397184512808116e-01
6.291291291291291543e+01 1.434579638599814688e-01
6.306306306306306197e+01 1.601097201677313397e-01
6.321321321321321562e+01 1.615760510659704219e-01
6.336336336336336217e+01 2.047267031832890327e-01
6.351351351351351582e+01 3.119461438545086951e-01
6.366366366366366236e+01 3.744822641671146091e-01
6.381381381381381601e+01 3.312482518509525797e-01
6.396396396396396256e+01 2.181885108549020957e-01
6.411411411411411621e+01 1.318470595840105508e-01
6.426426426426426985e+01 1.048239530058664853e-01
6.441441441441440929e+01 8.664864070519907868e-02
6.456456456456456294e+01 8.526713649305066312e-02
6.471471471471471659e+01 8.705793586456470057e-02
6.486486486486487024e+01 9.157774495022509564e-02
6.501501501501500968e+01 9.840004251237598198e-02
6.516516516516516333e+01 1.070079822554288601e-01
6.531531531531531698e+01 1.165970429103522082e-01
6.546546546546547063e+01 1.259451711350189629e-01
6.561561561561561007e+01 1.334628318837271232e-01
6.576576576576576372e+01 1.374429257436239615e-01
6.591591591591591737e+01 1.364301484322474611e-01
6.606606606606607102e+01 1.444487141295735522e-01
6.621621621621621046e+01 1.611737903571993646e-01
6.636636636636636410e+01 1.631020508827210336e-01
6.651651651651651775e+01 2.125196021670932578e-01
6.666666666666667140e+01 3.186579486713955189e-01
6.681681681681681084e+01 3.724255470929557776e-01
6.696696696696696449e+01 3.216246735180106620e-01
6.711711711711711814e+01 2.082318753062382399e-01
6.726726726726727179e+01 1.281004312074912332e-01
6.741741741741742544e+01 1.032627891636748174e-01
6.756756756756756488e+01 8.643454344764286978e-02
6.771771771771771853e+01 8.530647633624691140e-02
6.786786786786787218e+01 8.727754035568086044e-02
6.801801801801802583e+01 9.194580352207783192e-02
6.816816816816816527e+01 9.894577023168411867e-02
6.831831831831831892e+01 1.077429412037479994e-01
6.846846846846847257e+01 1.174102437127435700e-01
6.861861861861862621e+01 1.266150720089534443e-01
6.876876876876876565e+01 1.337902535381550184e-01
6.891891891891891930e+01 1.373628002622585553e-01
6.906906906906907295e+01 1.359878746364283630e-01
6.921921921921922660e+01 1.456383444663103821e-01
6.936936936936936604e+01 1.608158608407662948e-01
6.951951951951951969e+01 1.634368675676713678e-01
6.966966966966967334e+01 2.207369253875828830e-01
6.981981981981982699e+01 3.279345886438284063e-01
6.996996996996996643e+01 3.744150870874600745e-01
7.012012012012012008e+01 3.148631126997900598e-01
7.027027027027027373e+01 1.995371922319825464e-01
7.042042042042042738e+01 1.248014820488861781e-01
7.057057057057056682e+01 1.014053454854489944e-01
7.072072072072072046e+01 8.614347762568155820e-02
7.087087087087087411e+01 8.530416187064140954e-02
7.102102102102102776e+01 8.754316376664178501e-02
7.117117117117116720e+01 9.240801874947746075e-02
7.132132132132132085e+01 9.950365429853447186e-02
7.147147147147147450e+01 1.083340637219344510e-01
7.162162162162162815e+01 1.180302257145211947e-01
7.177177177177176759e+01 1.272333728861496371e-01
7.192192192192192124e+01 1.342603458884402690e-01
7.207207207207207489e+01 1.374523345785857997e-01
7.222222222222222854e+01 1.355236753014581463e-01
7.237237237237236798e+01 1.483250321141598160e-01
7.252252252252252163e+01 1.615810783101282178e-01
7.267267267267267528e+01 1.637466521275285081e-01
7.282282282282282893e+01 2.261693312767933117e-01
7.297297297297296836e+01 3.318376415601109186e-01
7.312312312312312201e+01 3.717057774998253628e-01
7.327327327327327566e+01 3.068034613306087621e-01
7.342342342342342931e+01 1.917713025981651886e-01
7.357357357357356875e+01 1.224077167379410275e-01
7.372372372372372240e+01 9.986895567794240591e-02
7.387387387387387605e+01 8.592428645492163064e-02
7.402402402402402970e+01 8.530389681204650354e-02
7.417417417417416914e+01 8.775598992856657732e-02
7.432432432432432279e+01 9.286017993062012366e-02
7.447447447447447644e+01 1.001860310023211242e-01
7.462462462462463009e+01 1.091287082555350008e-01
7.477477477477476953e+01 1.187502885089024851e-01
7.492492492492492318e+01 1.277425127814350303e-01
7.507507507507507682e+01 1.345243204734926645e-01
7.522522522522523047e+01 1.374647852845744811e-01
7.537537537537536991e+01 1.352053290487802151e-01
7.552552552552552356e+01 1.487706881532174785e-01
7.567567567567567721e+01 1.618572216756370141e-01
7.582582582582583086e+01 1.667457877929246768e-01
7.597597597597597030e+01 2.363992509458186786e-01
7.612612612612612395e+01 3.394679540891292202e-01
7.627627627627627760e+01 3.694294105762551683e-01
7.642642642642643125e+01 2.967967851462021689e-01
7.657657657657657069e+01 1.826239436949237960e-01
7.672672672672672434e+01 1.196167631868686188e-01
7.687687687687687799e+01 9.812726770770111018e-02
7.702702702702703164e+01 8.575071771529536868e-02
7.717717717717718529e+01 8.541259755324398517e-02
7.732732732732732472e+01 8.806577872061584211e-02
7.747747747747747837e+01 9.329957813576990333e-02
7.762762762762763202e+01 1.007455735036888872e-01
7.777777777777778567e+01 1.098331662863182845e-01
7.792792792792792511e+01 1.195475596249002820e-01
7.807807807807807876e+01 1.284434510758460102e-01
7.822822822822823241e+01 1.348849475637638740e-01
7.837837837837838606e+01 1.373379809015251307e-01
7.852852852852852550e+01 1.346103813613132583e-01
7.867867867867867915e+01 1.507203985293597004e-01
7.882882882882883280e+01 1.612787678847475703e-01
7.897897897897898645e+01 1.672920796168569924e-01
7.912912912912912589e+01 2.434958645435790769e-01
7.927927927927927954e+01 3.457103773762986720e-01
7.942942942942943318e+01 3.689758523716928362e-01
7.957957957957958683e+01 2.897843601811850300e-01
7.972972972972972627e+01 1.757030859750262908e-01
7.987987987987987992e+01 1.175812370645817617e-01
8.003003003003003357e+01 9.636010424276596209e-02
8.018018018018018722e+01 8.554177744590824028e-02
8.033033033033032666e+01 8.546954090893182920e-02
8.048048048048048031e+01 8.839486188679858414e-02
8.063063063063063396e+01 9.386292842685009519e-02
8.078078078078078761e+01 1.014341945811343682e-01
8.093093093093092705e+01 1.105209980548806786e-01
8.108108108108108070e+01 1.201712869034185088e-01
8.123123123123123435e+01 1.289881411941940781e-01
8.138138138138138800e+01 1.352833274315280443e-01
8.153153153153152743e+01 1.374149809374705378e-01
8.168168168168168108e+01 1.341015092356431515e-01
8.183183183183183473e+01 1.525479511761330120e-01
8.198198198198198838e+01 1.620509275674501259e-01
8.213213213213212782e+01 1.702946439385577826e-01
8.228228228228228147e+01 2.510396250674791774e-01
8.243243243243243512e+01 3.486569182253772547e-01
8.258258258258258877e+01 3.634659346036729910e-01
8.273273273273272821e+01 2.796843349083711350e-01
8.288288288288288186e+01 1.682371172517155566e-01
8.303303303303303551e+01 1.157133539662025673e-01
8.318318318318318916e+01 9.490070716491186276e-02
8.333333333333332860e+01 8.543581834467889324e-02
8.348348348348348225e+01 8.557491904633925117e-02
8.363363363363363590e+01 8.866974517300860170e-02
8.378378378378378954e+01 9.432392666776101553e-02
8.393393393393392898e+01 1.021094223395317274e-01
8.408408408408408263e+01 1.113424413818185493e-01
8.423423423423423628e+01 1.209480761354799205e-01
8.438438438438438993e+01 1.295137095786167980e-01
8.453453453453452937e+01 1.354585590161865860e-01
8.468468468468468302e+01 1.372531553787881275e-01
8.483483483483483667e+01 1.336876383509355837e-01
8.498498498498499032e+01 1.529674382038638814e-01
8.513513513513512976e+01 1.615598237643434409e-01
8.528528528528528341e+01 1.742139821916763309e-01
8.543543543543543706e+01 2.616606266314374651e-01
8.558558558558559071e+01 3.559537022199031897e-01
8.573573573573573015e+01 3.611419797681754140e-01
8.588588588588588379e+01 2.704214368192170426e-01
8.603603603603603744e+01 1.609342831291581954e-01
8.618618618618619109e+01 1.136624636793793219e-01
8.633633633633633053e+01 9.309605550526577067e-02
8.648648648648648418e+01 8.530035965343242543e-02
8.663663663663663783e+01 8.573070351576189685e-02
8.678678678678679148e+01 8.905242059391745013e-02
8.693693693693694513e+01 9.483954763827964762e-02
8.708708708708708457e+01 1.026940160255069567e-01
8.723723723723723822e+01 1.119947412708147544e-01
8.738738738738739187e+01 1.216595572743537496e-01
8.753753753753754552e+01 1.301652231669590543e-01
8.768768768768768496e+01 1.358202271769488878e-01
8.783783783783783861e+01 1.371137469508473539e-01
8.798798798798799226e+01 1.362804266663175390e-01
8.813813813813814591e+01 1.550755275831849356e-01
8.828828828828828534e+01 1.611360542720114419e-01
8.843843843843843899e+01 1.760805697624346355e-01
8.858858858858859264e+01 2.676730592161559730e-01
8.873873873873874629e+01 3.585231140960429830e-01
8.888888888888888573e+01 3.572016109695862474e-01
8.903903903903903938e+01 2.623795254572337532e-01
8.918918918918919303e+01 1.553688849277008455e-01
8.933933933933934668e+01 1.121983219807879545e-01
8.948948948948948612e+01 9.164419401702651735e-02
8.963963963963963977e+01 8.517243469857389837e-02
8.978978978978979342e+01 8.582385493542968313e-02
8.993993993993994707e+01 8.938421115469290246e-02
9.009009009009008651e+01 9.541549297607698765e-02
9.024024024024024015e+01 1.034342810578352950e-01
9.039039039039039380e+01 1.127391647764045685e-01
9.054054054054054745e+01 1.222693837590516225e-01
9.069069069069068689e+01 1.305916887849715713e-01
9.084084084084084054e+01 1.360513090762984489e-01
9.099099099099099419e+01 1.370701392443450795e-01
9.114114114114114784e+01 1.354604078522102517e-01
9.129129129129128728e+01 1.559552907941552657e-01
9.144144144144144093e+01 1.618272541062576453e-01
9.159159159159159458e+01 1.821084113245742264e-01
9.174174174174174823e+01 2.773217141828104859e-01
9.189189189189188767e+01 3.615322771022719817e-01
9.204204204204204132e+01 3.504615660673591759e-01
9.219219219219219497e+01 2.515461572858065931e-01
9.234234234234234862e+01 1.488444519721838222e-01
9.249249249249248805e+01 1.104976416215602275e-01
9.264264264264264170e+01 9.025778569400438878e-02
9.279279279279279535e+01 8.512803847775914090e-02
9.294294294294294900e+01 8.600806154041412688e-02
9.309309309309308844e+01 8.972244705410585552e-02
9.324324324324324209e+01 9.588741195325231614e-02
9.339339339339339574e+01 1.040718742758196536e-01
9.354354354354354939e+01 1.135271450680790106e-01
9.369369369369368883e+01 1.230579234554453616e-01
9.384384384384384248e+01 1.311436219353670496e-01
9.399399399399399613e+01 1.361873112579022327e-01
9.414414414414414978e+01 1.367626419849281016e-01
9.429429429429428922e+01 1.376395602766047888e-01
9.444444444444444287e+01 1.565817635540699693e-01
9.459459459459459651e+01 1.607931699712090157e-01
9.474474474474475016e+01 1.862809095815372018e-01
9.489489489489488960e+01 2.862925952519337902e-01
9.504504504504504325e+01 3.666159898458178357e-01
9.519519519519519690e+01 3.472606930333788644e-01
9.534534534534535055e+01 2.432692374793044843e-01
9.549549549549548999e+01 1.437167803011118461e-01
9.564564564564564364e+01 1.088507707990646056e-01
9.579579579579579729e+01 8.871325359060061588e-02
9.594594594594595094e+01 8.503406216108495841e-02
9.609609609609609038e+01 8.619741419199118682e-02
9.624624624624624403e+01 9.016550633343063670e-02
9.639639639639639768e+01 9.649577170826770245e-02
9.654654654654655133e+01 1.047319040404305623e-01
9.669669669669670498e+01 1.141752210942649504e-01
9.684684684684684441e+01 1.236843244154103849e-01
9.699699699699699806e+01 1.316988451261318915e-01
9.714714714714715171e+01 1.365075389033334752e-01
9.729729729729730536e+01 1.366240422405871902e-01
9.744744744744744480e+01 1.395826432278747531e-01
9.759759759759759845e+01 1.583328807071959499e-01
9.774774774774775210e+01 1.610950284265040555e-01
9.789789789789790575e+01 1.908560260786314744e-01
9.804804804804804519e+01 2.922633554200392281e-01
9.819819819819819884e+01 3.662852262198997289e-01
9.834834834834835249e+01 3.400021265928769298e-01
9.849849849849850614e+01 2.340248759933799549e-01
9.864864864864864558e+01 1.391519000829169461e-01
9.879879879879879923e+01 1.074846759090805626e-01
9.894894894894895288e+01 8.775454664274733030e-02
9.909909909909910652e+01 8.500442765206717155e-02
9.924924924924924596e+01 8.635786925697434835e-02
9.939939939939939961e+01 9.051769430875632183e-02
9.954954954954955326e+01 9.707212331138288797e-02
9.969969969969970691e+01 1.055015910708316934e-01
9.984984984984984635e+01 1.149860740308565471e-01
1.000000000000000000e+02 1.243364111335313188e-01
1.001501501501501536e+02 1.320698696533751937e-01
1.003003003003003073e+02 1.365842113199738916e-01
1.004504504504504467e+02 1.364119505896755347e-01
1.006006006006006004e+02 1.397493706758780596e-01
1.007507507507507540e+02 1.584946565925861861e-01
1.009009009009009077e+02 1.616251025674682040e-01
1.010510510510510471e+02 1.988483012771967706e-01
1.012012012012012008e+02 3.027881966531624225e-01
1.013513513513513544e+02 3.694381900239913086e-01
1.015015015015015081e+02 3.332786917770911295e-01
1.016516516516516475e+02 2.239359012006314209e-01
1.018018018018018012e+02 1.342444895268840865e-01
1.019519519519519548e+02 1.057663718153522003e-01
1.021021021021021085e+02 8.658392542710932616e-02
1.022522522522522479e+02 8.501234379105362948e-02
1.024024024024024015e+02 8.662096435561697505e-02
1.025525525525525552e+02 9.094702129269646718e-02
1.027027027027027088e+02 9.759969153185510393e-02
1.028528528528528483e+02 1.061248184037607151e-01
1.030030030030030019e+02 1.157172507382355914e-01
1.031531531531531556e+02 1.250913318547403064e-01
1.033033033033033092e+02 1.326358823143905796e-01
1.034534534534534487e+02 1.367272157595789961e-01
1.036036036036036023e+02 1.360256965588751421e-01
1.037537537537537560e+02 1.428255048022959717e-01
1.039039039039039096e+02 1.593033094697985652e-01
1.040540540540540491e+02 1.607251493174918777e-01
1.042042042042042027e+02 2.032978285209822711e-01
1.043543543543543564e+02 3.091239587275960710e-01
1.045045045045045100e+02 3.708554505470496587e-01
1.046546546546546494e+02 3.280491939234563836e-01
1.048048048048048031e+02 2.162127076890175137e-01
1.049549549549549567e+02 1.308751362725973366e-01
1.051051051051051104e+02 1.042573853010214519e-01
1.052552552552552498e+02 8.630451930945820527e-02
1.054054054054054035e+02 8.496530805004445797e-02
1.055555555555555571e+02 8.681879663367998712e-02
1.057057057057057108e+02 9.139868944808605955e-02
1.058558558558558644e+02 9.825330281423712286e-02
1.060060060060060039e+02 1.068486504020312589e-01
1.061561561561561575e+02 1.163774852868338650e-01
1.063063063063063112e+02 1.256302443079006792e-01
1.064564564564564648e+02 1.330398305416471694e-01
1.066066066066066043e+02 1.369231197268470090e-01
1.067567567567567579e+02 1.358433344935476295e-01
1.069069069069069116e+02 1.438018858336451433e-01
1.070570570570570652e+02 1.603724909870113680e-01
1.072072072072072046e+02 1.622865242508093886e-01
1.073573573573573583e+02 2.110890753907346540e-01
1.075075075075075119e+02 3.159535145426052849e-01
1.076576576576576656e+02 3.690569412145426886e-01
1.078078078078078050e+02 3.187117231021466268e-01
1.079579579579579587e+02 2.064674535533879973e-01
1.081081081081081123e+02 1.272313224609945281e-01
1.082582582582582660e+02 1.027466261179492829e-01
1.084084084084084054e+02 8.610522809903413399e-02
1.085585585585585591e+02 8.502931114621516129e-02
1.087087087087087127e+02 8.706962209705600142e-02
1.088588588588588664e+02 9.180012048915969780e-02
1.090090090090090058e+02 9.883142592866840659e-02
1.091591591591591595e+02 1.076155546805852709e-01
1.093093093093093131e+02 1.172261351924651224e-01
1.094594594594594668e+02 1.263423244865936046e-01
1.096096096096096062e+02 1.334148262386135597e-01
1.097597597597597598e+02 1.368909004854606537e-01
1.099099099099099135e+02 1.354447495040463356e-01
1.100600600600600671e+02 1.450861837558218292e-01
1.102102102102102066e+02 1.600844040989444494e-01
1.103603603603603602e+02 1.626636378989701204e-01
1.105105105105105139e+02 2.193043277232694099e-01
1.106606606606606675e+02 3.253330583565969270e-01
1.108108108108108070e+02 3.713063136065994918e-01
1.109609609609609606e+02 3.122766504871756221e-01
1.111111111111111143e+02 1.980192599411632337e-01
1.112612612612612679e+02 1.240534221821946032e-01
1.114114114114114074e+02 1.009672193485004754e-01
1.115615615615615610e+02 8.585815437459300148e-02
1.117117117117117147e+02 8.507494281698761707e-02
1.118618618618618683e+02 8.738321361292748779e-02
1.120120120120120077e+02 9.230750682204230673e-02
1.121621621621621614e+02 9.943072494857579935e-02
1.123123123123123150e+02 1.082442089778721944e-01
1.124624624624624687e+02 1.178806893457776256e-01
1.126126126126126081e+02 1.269954111275890529e-01
1.127627627627627618e+02 1.339240577947089506e-01
1.129129129129129154e+02 1.370250707539293900e-01
1.130630630630630691e+02 1.350262477842216480e-01
1.132132132132132085e+02 1.477977585153945894e-01
1.133633633633633622e+02 1.609207690517159284e-01
1.135135135135135158e+02 1.630878860387767471e-01
1.136636636636636695e+02 2.248618127462148064e-01
1.138138138138138089e+02 3.294121760568236024e-01
1.139639639639639626e+02 3.688036858647800731e-01
1.141141141141141162e+02 3.044157409324034780e-01
1.142642642642642699e+02 1.903958949869901385e-01
1.144144144144144093e+02 1.217318051310943838e-01
1.145645645645645629e+02 9.948867152382789847e-02
1.147147147147147166e+02 8.567326882491579920e-02
1.148648648648648702e+02 8.510402449407022951e-02
1.150150150150150097e+02 8.761708136301131489e-02
1.151651651651651633e+02 9.277217548700093797e-02
1.153153153153153170e+02 1.001202692983899217e-01
1.154654654654654706e+02 1.090460241469593111e-01
1.156156156156156243e+02 1.186118621284024399e-01
1.157657657657657637e+02 1.275200765165181715e-01
1.159159159159159174e+02 1.342071088200799123e-01
1.160660660660660710e+02 1.370612521161276853e-01
1.162162162162162247e+02 1.347393827263074217e-01
1.163663663663663641e+02 1.482696475496846078e-01
1.165165165165165178e+02 1.612173182315879416e-01
1.166666666666666714e+02 1.660890020185694371e-01
1.168168168168168251e+02 2.350978882437070594e-01
1.169669669669669645e+02 3.371918765044252253e-01
1.171171171171171181e+02 3.667967146590204730e-01
1.172672672672672718e+02 2.946713471178845078e-01
1.174174174174174254e+02 1.814156260613767890e-01
1.175675675675675649e+02 1.190128315053406854e-01
1.177177177177177185e+02 9.778566778334568665e-02
1.178678678678678722e+02 8.551908598214955082e-02
1.180180180180180258e+02 8.522896839751370468e-02
1.181681681681681653e+02 8.793808256840439375e-02
1.183183183183183189e+02 9.321658828154177900e-02
1.184684684684684726e+02 1.006786859972739478e-01
1.186186186186186262e+02 1.097457038898681375e-01
1.187687687687687657e+02 1.194062878497623575e-01
1.189189189189189193e+02 1.282262375494168383e-01
1.190690690690690730e+02 1.345836527457946186e-01
1.192192192192192266e+02 1.369590491996762471e-01
1.193693693693693660e+02 1.341742211641524796e-01
1.195195195195195197e+02 1.502712525917151432e-01
1.196696696696696733e+02 1.606997191086299848e-01
1.198198198198198270e+02 1.666516367732614745e-01
1.199699699699699664e+02 2.421527363919668274e-01
1.201201201201201201e+02 3.434602859794705365e-01
1.202702702702702737e+02 3.664810607965594547e-01
1.204204204204204274e+02 2.878568076080087468e-01
1.205705705705705668e+02 1.746455140873287570e-01
1.207207207207207205e+02 1.170471052111350524e-01
1.208708708708708741e+02 9.606163749215888836e-02
1.210210210210210278e+02 8.532697641474344674e-02
1.211711711711711672e+02 8.529735641335058072e-02
1.213213213213213209e+02 8.827276113588748696e-02
1.214714714714714745e+02 9.378074971658084680e-02
1.216216216216216282e+02 1.013655242260048522e-01
1.217717717717717676e+02 1.104307572198919563e-01
1.219219219219219212e+02 1.200269727381343549e-01
1.220720720720720749e+02 1.287696873366587780e-01
1.222222222222222285e+02 1.349872367582250765e-01
1.223723723723723680e+02 1.370524055937688279e-01
1.225225225225225216e+02 1.336647654238888872e-01
1.226726726726726753e+02 1.520850755770479235e-01
1.228228228228228289e+02 1.615069533945125702e-01
1.229729729729729684e+02 1.697207175671501256e-01
1.231231231231231220e+02 2.497894164167577535e-01
1.232732732732732757e+02 3.465716327290225829e-01
1.234234234234234293e+02 3.611618429440961453e-01
1.235735735735735688e+02 2.779186124708167283e-01
1.237237237237237224e+02 1.672825531082633432e-01
1.238738738738738761e+02 1.152244888036082354e-01
1.240240240240240297e+02 9.462601226727899995e-02
1.241741741741741691e+02 8.523586128288630770e-02
1.243243243243243228e+02 8.541628164465087103e-02
1.244744744744744764e+02 8.855700040282077357e-02
1.246246246246246301e+02 9.424544430992251587e-02
1.247747747747747695e+02 1.020402594104309335e-01
1.249249249249249232e+02 1.112519574418561197e-01
1.250750750750750768e+02 1.208081562780495277e-01
1.252252252252252305e+02 1.293053193073579465e-01
1.253753753753753841e+02 1.351762357667898873e-01
1.255255255255255236e+02 1.369066727785915594e-01
1.256756756756756772e+02 1.333506863052283664e-01
1.258258258258258309e+02 1.525391673033829054e-01
1.259759759759759845e+02 1.610307419242086591e-01
1.261261261261261239e+02 1.736109243124770718e-01
1.262762762762762776e+02 2.603958815493436219e-01
1.264264264264264312e+02 3.539775947944839296e-01
1.265765765765765849e+02 3.590569127825172790e-01
1.267267267267267243e+02 2.688733556702729843e-01
1.268768768768768780e+02 1.601138585973829465e-01
1.270270270270270316e+02 1.132312316901259303e-01
1.271771771771771853e+02 9.284957690873398006e-02
1.273273273273273247e+02 8.511498239417807088e-02
1.274774774774774784e+02 8.558706737958983457e-02
1.276276276276276320e+02 8.895401437376433684e-02
1.277777777777777857e+02 9.477372463137129222e-02
1.279279279279279251e+02 1.026347800975781210e-01
1.280780780780780788e+02 1.119113285024088134e-01
1.282282282282282324e+02 1.215264377717697741e-01
1.283783783783783861e+02 1.299681497314149892e-01
1.285285285285285397e+02 1.355570255713233752e-01
1.286786786786786934e+02 1.367927982131342812e-01
1.288288288288288186e+02 1.359373203216792947e-01
1.289789789789789722e+02 1.546791919345863464e-01
1.291291291291291259e+02 1.606720087258134977e-01
1.292792792792792795e+02 1.755337325604007515e-01
1.294294294294294332e+02 2.664483241091366583e-01
1.295795795795795868e+02 3.566131810370541944e-01
1.297297297297297405e+02 3.552202462451191090e-01
1.298798798798798941e+02 2.609529253088572753e-01
1.300300300300300194e+02 1.546338188489112253e-01
1.301801801801801730e+02 1.118130218544480664e-01
1.303303303303303267e+02 9.142985974024253615e-02
1.304804804804804803e+02 8.500663813798335633e-02
1.306306306306306340e+02 8.569768302897623480e-02
1.307807807807807876e+02 8.929958884681871156e-02
1.309309309309309413e+02 9.536038004539190704e-02
1.310810810810810949e+02 1.033852605536276364e-01
1.312312312312312201e+02 1.126676311646526291e-01
1.313813813813813738e+02 1.221496506994532161e-01
1.315315315315315274e+02 1.304083749109075374e-01
1.316816816816816811e+02 1.358030227408388579e-01
1.318318318318318347e+02 1.367681591056649493e-01
1.319819819819819884e+02 1.351399788555182335e-01
1.321321321321321420e+02 1.555600185338338604e-01
1.322822822822822957e+02 1.613851421992086865e-01
1.324324324324324209e+02 1.815981701355998679e-01
1.325825825825825746e+02 2.761968682994139224e-01
1.327327327327327282e+02 3.598126065069802149e-01
1.328828828828828819e+02 3.486887152450147687e-01
1.330330330330330355e+02 2.502727768308228851e-01
1.331831831831831892e+02 1.481903163502828469e-01
1.333333333333333428e+02 1.101482216714413653e-01
1.334834834834834965e+02 9.006046671519554736e-02
1.336336336336336217e+02 8.497106664197014159e-02
1.337837837837837753e+02 8.588632091116830958e-02
1.339339339339339290e+02 8.963726181794612335e-02
1.340840840840840826e+02 9.582643452290488806e-02
1.342342342342342363e+02 1.040128890621170865e-01
1.343843843843843899e+02 1.134456002708894434e-01
1.345345345345345436e+02 1.229335318289404844e-01
1.346846846846846972e+02 1.309640505596694482e-01
1.348348348348348509e+02 1.359502165327377554e-01
1.349849849849849761e+02 1.364767984794696132e-01
1.351351351351351298e+02 1.373804890371013998e-01
1.352852852852852834e+02 1.562242667963342491e-01
1.354354354354354371e+02 1.603644551748663050e-01
1.355855855855855907e+02 1.856888724743675501e-01
1.357357357357357444e+02 2.850795005474305865e-01
1.358858858858858980e+02 3.649086261500976702e-01
1.360360360360360517e+02 3.456110977339787449e-01
1.361861861861861769e+02 2.421430828985274841e-01
1.363363363363363305e+02 1.431535573797058092e-01
1.364864864864864842e+02 1.085430144703190408e-01
1.366366366366366378e+02 8.853622301482511059e-02
1.367867867867867915e+02 8.489310749734695072e-02
1.369369369369369451e+02 8.609380967728003098e-02
1.370870870870870988e+02 9.009947836811101063e-02
1.372372372372372524e+02 9.645443570641895614e-02
1.373873873873873777e+02 1.046922415196349793e-01
1.375375375375375313e+02 1.141113225819101462e-01
1.376876876876876850e+02 1.235758284925770056e-01
1.378378378378378386e+02 1.315360207184940733e-01
1.379879879879879923e+02 1.362913711864529309e-01
1.381381381381381459e+02 1.363635297354413300e-01
1.382882882882882996e+02 1.393029427226588068e-01
1.384384384384384532e+02 1.579984808408780028e-01
1.385885885885885784e+02 1.607430000898346367e-01
1.387387387387387321e+02 1.903811578989125786e-01
1.388888888888888857e+02 2.911902197459524388e-01
1.390390390390390394e+02 3.647206693997383509e-01
1.391891891891891930e+02 3.384730907530438260e-01
1.393393393393393467e+02 2.329925479546159361e-01
1.394894894894895003e+02 1.386423518293842250e-01
1.396396396396396540e+02 1.072080282613913499e-01
1.397897897897897792e+02 8.759974826050634378e-02
1.399399399399399329e+02 8.488733306392211297e-02
1.400900900900900865e+02 8.627399995992773851e-02
1.402402402402402402e+02 9.046459950451410381e-02
1.403903903903903938e+02 9.703721418068012028e-02
1.405405405405405475e+02 1.054652763163033274e-01
1.406906906906907011e+02 1.149265417533807537e-01
1.408408408408408548e+02 1.242346776232143568e-01
1.409909909909909800e+02 1.319146615880302242e-01
1.411411411411411336e+02 1.363751449908397195e-01
1.412912912912912873e+02 1.361594839345668106e-01
1.414414414414414409e+02 1.395114588590631588e-01
1.415915915915915946e+02 1.581607285951479869e-01
1.417417417417417482e+02 1.612675352098642267e-01
1.418918918918919019e+02 1.983677336245776301e-01
1.420420420420420555e+02 3.017787824927419815e-01
1.421921921921921808e+02 3.680282116365644618e-01
1.423423423423423344e+02 3.319279502034397367e-01
1.424924924924924881e+02 2.230307586195243719e-01
1.426426426426426417e+02 1.337979095905820759e-01
1.427927927927927954e+02 1.055146503020673449e-01
1.429429429429429490e+02 8.644489222852376475e-02
1.430930930930931027e+02 8.489622168895458176e-02
1.432432432432432563e+02 8.653550541967451604e-02
1.433933933933933815e+02 9.089011564120789977e-02
1.435435435435435352e+02 9.755841432292330917e-02
1.436936936936936888e+02 1.060793405154704799e-01
1.438438438438438425e+02 1.156477513345726266e-01
1.439939939939939961e+02 1.249834318407750527e-01
1.441441441441441498e+02 1.324824743066490840e-01
1.442942942942943034e+02 1.365283362638939901e-01
1.444444444444444571e+02 1.357885869563628944e-01
1.445945945945946107e+02 1.426040164630983931e-01
1.447447447447447360e+02 1.590042093485711794e-01
1.448948948948948896e+02 1.603979815296925349e-01
1.450450450450450433e+02 2.027793738333488471e-01
1.451951951951951969e+02 3.080642975712363230e-01
1.453453453453453506e+02 3.694391522065482714e-01
1.454954954954955042e+02 3.267570797568443153e-01
1.456456456456456579e+02 2.153877373654279614e-01
1.457957957957958115e+02 1.304786257086463785e-01
1.459459459459459367e+02 1.040338028392358977e-01
1.460960960960960904e+02 8.617660188816177180e-02
1.462462462462462440e+02 8.486276332304747150e-02
1.463963963963963977e+02 8.674782472852914095e-02
1.465465465465465513e+02 9.135649474318205399e-02
1.466966966966967050e+02 9.822767174591795492e-02
1.468468468468468586e+02 1.068204408785103643e-01
1.469969969969970123e+02 1.163257863325229402e-01
1.471471471471471375e+02 1.255387601305709144e-01
1.472972972972972912e+02 1.329013929198661903e-01
1.474474474474474448e+02 1.367401559935304545e-01
1.475975975975975985e+02 1.356250850288981680e-01
1.477477477477477521e+02 1.435718568424111941e-01
1.478978978978979058e+02 1.600844306338199130e-01
1.480480480480480594e+02 1.620177031384393285e-01
1.481981981981982130e+02 2.106748107599737407e-01
1.483483483483483383e+02 3.150473167183395207e-01
1.484984984984984919e+02 3.678095369703633932e-01
1.486486486486486456e+02 3.175511385842356149e-01
1.487987987987987992e+02 2.057253864267246657e-01
1.489489489489489529e+02 1.268739727862715216e-01
1.490990990990991065e+02 1.025457546922628055e-01
1.492492492492492602e+02 8.599041369196597229e-02
1.493993993993994138e+02 8.493497935995480974e-02
1.495495495495495391e+02 8.700081113536693722e-02
1.496996996996996927e+02 9.175347725796109688e-02
1.498498498498498464e+02 9.879547394782817182e-02
1.500000000000000000e+02 1.075743443463728355e-01
