0.000000000000000000e+00 2.167638576777524420e-09
1.501501501501501523e-01 2.233629745946871803e-01
3.003003003003003046e-01 3.413480142491361891e-01
4.504504504504504570e-01 4.615032829066087472e-01
6.006006006006006093e-01 6.534050378055016317e-01
7.507507507507507061e-01 7.742403210563874039e-01
9.009009009009009139e-01 7.813088726210757340e-01
1.051051051051051122e+00 6.950026407180411869e-01
1.201201201201201219e+00 7.300541685470480768e-01
1.351351351351351315e+00 7.564423864171047063e-01
1.501501501501501412e+00 7.743831567099697111e-01
1.651651651651651731e+00 7.790160310235630936e-01
1.801801801801801828e+00 7.717096133771937927e-01
1.951951951951951925e+00 7.541372065673805913e-01
2.102102102102102243e+00 7.344394833432908998e-01
2.252252252252252340e+00 7.920629099408422746e-01
2.402402402402402437e+00 8.186077393315021045e-01
2.552552552552552534e+00 8.454949426197279072e-01
2.702702702702702631e+00 8.444108756017650874e-01
2.852852852852852727e+00 8.113219509669452600e-01
3.003003003003002824e+00 7.722407299637108480e-01
3.153153153153153365e+00 7.525523536471006025e-01
3.303303303303303462e+00 7.310871681106480002e-01
3.453453453453453559e+00 7.010565113932014647e-01
3.603603603603603656e+00 6.539677350744675932e-01
3.753753753753753752e+00 6.132662921545285473e-01
3.903903903903903849e+00 5.714833818833996437e-01
4.054054054054054390e+00 5.315716279947435563e-01
4.204204204204204487e+00 5.117072532256817796e-01
4.354354354354354584e+00 6.232880581771544914e-01
4.504504504504504681e+00 7.719347807853458310e-01
4.654654654654654777e+00 8.357307037170499386e-01
4.804804804804804874e+00 7.688539267343355021e-01
4.954954954954954971e+00 6.514182285148800711e-01
5.105105105105105068e+00 6.114654471276079750e-01
5.255255255255255165e+00 6.006672624318194487e-01
5.405405405405405261e+00 6.019514850887529578e-01
5.555555555555555358e+00 5.767785549260346922e-01
5.705705705705705455e+00 5.448951295087013369e-01
5.855855855855855552e+00 5.143721020389347975e-01
6.006006006006005649e+00 4.870695266981868721e-01
6.156156156156156634e+00 4.638023623182060406e-01
6.306306306306306730e+00 4.586836840162605844e-01
6.456456456456456827e+00 5.354545294619875717e-01
6.606606606606606924e+00 6.845645328142330177e-01
6.756756756756757021e+00 8.008183300818219053e-01
6.906906906906907118e+00 7.904423299838763128e-01
7.057057057057057214e+00 6.969698486988006314e-01
7.207207207207207311e+00 6.179888508486591769e-01
7.357357357357357408e+00 6.028468197762582026e-01
7.507507507507507505e+00 6.078721184467752447e-01
7.657657657657657602e+00 6.036266557909873987e-01
7.807807807807807698e+00 5.919843886780097320e-01
7.957957957957957795e+00 5.752125987932215079e-01
8.108108108108108780e+00 5.554795756970669629e-01
8.258258258258258877e+00 5.345458659768661525e-01
8.408408408408408974e+00 5.337295992228474617e-01
8.558558558558559071e+00 6.005395009076510693e-01
8.708708708708709167e+00 7.160500988607269024e-01
8.858858858858859264e+00 8.232121829145147007e-01
9.009009009009009361e+00 8.310411419945800127e-01
9.159159159159159458e+00 7.554836713855931363e-01
9.309309309309309555e+00 6.773675835661203681e-01
9.459459459459459651e+00 6.576079978628006639e-01
9.609609609609609748e+00 6.601499120392468889e-01
9.759759759759759845e+00 6.524212226249543889e-01
9.909909909909909942e+00 6.360498284919591239e-01
1.006006006006006004e+01 6.133226831037428273e-01
1.021021021021021014e+01 5.867771033323041507e-01
1.036036036036036023e+01 5.589075917992105680e-01
1.051051051051051033e+01 5.589531518381534170e-01
1.066066066066066043e+01 6.310695487604631726e-01
1.081081081081081052e+01 7.564571124219945375e-01
1.096096096096096062e+01 8.507834918401384616e-01
1.111111111111111072e+01 8.388397975025051467e-01
1.126126126126126081e+01 7.484413624665064990e-01
1.141141141141141091e+01 6.702968318269852954e-01
1.156156156156156101e+01 6.564419384234566612e-01
1.171171171171171110e+01 6.548364183145090056e-01
1.186186186186186120e+01 6.425649429242610289e-01
1.201201201201201130e+01 6.218859201695994265e-01
1.216216216216216317e+01 5.956292659895008335e-01
1.231231231231231327e+01 5.667197969801285318e-01
1.246246246246246336e+01 5.378358384393836511e-01
1.261261261261261346e+01 5.418762493206422670e-01
1.276276276276276356e+01 6.221063342785591033e-01
1.291291291291291365e+01 7.577909436716444569e-01
1.306306306306306375e+01 8.516355853668589049e-01
1.321321321321321385e+01 8.292001694412165502e-01
1.336336336336336394e+01 7.324640985445626251e-01
1.351351351351351404e+01 6.593827763139421538e-01
1.366366366366366414e+01 6.481438769347847018e-01
1.381381381381381424e+01 6.468142856073035851e-01
1.396396396396396433e+01 6.352133954588925491e-01
1.411411411411411443e+01 6.158252851991516952e-01
1.426426426426426453e+01 5.915393917088132003e-01
1.441441441441441462e+01 5.651814946351072511e-01
1.456456456456456472e+01 5.391801410063817857e-01
1.471471471471471482e+01 5.516300921743397812e-01
1.486486486486486491e+01 6.341993255995376222e-01
1.501501501501501501e+01 7.638813916016056194e-01
1.516516516516516511e+01 8.529710247757463781e-01
1.531531531531531520e+01 8.307629073688846955e-01
1.546546546546546530e+01 7.376480391043291895e-01
1.561561561561561540e+01 6.682516890366778650e-01
1.576576576576576549e+01 6.593052947771386174e-01
1.591591591591591559e+01 6.585130541556059036e-01
1.606606606606606746e+01 6.476834822762471688e-01
1.621621621621621756e+01 6.291796514397984819e-01
1.636636636636636766e+01 6.057082285662380716e-01
1.651651651651651775e+01 5.799514968627078604e-01
1.666666666666666785e+01 5.542620604613343049e-01
1.681681681681681795e+01 5.732562143140720323e-01
1.696696696696696804e+01 6.591059034398156768e-01
1.711711711711711814e+01 7.803308360892829976e-01
1.726726726726726824e+01 8.594037394427920251e-01
1.741741741741741833e+01 8.323819143067958670e-01
1.756756756756756843e+01 7.404746633892663743e-01
1.771771771771771853e+01 6.741196284867700950e-01
1.786786786786786863e+01 6.656191744654326170e-01
1.801801801801801872e+01 6.632944515679255471e-01
1.816816816816816882e+01 6.510930954010958338e-01
1.831831831831831892e+01 6.313440614134959716e-01
1.846846846846846901e+01 6.067031488876838408e-01
1.861861861861861911e+01 5.798588495286105537e-01
1.876876876876876921e+01 5.532049208473375224e-01
1.891891891891891930e+01 5.767896909121001947e-01
1.906906906906906940e+01 6.641852742793050712e-01
1.921921921921921950e+01 7.870676493742253532e-01
1.936936936936936959e+01 8.603807063128093846e-01
1.951951951951951969e+01 8.249889624131122590e-01
1.966966966966966979e+01 7.305348472010065874e-01
1.981981981981981988e+01 6.678479035890569904e-01
1.996996996996996998e+01 6.602304982402558142e-01
2.012012012012012008e+01 6.567866819976626580e-01
2.027027027027027017e+01 6.436631159546142289e-01
2.042042042042042027e+01 6.232168931712390725e-01
2.057057057057057037e+01 5.981370729092612137e-01
2.072072072072072046e+01 5.711586906824210885e-01
2.087087087087087056e+01 5.446759915346757186e-01
2.102102102102102066e+01 5.743499248830368220e-01
2.117117117117117076e+01 6.633783611882333453e-01
2.132132132132132085e+01 7.883593100962478228e-01
2.147147147147147095e+01 8.576975264127284504e-01
2.162162162162162105e+01 8.175615526509610875e-01
2.177177177177177114e+01 7.233479003423857190e-01
2.192192192192192124e+01 6.637136587540214405e-01
2.207207207207207134e+01 6.601981197650143018e-01
2.222222222222222143e+01 6.569836301046815263e-01
2.237237237237237153e+01 6.442978915002168794e-01
2.252252252252252163e+01 6.243905048459403861e-01
2.267267267267267172e+01 5.998827888846414158e-01
2.282282282282282182e+01 5.734648852590884527e-01
2.297297297297297192e+01 5.474705765877652119e-01
2.312312312312312201e+01 5.831823839284226985e-01
2.327327327327327211e+01 6.736885915862362850e-01
2.342342342342342221e+01 7.960190496951224937e-01
2.357357357357357230e+01 8.600961879386760378e-01
2.372372372372372240e+01 8.166421419853713282e-01
2.387387387387387250e+01 7.235095436975821359e-01
2.402402402402402259e+01 6.659014747576482707e-01
2.417417417417417624e+01 6.635265990522619672e-01
2.432432432432432634e+01 6.597951540489608302e-01
2.447447447447447644e+01 6.466456691464645967e-01
2.462462462462462653e+01 6.262981333593051758e-01
2.477477477477477663e+01 6.014049717268799000e-01
2.492492492492492673e+01 5.746894849338695099e-01
2.507507507507507682e+01 5.484843142868776056e-01
2.522522522522522692e+01 5.886235633173879656e-01
2.537537537537537702e+01 6.797381487206963779e-01
2.552552552552552712e+01 8.022935357812012169e-01
2.567567567567567721e+01 8.611240018741626034e-01
2.582582582582582731e+01 8.118718965973433788e-01
2.597597597597597741e+01 7.180393618393945410e-01
2.612612612612612750e+01 6.636618028996781327e-01
2.627627627627627760e+01 6.617534616950081494e-01
2.642642642642642770e+01 6.574637388034538787e-01
2.657657657657657779e+01 6.438285776753747136e-01
2.672672672672672789e+01 6.231245703604669783e-01
2.687687687687687799e+01 5.980941885576052108e-01
2.702702702702702808e+01 5.714952490306453026e-01
2.717717717717717818e+01 5.456150372699738460e-01
2.732732732732732828e+01 5.919483227747374121e-01
2.747747747747747837e+01 6.853303626350997213e-01
2.762762762762762847e+01 8.068636325890883310e-01
2.777777777777777857e+01 8.598341942422631501e-01
2.792792792792792866e+01 8.065602521040976525e-01
2.807807807807807876e+01 7.134523515075510414e-01
2.822822822822822886e+01 6.622379808881558860e-01
2.837837837837837895e+01 6.640870468195669840e-01
2.852852852852852905e+01 6.596646570224382611e-01
2.867867867867867915e+01 6.459639336798624898e-01
2.882882882882882924e+01 6.252695931733176504e-01
2.897897897897897934e+01 6.003384354228560316e-01
2.912912912912912944e+01 5.738885702469365135e-01
2.927927927927927954e+01 5.481448241120102649e-01
2.942942942942942963e+01 5.999105089110554623e-01
2.957957957957957973e+01 6.954270449272268451e-01
2.972972972972972983e+01 8.146065786825836819e-01
2.987987987987987992e+01 8.614384194687654261e-01
3.003003003003003002e+01 8.045830491558575437e-01
3.018018018018018012e+01 7.120019967978650222e-01
3.033033033033033021e+01 6.634702646139054583e-01
3.048048048048048031e+01 6.660375568084291320e-01
3.063063063063063041e+01 6.608091463157947931e-01
3.078078078078078050e+01 6.463188037638274430e-01
3.093093093093093060e+01 6.249461855495055396e-01
3.108108108108108070e+01 5.995153834803418347e-01
3.123123123123123079e+01 5.727435366348418988e-01
3.138138138138138089e+01 5.468283399627098529e-01
3.153153153153153099e+01 6.019428644725277611e-01
3.168168168168168108e+01 6.997036792477816514e-01
3.183183183183183118e+01 8.195339076504557507e-01
3.198198198198198128e+01 8.604575029743128933e-01
3.213213213213213493e+01 7.982245234641154319e-01
3.228228228228228147e+01 7.053570506264076334e-01
3.243243243243243512e+01 6.611056894333353640e-01
3.258258258258258167e+01 6.630612230711195876e-01
3.273273273273273531e+01 6.572771439890551237e-01
3.288288288288288186e+01 6.423067337643096897e-01
3.303303303303303551e+01 6.206621875421204360e-01
3.318318318318318205e+01 5.952276002287091305e-01
3.333333333333333570e+01 5.686913195800809007e-01
3.348348348348348225e+01 5.431844467857278591e-01
3.363363363363363590e+01 6.038157338828322729e-01
3.378378378378378244e+01 7.047301200255792208e-01
3.393393393393393609e+01 8.229267742900927551e-01
3.408408408408408263e+01 8.580934976240548462e-01
3.423423423423423628e+01 7.926519423910917128e-01
3.438438438438438283e+01 7.010970494417470000e-01
3.453453453453453648e+01 6.606905699947461796e-01
3.468468468468468302e+01 6.650813969071625031e-01
3.483483483483483667e+01 6.591221206516419961e-01
3.498498498498498321e+01 6.440737676475574158e-01
3.513513513513513686e+01 6.224884098375944586e-01
3.528528528528528341e+01 5.972051474938098181e-01
3.543543543543543706e+01 5.708306387818917749e-01
3.558558558558558360e+01 5.454456308646020712e-01
3.573573573573573725e+01 6.116348121191326204e-01
3.588588588588588379e+01 7.152252230007425382e-01
3.603603603603603744e+01 8.299244546022558344e-01
3.618618618618618399e+01 8.590916609932216508e-01
3.633633633633633764e+01 7.906853022683020260e-01
3.648648648648648418e+01 7.005077745066461414e-01
3.663663663663663783e+01 6.631700967480212983e-01
3.678678678678678438e+01 6.668609168526133946e-01
3.693693693693693803e+01 6.600176358430187573e-01
3.708708708708708457e+01 6.441901322007019814e-01
3.723723723723723822e+01 6.220080471553506296e-01
3.738738738738738476e+01 5.963031657216197878e-01
3.753753753753753841e+01 5.696521094267492646e-01
3.768768768768768496e+01 5.441204433180448774e-01
3.783783783783783861e+01 6.140202055801132763e-01
3.798798798798798515e+01 7.207915679621419436e-01
3.813813813813813880e+01 8.343473922880514371e-01
3.828828828828828534e+01 8.573254011383333317e-01
3.843843843843843899e+01 7.840650747601020099e-01
3.858858858858859264e+01 6.951169771027918554e-01
3.873873873873873919e+01 6.622847931425482892e-01
3.888888888888889284e+01 6.638199445893669948e-01
3.903903903903903938e+01 6.563394107605260430e-01
3.918918918918919303e+01 6.400638135274241414e-01
3.933933933933933957e+01 6.176932322748056592e-01
3.948948948948949322e+01 5.920449439323902663e-01
3.963963963963963977e+01 5.656556005949610055e-01
3.978978978978979342e+01 5.405387249543137651e-01
3.993993993993993996e+01 6.169620250610341472e-01
4.009009009009009361e+01 7.265240004743762636e-01
4.024024024024024015e+01 8.368051714909685579e-01
4.039039039039039380e+01 8.542484081377841321e-01
4.054054054054054035e+01 7.783952761116761376e-01
4.069069069069069400e+01 6.920812235087663300e-01
4.084084084084084054e+01 6.626884127102514732e-01
4.099099099099099419e+01 6.656770993557609151e-01
4.114114114114114074e+01 6.579907543205960607e-01
4.129129129129129439e+01 6.417045804498004991e-01
4.144144144144144093e+01 6.194607747918212670e-01
4.159159159159159458e+01 5.939811772627295872e-01
4.174174174174174112e+01 5.677413381214176935e-01
4.189189189189189477e+01 5.454862851743260688e-01
4.204204204204204132e+01 6.260680914418835785e-01
4.219219219219219497e+01 7.369496375369134489e-01
4.234234234234234151e+01 8.424554048624223190e-01
4.249249249249249516e+01 8.543076056426011089e-01
4.264264264264264170e+01 7.762728058263168585e-01
4.279279279279279535e+01 6.923275871130858405e-01
4.294294294294294190e+01 6.650497785388014282e-01
4.309309309309309555e+01 6.670852858957188047e-01
4.324324324324324209e+01 6.585511791552055572e-01
4.339339339339339574e+01 6.415863271027235637e-01
4.354354354354354228e+01 6.188105453966897818e-01
4.369369369369369593e+01 5.929209934687202921e-01
4.384384384384384248e+01 5.663964548234704521e-01
4.399399399399399613e+01 5.490283920292711173e-01
4.414414414414414267e+01 6.293282057274007801e-01
4.429429429429429632e+01 7.424169860500099416e-01
4.444444444444444287e+01 8.456086207578636937e-01
4.459459459459459651e+01 8.512606046843846919e-01
4.474474474474474306e+01 7.692916410967248764e-01
4.489489489489489671e+01 6.876192697830161293e-01
4.504504504504504325e+01 6.623428923936286461e-01
4.519519519519519690e+01 6.636725090603281529e-01
4.534534534534534345e+01 6.545884650646702774e-01
4.549549549549549710e+01 6.372834207609400226e-01
4.564564564564564364e+01 6.143689293010330399e-01
4.579579579579579729e+01 5.885411364686519153e-01
4.594594594594594383e+01 5.622735749295011409e-01
4.609609609609609748e+01 5.516948426841044029e-01
4.624624624624624403e+01 6.329346240710127525e-01
4.639639639639639768e+01 7.473244561368530547e-01
4.654654654654654422e+01 8.467301655748187272e-01
4.669669669669669787e+01 8.471103728850994941e-01
4.684684684684684441e+01 7.636248403358795178e-01
4.699699699699699806e+01 6.847910202387119671e-01
4.714714714714714461e+01 6.642187628437620228e-01
4.729729729729729826e+01 6.652711824470307622e-01
4.744744744744744480e+01 6.561275598548935717e-01
4.759759759759759845e+01 6.389035118430059779e-01
4.774774774774774500e+01 6.161194429480920665e-01
4.789789789789789864e+01 5.904271167129248044e-01
4.804804804804804519e+01 5.642765742010587005e-01
4.819819819819819884e+01 5.596881542664805531e-01
4.834834834834835249e+01 6.422993006831980711e-01
4.849849849849849903e+01 7.565276039394970287e-01
4.864864864864865268e+01 8.511290344910860117e-01
4.879879879879879923e+01 8.462559911547608005e-01
4.894894894894895288e+01 7.615807765169995136e-01
4.909909909909909942e+01 6.847950946154766072e-01
4.924924924924925307e+01 6.662567233112098863e-01
4.939939939939939961e+01 6.664656427105171144e-01
4.954954954954955326e+01 6.565984101020736485e-01
4.969969969969969981e+01 6.387362970208030344e-01
4.984984984984985346e+01 6.153969869309490193e-01
5.000000000000000000e+01 5.892702496369905951e-01
5.015015015015015365e+01 5.628279667876031622e-01
5.030030030030030019e+01 5.631671224388676844e-01
5.045045045045045384e+01 6.452583954678288158e-01
5.060060060060060039e+01 7.613844453821123626e-01
5.075075075075075404e+01 8.533468763780032162e-01
5.090090090090090058e+01 8.420880713313979582e-01
5.105105105105105423e+01 7.544946561233606408e-01
5.120120120120120077e+01 6.798441983587184545e-01
5.135135135135135442e+01 6.632970339998782716e-01
5.150150150150150097e+01 6.629402651484669340e-01
5.165165165165165462e+01 6.526243640024613768e-01
5.180180180180180116e+01 6.344317561060959232e-01
5.195195195195195481e+01 6.109284076418897147e-01
5.210210210210210136e+01 5.848575603229299036e-01
5.225225225225225500e+01 5.586822186155473435e-01
5.240240240240240155e+01 5.656312503009308656e-01
5.255255255255255520e+01 6.483452015135036106e-01
5.270270270270270174e+01 7.655999490186364831e-01
5.285285285285285539e+01 8.536426472009108757e-01
5.300300300300300194e+01 8.373072447852814015e-01
5.315315315315315559e+01 7.489331363820915799e-01
5.330330330330330213e+01 6.766710688956794062e-01
5.345345345345345578e+01 6.650592829823442909e-01
5.360360360360360232e+01 6.645764264198622540e-01
5.375375375375375597e+01 6.542423438080298137e-01
5.390390390390390252e+01 6.360777874373831908e-01
5.405405405405405617e+01 6.126459760653422126e-01
5.420420420420420271e+01 5.866843345174062030e-01
5.435435435435435636e+01 5.606158498058932960e-01
5.450450450450450290e+01 5.732086979078229172e-01
5.465465465465465655e+01 6.569807467986266136e-01
5.480480480480480310e+01 7.741751178715929882e-01
5.495495495495495675e+01 8.573110700744559498e-01
5.510510510510510329e+01 8.360503272213041237e-01
5.525525525525525694e+01 7.468873897789763960e-01
5.540540540540540349e+01 6.764549280421409128e-01
5.555555555555555713e+01 6.669524667987417610e-01
5.570570570570570368e+01 6.657149119996984554e-01
5.585585585585585733e+01 6.546305469402147192e-01
5.600600600600600387e+01 6.357586610727159471e-01
5.615615615615615752e+01 6.117435276300642322e-01
5.630630630630630407e+01 5.853648903226045253e-01
5.645645645645645772e+01 5.590364592707522950e-01
5.660660660660660426e+01 5.758559931622098116e-01
5.675675675675675791e+01 6.594183251570120419e-01
5.690690690690690445e+01 7.793036477278494356e-01
5.705705705705705810e+01 8.588540304329062014e-01
5.720720720720720465e+01 8.312580323596421294e-01
5.735735735735735830e+01 7.396456472607365606e-01
5.750750750750750484e+01 6.718814863923842085e-01
5.765765765765765849e+01 6.639629064382138735e-01
5.780780780780781214e+01 6.621950300282141155e-01
5.795795795795795868e+01 6.506010959386371306e-01
5.810810810810811233e+01 6.313450860676556031e-01
5.825825825825825888e+01 6.071774173004542696e-01
5.840840840840841253e+01 5.809029892096193581e-01
5.855855855855855907e+01 5.548883825947785731e-01
5.870870870870871272e+01 5.775257357547236570e-01
5.885885885885885926e+01 6.625475148024112526e-01
5.900900900900901291e+01 7.836963721124021731e-01
5.915915915915915946e+01 8.585288337068314179e-01
5.930930930930931311e+01 8.263298771515504848e-01
5.945945945945945965e+01 7.341976904643230384e-01
5.960960960960961330e+01 6.695238568090651210e-01
5.975975975975975985e+01 6.657964238563766068e-01
5.990990990990991349e+01 6.638730598219493295e-01
6.006006006006006004e+01 6.521689085538372455e-01
6.021021021021021369e+01 6.328975105463854334e-01
6.036036036036036023e+01 6.088212055657686861e-01
6.051051051051051388e+01 5.826884702700281249e-01
6.066066066066066043e+01 5.568014840071995319e-01
6.081081081081081408e+01 5.844911444074858409e-01
6.096096096096096062e+01 6.716639689211716391e-01
6.111111111111111427e+01 7.923179770803147060e-01
6.126126126126126081e+01 8.615103491535214264e-01
6.141141141141141446e+01 8.249332923826082631e-01
6.156156156156156101e+01 7.323776026709341025e-01
6.171171171171171466e+01 6.704500536746440531e-01
6.186186186186186120e+01 6.677160664261106993e-01
6.201201201201201485e+01 6.649457169953801872e-01
6.216216216216216139e+01 6.524080317102713966e-01
6.231231231231231504e+01 6.324338447719698442e-01
6.246246246246246159e+01 6.078340888298945366e-01
6.261261261261261524e+01 5.813406331459325393e-01
6.276276276276276178e+01 5.552330941865430969e-01
6.291291291291291543e+01 5.865425404156523470e-01
6.306306306306306197e+01 6.752446384362725817e-01
6.321321321321321562e+01 7.978862815277480980e-01
6.336336336336336217e+01 8.622238939690303194e-01
6.351351351351351582e+01 8.196139714613250860e-01
6.366366366366366236e+01 7.254412774168149669e-01
6.381381381381381601e+01 6.674961968978582183e-01
6.396396396396396256e+01 6.647387204432180230e-01
6.411411411411411621e+01 6.613149999150897962e-01
6.426426426426426985e+01 6.482125534645665210e-01
6.441441441441440929e+01 6.278994441375223001e-01
6.456456456456456294e+01 6.032264289208149055e-01
6.471471471471471659e+01 5.768954746798294897e-01
6.486486486486487024e+01 5.511356264267344152e-01
6.501501501501500968e+01 5.881250839606079195e-01
6.516516516516516333e+01 6.796958615350120470e-01
6.531531531531531698e+01 8.020828757989657554e-01
6.546546546546547063e+01 8.610836794696026253e-01
6.561561561561561007e+01 8.143476196592454031e-01
6.576576576576576372e+01 7.206426440644942977e-01
6.591591591591591737e+01 6.665654172701076519e-01
6.606606606606607102e+01 6.665464791532191846e-01
6.621621621621621046e+01 6.628638644041970895e-01
6.636636636636636410e+01 6.496530485238016794e-01
6.651651651651651775e+01 6.293986961175723760e-01
6.666666666666667140e+01 6.048772661316506039e-01
6.681681681681681084e+01 5.787060205990431916e-01
6.696696696696696449e+01 5.530691670413161454e-01
6.711711711711711814e+01 5.956327634073779187e-01
6.726726726726727179e+01 6.900108964885216523e-01
6.741741741741742544e+01 8.100111407888378467e-01
6.756756756756756488e+01 8.631222371100020219e-01
6.771771771771771853e+01 8.125290329797842936e-01
6.786786786786787218e+01 7.195588094396299095e-01
6.801801801801802583e+01 6.684805496698954519e-01
6.816816816816816527e+01 6.682646580984924478e-01
6.831831831831831892e+01 6.636587269557965296e-01
6.846846846846847257e+01 6.496611622234172989e-01
6.861861861861862621e+01 6.287944216463849934e-01
6.876876876876876565e+01 6.038078810134044350e-01
6.891891891891891930e+01 5.773007435324355452e-01
6.906906906906907295e+01 5.514568341758352421e-01
6.921921921921922660e+01 5.981873950518763472e-01
6.936936936936936604e+01 6.947085255980139928e-01
6.951951951951951969e+01 8.148702059157344468e-01
6.966966966966967334e+01 8.626550098556065027e-01
6.981981981981982699e+01 8.063975840908939041e-01
6.996996996996996643e+01 7.133938229662608599e-01
7.012012012012012008e+01 6.663618170519165496e-01
7.027027027027027373e+01 6.650674428651751624e-01
7.042042042042042738e+01 6.598080286564171892e-01
7.057057057057056682e+01 6.453554458646424408e-01
7.072072072072072046e+01 6.242628834299822627e-01
7.087087087087087411e+01 5.992638987591154542e-01
7.102102102102102776e+01 5.729443892517479542e-01
7.117117117117116720e+01 5.474560351268742409e-01
7.132132132132132085e+01 6.007333501052205538e-01
7.147147147147147450e+01 6.997351130753234338e-01
7.162162162162162815e+01 8.179705395669074619e-01
7.177177177177176759e+01 8.604495701117068629e-01
7.192192192192192124e+01 8.006487673732716193e-01
7.207207207207207489e+01 7.093569616883468321e-01
7.222222222222222854e+01 6.655478693332081974e-01
7.237237237237236798e+01 6.666942633380887884e-01
7.252252252252252163e+01 6.612470943403381263e-01
7.267267267267267528e+01 6.468047070457836334e-01
7.282282282282282893e+01 6.258308726213237527e-01
7.297297297297296836e+01 6.009757697640936147e-01
7.312312312312312201e+01 5.747858756254238255e-01
7.327327327327327566e+01 5.493890661685868482e-01
7.342342342342342931e+01 6.091663954475572407e-01
7.357357357357356875e+01 7.098226624463943590e-01
7.372372372372372240e+01 8.245266444977934484e-01
7.387387387387387605e+01 8.613886095176167546e-01
7.402402402402402970e+01 7.984397481418867848e-01
7.417417417417416914e+01 7.086414236587060822e-01
7.432432432432432279e+01 6.669803343601641288e-01
7.447447447447447644e+01 6.681300232826418162e-01
7.462462462462463009e+01 6.618766611082320672e-01
7.477477477477476953e+01 6.467602659521038966e-01
7.492492492492492318e+01 6.252112758309169571e-01
7.507507507507507682e+01 5.998829956319329249e-01
7.522522522522523047e+01 5.733490331064594603e-01
7.537537537537536991e+01 5.477425201896380935e-01
7.552552552552552356e+01 6.120736377126454464e-01
7.567567567567567721e+01 7.142758331718892517e-01
7.582582582582583086e+01 8.284176106116983851e-01
7.597597597597597030e+01 8.596708736006473117e-01
7.612612612612612395e+01 7.917311170812056931e-01
7.627627627627627760e+01 7.026827678256446497e-01
7.642642642642643125e+01 6.644839990504051164e-01
7.657657657657657069e+01 6.647388494748460719e-01
7.672672672672672434e+01 6.579662452166055164e-01
7.687687687687687799e+01 6.424797876650553130e-01
7.702702702702703164e+01 6.207145118505067449e-01
7.717717717717718529e+01 5.953627382283743774e-01
7.732732732732732472e+01 5.690177759910691746e-01
7.747747747747747837e+01 5.437717382647569986e-01
7.762762762762763202e+01 6.147035402248517411e-01
7.777777777777778567e+01 7.186564575461265036e-01
7.792792792792792511e+01 8.305711688088349698e-01
7.807807807807807876e+01 8.564809831788736671e-01
7.822822822822823241e+01 7.858668950931464448e-01
7.837837837837838606e+01 6.985911503606269113e-01
7.852852852852852550e+01 6.631298893764863145e-01
7.867867867867867915e+01 6.663053857752259113e-01
7.882882882882883280e+01 6.594795240797521885e-01
7.897897897897898645e+01 6.440312115847333096e-01
7.912912912912912589e+01 6.223400691016049979e-01
7.927927927927927954e+01 5.970885797581286791e-01
7.942942942942943318e+01 5.708503735430647819e-01
7.957957957957958683e+01 5.456822776682250797e-01
7.972972972972972627e+01 6.228227589227248728e-01
7.987987987987987992e+01 7.278713266453682440e-01
8.003003003003003357e+01 8.363039103661211726e-01
8.018018018018018722e+01 8.566179897420000966e-01
8.033033033033032666e+01 7.836346385384720392e-01
8.048048048048048031e+01 6.975864662958970452e-01
8.063063063063063396e+01 6.642216290678906176e-01
8.078078078078078761e+01 6.676529493126939219e-01
8.093093093093092705e+01 6.600936239863161026e-01
8.108108108108108070e+01 6.439436458320949574e-01
8.123123123123123435e+01 6.216261624205818848e-01
8.138138138138138800e+01 5.958873030572824359e-01
8.153153153153152743e+01 5.693205495852529108e-01
8.168168168168168108e+01 5.441750173956706460e-01
8.183183183183183473e+01 6.248665054547131170e-01
8.198198198198198838e+01 7.322366071983370528e-01
8.213213213213212782e+01 8.398160264034045808e-01
8.228228228228228147e+01 8.539338795233886170e-01
8.243243243243243512e+01 7.766737740756016750e-01
8.258258258258258877e+01 6.914860611725404116e-01
8.273273273273272821e+01 6.619501273337825564e-01
8.288288288288288186e+01 6.642641058861959991e-01
8.303303303303303551e+01 6.562135790482442887e-01
8.318318318318318916e+01 6.396464483284828306e-01
8.333333333333332860e+01 6.170829615209516561e-01
8.348348348348348225e+01 5.913401436574938774e-01
8.363363363363363590e+01 5.650004306601729143e-01
8.378378378378378954e+01 5.466398736194516550e-01
8.393393393393392898e+01 6.268350405802709524e-01
8.408408408408408263e+01 7.366559203211988649e-01
8.423423423423423628e+01 8.415617624186887413e-01
8.438438438438438993e+01 8.502287758965048070e-01
8.453453453453452937e+01 7.708994741698107500e-01
8.468468468468468302e+01 6.875175078085624669e-01
8.483483483483483667e+01 6.637706086673216266e-01
8.498498498498499032e+01 6.659357470655182798e-01
8.513513513513512976e+01 6.577908353463098878e-01
8.528528528528528341e+01 6.411803403092060094e-01
8.543543543543543706e+01 6.186578010846880415e-01
8.558558558558559071e+01 5.930272732527919199e-01
8.573573573573573015e+01 5.668127228977603016e-01
8.588588588588588379e+01 5.541056923424103609e-01
8.603603603603603744e+01 6.345656241610507786e-01
8.618618618618619109e+01 7.460097339709216291e-01
8.633633633633633053e+01 8.468121573621453235e-01
8.648648648648648418e+01 8.499752279956487300e-01
8.663663663663663783e+01 7.687193729932527697e-01
8.678678678678679148e+01 6.869366792707233271e-01
8.693693693693694513e+01 6.659090673371335090e-01
8.708708708708708457e+01 6.672909772184186794e-01
8.723723723723723822e+01 6.583254753428986472e-01
8.738738738738739187e+01 6.409513180464547766e-01
8.753753753753754552e+01 6.178170049488633797e-01
8.768768768768768496e+01 5.917509882397025134e-01
8.783783783783783861e+01 5.652562870369217674e-01
8.798798798798799226e+01 5.570112780767330074e-01
8.813813813813814591e+01 6.364911937622943494e-01
8.828828828828828534e+01 7.513622141172633384e-01
8.843843843843843899e+01 8.499000811076184991e-01
8.858858858858859264e+01 8.466383419100097507e-01
8.873873873873874629e+01 7.615842167446456035e-01
8.888888888888888573e+01 6.818066745642826776e-01
8.903903903903903938e+01 6.631172624690296891e-01
8.918918918918919303e+01 6.639091486370591877e-01
8.933933933933934668e+01 6.543517647058068043e-01
8.948948948948948612e+01 6.365333575053604420e-01
8.963963963963963977e+01 6.132059417666664292e-01
8.978978978978979342e+01 5.872060924556514738e-01
8.993993993993994707e+01 5.609901757773583242e-01
9.009009009009008651e+01 5.588746449597754573e-01
9.024024024024024015e+01 6.391229715496469233e-01
9.039039039039039380e+01 7.564397886786109471e-01
9.054054054054054745e+01 8.509997761042461528e-01
9.069069069069068689e+01 8.425692232978903018e-01
9.084084084084084054e+01 7.559178370305442707e-01
9.099099099099099419e+01 6.791213779100098158e-01
9.114114114114114784e+01 6.650322953405035653e-01
9.129129129129128728e+01 6.655681109884363789e-01
9.144144144144144093e+01 6.558313440805764172e-01
9.159159159159159458e+01 6.379809788728239006e-01
9.174174174174174823e+01 6.147552794290781497e-01
9.189189189189188767e+01 5.889104118252810327e-01
9.204204204204204132e+01 5.628341947092490027e-01
9.219219219219219497e+01 5.660373490146946018e-01
9.234234234234234862e+01 6.480607169816582358e-01
9.249249249249248805e+01 7.660549798041709213e-01
9.264264264264264170e+01 8.553508289004584375e-01
9.279279279279279535e+01 8.418461900366687178e-01
9.294294294294294900e+01 7.539127407198364939e-01
9.309309309309308844e+01 6.798381194113316539e-01
9.324324324324324209e+01 6.671168678499033167e-01
9.339339339339339574e+01 6.667319882311645296e-01
9.354354354354354939e+01 6.561269159117908423e-01
9.369369369369368883e+01 6.375697196992961002e-01
9.384384384384384248e+01 6.138134875271766822e-01
9.399399399399399613e+01 5.875857242188300411e-01
9.414414414414414978e+01 5.612596246155758806e-01
9.429429429429428922e+01 5.686859791732137293e-01
9.444444444444444287e+01 6.512930645967475174e-01
9.459459459459459651e+01 7.717809708966714144e-01
9.474474474474475016e+01 8.574003103408227577e-01
9.489489489489488960e+01 8.376081296104967988e-01
9.504504504504504325e+01 7.468745530418252621e-01
9.519519519519519690e+01 6.761459444045432310e-01
9.534534534534535055e+01 6.642336604395707722e-01
9.549549549549548999e+01 6.631521159954435474e-01
9.564564564564564364e+01 6.519762087830398567e-01
9.579579579579579729e+01 6.330805041552182155e-01
9.594594594594595094e+01 6.092272832731864263e-01
9.609609609609609038e+01 5.831185139343381119e-01
9.624624624624624403e+01 5.570963746700758890e-01
9.639639639639639768e+01 5.707364034963910981e-01
9.654654654654655133e+01 6.553796034442107565e-01
9.669669669669670498e+01 7.765152967843154119e-01
9.684684684684684441e+01 8.573960995685494524e-01
9.699699699699699806e+01 8.328092283805617058e-01
9.714714714714715171e+01 7.416296033455713754e-01
9.729729729729730536e+01 6.744502142891557472e-01
9.744744744744744480e+01 6.660423133874180390e-01
9.759759759759759845e+01 6.646638842353407295e-01
9.774774774774775210e+01 6.533897781745301447e-01
9.789789789789790575e+01 6.345659441416213742e-01
9.804804804804804519e+01 6.108593229067010855e-01
9.819819819819819884e+01 5.848986260073338883e-01
9.834834834834835249e+01 5.589920958800600470e-01
9.849849849849850614e+01 5.784222202974944604e-01
9.864864864864864558e+01 6.653842863794026119e-01
9.879879879879879923e+01 7.851763546315855269e-01
9.894894894894895288e+01 8.605284735069835822e-01
9.909909909909910652e+01 8.313259073535257393e-01
9.924924924924924596e+01 7.400198967272674233e-01
9.939939939939939961e+01 6.755012625587656361e-01
9.954954954954955326e+01 6.678550004189254263e-01
9.969969969969970691e+01 6.655727114652337795e-01
9.984984984984984635e+01 6.535429881702949917e-01
1.000000000000000000e+02 6.341049716848501383e-01
1.001501501501501536e+02 6.098963924897131683e-01
1.003003003003003073e+02 5.835514599166523597e-01
1.004504504504504467e+02 5.573921551034789479e-01
1.006006006006006004e+02 5.814615632241879606e-01
1.007507507507507540e+02 6.692157253219748192e-01
1.009009009009009077e+02 7.901517701562275064e-01
1.010510510510510471e+02 8.613636866919911483e-01
1.012012012012012008e+02 8.259973915954859081e-01
1.013513513513513544e+02 7.332506673553105259e-01
1.015015015015015081e+02 6.719738967414278230e-01
1.016516516516516475e+02 6.647194184046277821e-01
1.018018018018018012e+02 6.618133961779428809e-01
1.019519519519519548e+02 6.493378857153080386e-01
1.021021021021021085e+02 6.296333194127539112e-01
1.022522522522522479e+02 6.053416055538644036e-01
1.024024024024024015e+02 5.791171995595290056e-01
1.025525525525525552e+02 5.532658810219124312e-01
1.027027027027027088e+02 5.839255998574204298e-01
1.028528528528528483e+02 6.733701262299838231e-01
1.030030030030030019e+02 7.938303670470667761e-01
1.031531531531531556e+02 8.602593392984221321e-01
1.033033033033033092e+02 8.205113298168457137e-01
1.034534534534534487e+02 7.283094819668014530e-01
1.036036036036036023e+02 6.699075413521341504e-01
1.037537537537537560e+02 6.663532879293851963e-01
1.039039039039039096e+02 6.632985416034240522e-01
1.040540540540540491e+02 6.508412159589753720e-01
1.042042042042042027e+02 6.312263598188639913e-01
1.043543543543543564e+02 6.070451220470233222e-01
1.045045045045045100e+02 5.809343417983426905e-01
1.046546546546546494e+02 5.551736330166469058e-01
1.048048048048048031e+02 5.918529050963624583e-01
1.049549549549549567e+02 6.828500569510587148e-01
1.051051051051051104e+02 8.013569043978967521e-01
1.052552552552552498e+02 8.623931577266512605e-01
1.054054054054054035e+02 8.185637762595655564e-01
1.055555555555555571e+02 7.267678773761040434e-01
1.057057057057057108e+02 6.703572241921305075e-01
1.058558558558558644e+02 6.679698995948469831e-01
1.060060060060060039e+02 6.641461881522343624e-01
1.061561561561561575e+02 6.509917565591232247e-01
1.063063063063063112e+02 6.307386509207904002e-01
1.064564564564564648e+02 6.060211513584300436e-01
1.066066066066066043e+02 5.795195342749926981e-01
1.067567567567567579e+02 5.535159156063863550e-01
1.069069069069069116e+02 5.945264775533031232e-01
1.070570570570570652e+02 6.862121452051830328e-01
1.072072072072072046e+02 8.059115543364141487e-01
1.073573573573573583e+02 8.622270600533650242e-01
1.075075075075075119e+02 8.125709220979934200e-01
1.076576576576576656e+02 7.198969558672820845e-01
1.078078078078078050e+02 6.666123493986066961e-01
1.079579579579579587e+02 6.647256799439195118e-01
1.081081081081081123e+02 6.603984291420910147e-01
1.082582582582582660e+02 6.468194800274882361e-01
1.084084084084084054e+02 6.262657368785979894e-01
1.085585585585585591e+02 6.014511635760428909e-01
1.087087087087087127e+02 5.750877388738945273e-01
1.088588588588588664e+02 5.494161188747377356e-01
1.090090090090090058e+02 5.964431292174916521e-01
1.091591591591591595e+02 6.899336419012955801e-01
1.093093093093093131e+02 8.091837092088917105e-01
1.094594594594594668e+02 8.603508706741527234e-01
1.096096096096096062e+02 8.069649156433911230e-01
1.097597597597597598e+02 7.149129310101343115e-01
1.099099099099099135e+02 6.645630696845878926e-01
1.100600600600600671e+02 6.663927296904855746e-01
1.102102102102102066e+02 6.619853676671521026e-01
1.103603603603603602e+02 6.483785247761844062e-01
1.105105105105105139e+02 6.278464710427842377e-01
1.106606606606606675e+02 6.031164737646523832e-01
1.108108108108108070e+02 5.768697750799691715e-01
1.109609609609609606e+02 5.512973099957427792e-01
1.111111111111111143e+02 6.036890521713764723e-01
1.112612612612612679e+02 6.990914154803213876e-01
1.114114114114114074e+02 8.163839953858416099e-01
1.115615615615615610e+02 8.618322704657612743e-01
1.117117117117117147e+02 8.049917576313875278e-01
1.118618618618618683e+02 7.133316319092541935e-01
1.120120120120120077e+02 6.654361830732824501e-01
1.121621621621621614e+02 6.680105643841983687e-01
1.123123123123123150e+02 6.628260442970841382e-01
1.124624624624624687e+02 6.484447493820821862e-01
1.126126126126126081e+02 6.272315553289432577e-01
1.127627627627627618e+02 6.019834836691956292e-01
1.129129129129129154e+02 5.753871524090399259e-01
1.130630630630630691e+02 5.496130547569981761e-01
1.132132132132132085e+02 6.054030756571829874e-01
1.133633633633633622e+02 7.029915731445417482e-01
1.135135135135135158e+02 8.210892213566922671e-01
1.136636636636636695e+02 8.608591019290297019e-01
1.138138138138138089e+02 7.986817422864805893e-01
1.139639639639639626e+02 7.066155011066225233e-01
1.141141141141141162e+02 6.628388008547807519e-01
1.142642642642642699e+02 6.648274026508402823e-01
1.144144144144144093e+02 6.590813942051131358e-01
1.145645645645645629e+02 6.442009342937162764e-01
1.147147147147147166e+02 6.226830218463768052e-01
1.148648648648648702e+02 5.973907771680120327e-01
1.150150150150150097e+02 5.709899825960618180e-01
1.151651651651651633e+02 5.455911184743901243e-01
1.153153153153153170e+02 6.068769019735522630e-01
1.154654654654654706e+02 7.075235985920671489e-01
1.156156156156156243e+02 8.242319145737508901e-01
1.157657657657657637e+02 8.584469462613874002e-01
1.159159159159159174e+02 7.930716215306998773e-01
1.160660660660660710e+02 7.021892238002755970e-01
1.162162162162162247e+02 6.621596515944431216e-01
1.163663663663663641e+02 6.665942577235455246e-01
1.165165165165165178e+02 6.606623118614955992e-01
1.166666666666666714e+02 6.456844243102155545e-01
1.168168168168168251e+02 6.242005550904838884e-01
1.169669669669669645e+02 5.990353957494113368e-01
1.171171171171171181e+02 5.727781267318178271e-01
1.172672672672672718e+02 5.474909933565047515e-01
1.174174174174174254e+02 6.142442265194849593e-01
1.175675675675675649e+02 7.175094526763121650e-01
1.177177177177177185e+02 8.309768719969483630e-01
1.178678678678678722e+02 8.593417368778476506e-01
1.180180180180180258e+02 7.910078790830029627e-01
1.181681681681681653e+02 7.013936944983811816e-01
1.183183183183183189e+02 6.643657111140792715e-01
1.184684684684684726e+02 6.681233744212957681e-01
1.186186186186186262e+02 6.612973275065185952e-01
1.187687687687687657e+02 6.455209695900205880e-01
1.189189189189189193e+02 6.234153248597129604e-01
1.190690690690690730e+02 5.978025736748133756e-01
1.192192192192192266e+02 5.712451286031758890e-01
1.193693693693693660e+02 5.457923647443359005e-01
1.195195195195195197e+02 6.162193151025550097e-01
1.196696696696696733e+02 7.226863404071371955e-01
1.198198198198198270e+02 8.351908676885089200e-01
1.199699699699699664e+02 8.574751787504311107e-01
1.201201201201201201e+02 7.842827510794221357e-01
1.202702702702702737e+02 6.957890984104715404e-01
1.204204204204204274e+02 6.632221824399999743e-01
1.205705705705705668e+02 6.648385499259975573e-01
1.207207207207207205e+02 6.573720887439833405e-01
1.208708708708708741e+02 6.411357131336108406e-01
1.210210210210210278e+02 6.188249623036792268e-01
1.211711711711711672e+02 5.932510348776405262e-01
1.213213213213213209e+02 5.669383665220002477e-01
1.214714714714714745e+02 5.418864860258325589e-01
1.216216216216216282e+02 6.187319028558097012e-01
1.217717717717717676e+02 7.280229336716724786e-01
1.219219219219219212e+02 8.374530475785681993e-01
1.220720720720720749e+02 8.543220405792382177e-01
1.222222222222222285e+02 7.785394702516469367e-01
1.223723723723723680e+02 6.925949483526507855e-01
1.225225225225225216e+02 6.635174303597723977e-01
1.226726726726726753e+02 6.664997556087166597e-01
1.228228228228228289e+02 6.588292663537722582e-01
1.229729729729729684e+02 6.425771525680509244e-01
1.231231231231231220e+02 6.203849676195293261e-01
1.232732732732732757e+02 5.949701143950778537e-01
1.234234234234234293e+02 5.687966825904704482e-01
1.235735735735735688e+02 5.467940333818223086e-01
1.237237237237237224e+02 6.275065620170103831e-01
1.238738738738738761e+02 7.381731993364774036e-01
1.240240240240240297e+02 8.429875077971049624e-01
1.241741741741741691e+02 8.543594608880176189e-01
1.243243243243243228e+02 7.763886179350679706e-01
1.244744744744744764e+02 6.927550976663217064e-01
1.246246246246246301e+02 6.657554469456300472e-01
1.247747747747747695e+02 6.677867289186931732e-01
1.249249249249249232e+02 6.592625786251420372e-01
1.250750750750750768e+02 6.423221909791901885e-01
1.252252252252252305e+02 6.195877406537521059e-01
1.253753753753753841e+02 5.937522873684479841e-01
1.255255255255255236e+02 5.672836756497674493e-01
1.256756756756756772e+02 5.501466870642177653e-01
1.258258258258258309e+02 6.305774958762460081e-01
1.259759759759759845e+02 7.435067359140159482e-01
1.261261261261261239e+02 8.460748932605918204e-01
1.262762762762762776e+02 8.513016878855016456e-01
1.264264264264264312e+02 7.693823299091302470e-01
1.265765765765765849e+02 6.879913401685798791e-01
1.267267267267267243e+02 6.629514892383694402e-01
1.268768768768768780e+02 6.642751445540348021e-01
1.270270270270270316e+02 6.551937233078848344e-01
1.271771771771771853e+02 6.379048770825875847e-01
1.273273273273273247e+02 6.150240150575013720e-01
1.274774774774774784e+02 5.892422672344507228e-01
1.276276276276276320e+02 5.630223085999953581e-01
1.277777777777777857e+02 5.526542716136804145e-01
1.279279279279279251e+02 6.340219162834956901e-01
1.280780780780780788e+02 7.482831009331082361e-01
1.282282282282282324e+02 8.471304161193651261e-01
1.283783783783783861e+02 8.471392967362703086e-01
1.285285285285285397e+02 7.636892736803034820e-01
1.286786786786786934e+02 6.851270698198996811e-01
1.288288288288288186e+02 6.647355884000245574e-01
1.289789789789789722e+02 6.657748786876555025e-01
1.291291291291291259e+02 6.566246566532831785e-01
1.292792792792792795e+02 6.394091453195658303e-01
1.294294294294294332e+02 6.166519750480201623e-01
1.295795795795795868e+02 5.909984161871381092e-01
1.297297297297297405e+02 5.648882890424523628e-01
1.298798798798798941e+02 5.604996639454250529e-01
1.300300300300300194e+02 6.432304947344370527e-01
1.301801801801801730e+02 7.573529998795027751e-01
1.303303303303303267e+02 8.514578260769556373e-01
1.304804804804804803e+02 8.462631826020534653e-01
1.306306306306306340e+02 7.616166289172385806e-01
1.307807807807807876e+02 6.850987841299903680e-01
1.309309309309309413e+02 6.666904308602434881e-01
1.310810810810810949e+02 6.668804051462351445e-01
1.312312312312312201e+02 6.570021207806052699e-01
1.313813813813813738e+02 6.391464421017071240e-01
1.315315315315315274e+02 6.158317649818156880e-01
1.316816816816816811e+02 5.897399092097510565e-01
1.318318318318318347e+02 5.633335810483715012e-01
1.319819819819819884e+02 5.638733813758551872e-01
1.321321321321321420e+02 6.461170792213266623e-01
1.322822822822822957e+02 7.621244579468218205e-01
1.324324324324324209e+02 8.536158412228151970e-01
1.325825825825825746e+02 8.420709657676344051e-01
1.327327327327327282e+02 7.545114243311447089e-01
1.328828828828828819e+02 6.801318145936086079e-01
1.330330330330330355e+02 6.636635955096329420e-01
1.331831831831831892e+02 6.632821885842424825e-01
1.333333333333333428e+02 6.529524893014685416e-01
1.334834834834834965e+02 6.347652398599337165e-01
1.336336336336336217e+02 6.112839650704724459e-01
1.337837837837837753e+02 5.852432442744057717e-01
1.339339339339339290e+02 5.590984012474446985e-01
1.340840840840840826e+02 5.662545461768808686e-01
1.342342342342342363e+02 6.491280617062302749e-01
1.343843843843843899e+02 7.662375470637675656e-01
1.345345345345345436e+02 8.538512165591418679e-01
1.346846846846846972e+02 8.372612064915270214e-01
1.348348348348348509e+02 7.489311399524174462e-01
1.349849849849849761e+02 6.769305417303046468e-01
1.351351351351351298e+02 6.653505939143574688e-01
1.352852852852852834e+02 6.648400526802897836e-01
1.354354354354354371e+02 6.544929860307482361e-01
1.355855855855855907e+02 6.363349296142352118e-01
1.357357357357357444e+02 6.129236184064799087e-01
1.358858858858858980e+02 5.869884685810602409e-01
1.360360360360360517e+02 5.609467969892688588e-01
1.361861861861861769e+02 5.737657011934220730e-01
1.363363363363363305e+02 6.576798359811111272e-01
1.364864864864864842e+02 7.747062628737806378e-01
1.366366366366366378e+02 8.574623957751623671e-01
1.367867867867867915e+02 8.359777955358559387e-01
1.369369369369369451e+02 7.468745405824286365e-01
1.370870870870870988e+02 6.766777170460194224e-01
1.372372372372372524e+02 6.672085726005088091e-01
1.373873873873873777e+02 6.659444214640047877e-01
1.375375375375375313e+02 6.548506210664810645e-01
1.376876876876876850e+02 6.359867957973825980e-01
1.378378378378378386e+02 6.119900813974907816e-01
1.379879879879879923e+02 5.856337885654790965e-01
1.381381381381381459e+02 5.593276456498240679e-01
1.382882882882882996e+02 5.763930244220607513e-01
1.384384384384384532e+02 6.600853514393472121e-01
1.385885885885885784e+02 7.797729986165755633e-01
1.387387387387387321e+02 8.589729640986749626e-01
1.388888888888888857e+02 8.311640503034425365e-01
1.390390390390390394e+02 7.396245158264769248e-01
1.391891891891891930e+02 6.720644257860390880e-01
1.393393393393393467e+02 6.641761751363250976e-01
1.394894894894895003e+02 6.623851510384064500e-01
1.396396396396396540e+02 6.507856458820919787e-01
1.397897897897897792e+02 6.315376445804714578e-01
1.399399399399399329e+02 6.073842172136456607e-01
1.400900900900900865e+02 5.811261327708837632e-01
1.402402402402402402e+02 5.551276543258403251e-01
1.403903903903903938e+02 5.780266892687788705e-01
1.405405405405405475e+02 6.631407286336443718e-01
1.406906906906907011e+02 7.840874570680880229e-01
1.408408408408408548e+02 8.586094223771802980e-01
1.409909909909909800e+02 8.262111582821394240e-01
1.411411411411411336e+02 7.341550828375320581e-01
1.412912912912912873e+02 6.696427224111727305e-01
1.414414414414414409e+02 6.659778481400222550e-01
1.415915915915915946e+02 6.640367591491379562e-01
1.417417417417417482e+02 6.523302729966102831e-01
1.418918918918919019e+02 6.330649024819267057e-01
1.420420420420420555e+02 6.089973400659792757e-01
1.421921921921921808e+02 5.828747232394534405e-01
1.423423423423423344e+02 5.569981311658379619e-01
1.424924924924924881e+02 5.849546582859292965e-01
1.426426426426426417e+02 6.721717221622267591e-01
1.427927927927927954e+02 7.926500032745127378e-01
1.429429429429429490e+02 8.615687610740743185e-01
1.430930930930931027e+02 8.247996848636731659e-01
1.432432432432432563e+02 7.323069199025780129e-01
1.433933933933933815e+02 6.705025590557250892e-01
1.435435435435435352e+02 6.678478143453221438e-01
1.436936936936936888e+02 6.650596704731385200e-01
1.438438438438438425e+02 6.525158874014714838e-01
1.439939939939939961e+02 6.325407966485883104e-01
1.441441441441441498e+02 6.079433602281707483e-01
1.442942942942943034e+02 5.814563819714184678e-01
1.444444444444444571e+02 5.553584050179647402e-01
1.445945945945946107e+02 5.869193318270308213e-01
1.447447447447447360e+02 6.756489443839475140e-01
1.448948948948948896e+02 7.981544011933389138e-01
1.450450450450450433e+02 8.622452143320857854e-01
1.451951951951951969e+02 8.194596028394612874e-01
1.453453453453453506e+02 7.253403409922950518e-01
1.454954954954955042e+02 6.674923495025408826e-01
1.456456456456456579e+02 6.648381575088091466e-01
1.457957957957958115e+02 6.614055472213954401e-01
1.459459459459459367e+02 6.483016789943418789e-01
1.460960960960960904e+02 6.279892749168203281e-01
1.462462462462462440e+02 6.033196969611118732e-01
1.463963963963963977e+02 5.769964204800540619e-01
1.465465465465465513e+02 5.512468379010369013e-01
1.466966966966967050e+02 5.884758815950236199e-01
1.468468468468468586e+02 6.800616815497271261e-01
1.469969969969970123e+02 8.023408579509974103e-01
1.471471471471471375e+02 8.610992135351084320e-01
1.472972972972972912e+02 8.141998518525858097e-01
1.474474474474474448e+02 7.205321038515413168e-01
1.475975975975975985e+02 6.665472218744995514e-01
1.477477477477477521e+02 6.666426353299348406e-01
1.478978978978979058e+02 6.629511579639999486e-01
1.480480480480480594e+02 6.497338969518543506e-01
1.481981981981982130e+02 6.294738693879723401e-01
1.483483483483483383e+02 6.049510595928861978e-01
1.484984984984984919e+02 5.787842347292053713e-01
1.486486486486486456e+02 5.531555161208653315e-01
1.487987987987987992e+02 5.958947337306454983e-01
1.489489489489489529e+02 6.902866505774549744e-01
1.490990990990991065e+02 8.102200428792090126e-01
1.492492492492492602e+02 8.631150177407126423e-01
1.493993993993994138e+02 8.123845826733733233e-01
1.495495495495495391e+02 7.194330832225461769e-01
1.496996996996996927e+02 6.684487910747682893e-01
1.498498498498498464e+02 6.683399610803175683e-01
1.500000000000000000e+02 6.637320147425247452e-01
