-4.000000000000000000e+00 4.574322469370053351e-02
-3.500000000000000000e+00 6.698095247632414317e-02
-3.000000000000000000e+00 1.033840417451366567e-01
-2.500000000000000000e+00 1.649701991031549131e-01
-2.000000000000000000e+00 2.648707847522565051e-01
-1.500000000000000000e+00 4.088285268484675994e-01
-1.000000000000000000e+00 5.760583440650768328e-01
-5.000000000000000000e-01 7.198508878539103817e-01
0.000000000000000000e+00 8.120662869750746582e-01
5.000000000000000000e-01 8.594563592699634436e-01
1.000000000000000000e+00 8.801311156475658537e-01
1.500000000000000000e+00 8.873227396118716914e-01
2.000000000000000000e+00 8.881900145727954499e-01
2.500000000000000000e+00 8.862209802702600836e-01
